500
6657
2
1	34	6	-100
1	37	5	-100
1	212	6	-100
1	332	5	6
1	377	7	-100
1	385	4	6
2	61	5	6
2	62	4	7
2	81	5	6
2	96	5	6
2	113	4	6
2	142	4	7
2	148	4	7
2	191	4	-100
2	209	7	-100
2	276	5	6
2	336	4	-100
2	382	7	-100
2	410	5	6
2	425	7	-100
2	441	6	-100
2	448	6	-100
2	465	7	-100
6	29	4	7
6	32	6	-100
6	42	4	6
6	45	5	7
6	58	6	-100
6	65	6	-100
6	66	5	6
6	97	4	7
6	105	4	6
6	126	6	-100
6	127	7	-100
6	200	4	-100
6	207	5	-100
6	209	4	-100
6	238	5	7
6	272	5	-100
6	282	5	6
6	285	4	6
6	291	5	-100
6	364	5	-100
6	378	4	6
6	382	5	-100
6	420	5	-100
6	425	4	6
6	428	4	7
6	447	5	7
6	450	4	-100
6	459	5	7
6	490	5	-100
6	495	4	-100
7	6	4	6
7	32	4	-100
7	77	5	7
7	126	7	-100
7	207	7	-100
7	232	5	7
7	233	4	7
7	256	5	-100
7	265	7	-100
7	272	6	-100
7	300	6	-100
7	371	4	7
10	65	4	6
10	69	6	-100
10	90	7	-100
10	96	5	6
10	99	7	-100
10	107	5	7
10	155	6	-100
10	186	5	-100
10	189	4	7
10	223	5	6
10	233	4	-100
10	279	4	6
10	289	4	7
10	290	5	7
10	308	4	7
10	320	4	7
10	321	6	-100
10	359	7	-100
10	386	4	-100
10	420	5	6
10	427	4	6
10	448	4	-100
10	476	4	6
12	47	4	-100
12	58	5	-100
12	60	7	-100
12	85	5	6
12	86	4	6
12	142	4	-100
12	211	4	6
12	267	4	7
12	276	5	7
12	332	5	-100
12	382	4	7
12	428	4	-100
12	455	4	6
12	476	4	6
12	485	4	7
12	490	5	7
13	10	5	7
13	12	4	-100
13	16	4	-100
13	29	5	7
13	69	4	7
13	86	5	7
13	90	4	7
13	110	5	-100
13	139	6	-100
13	152	4	7
13	158	5	-100
13	175	6	-100
13	238	6	-100
13	300	4	7
13	419	4	6
13	474	7	-100
13	492	5	7
16	35	5	6
16	36	4	6
16	104	4	7
16	109	5	6
16	110	4	6
16	111	7	-100
16	124	7	-100
16	131	4	-100
16	168	4	6
16	172	4	-100
16	175	4	-100
16	214	5	7
16	226	4	-100
16	235	4	-100
16	237	5	7
16	241	5	7
16	256	5	6
16	278	5	7
16	287	6	-100
16	330	4	6
16	335	5	7
16	391	5	-100
16	397	4	7
16	426	5	7
16	427	4	-100
16	465	4	7
16	482	7	-100
18	27	5	-100
18	203	4	6
18	226	5	7
18	285	5	7
18	377	4	6
18	496	7	-100
23	6	4	-100
23	16	4	7
23	38	7	-100
23	73	5	7
23	84	7	-100
23	132	7	-100
23	184	7	-100
23	256	5	-100
23	267	5	6
23	335	4	7
23	359	5	7
23	394	5	7
27	6	5	7
27	35	5	-100
27	50	5	6
27	84	4	7
27	148	5	7
27	156	5	6
27	234	4	-100
27	280	5	6
27	287	5	6
27	290	4	7
27	307	5	6
27	321	4	6
27	372	5	6
27	395	5	7
27	401	4	6
27	426	5	7
27	427	4	7
27	428	5	-100
27	490	4	-100
27	493	7	-100
29	48	5	7
29	92	5	-100
29	99	7	-100
29	104	4	7
29	136	5	-100
29	152	4	6
29	158	4	6
29	234	4	-100
29	246	5	-100
29	392	4	6
29	399	5	7
29	425	5	6
29	447	4	6
29	448	4	6
29	461	6	-100
29	483	5	7
29	486	7	-100
29	494	5	6
29	498	7	-100
31	13	6	-100
31	23	5	6
31	38	5	6
31	45	4	-100
31	48	4	7
31	58	4	7
31	66	4	7
31	96	5	-100
31	110	7	-100
31	113	7	-100
31	153	4	-100
31	168	5	6
31	185	5	7
31	205	4	7
31	226	5	7
31	228	4	7
31	239	5	6
31	272	4	7
31	320	5	-100
31	326	5	6
31	364	4	7
31	382	4	7
31	425	5	-100
31	451	4	-100
31	474	5	6
32	16	4	6
32	36	5	-100
32	53	4	7
32	58	4	7
32	80	5	7
32	104	4	7
32	105	4	7
32	110	7	-100
32	124	4	6
32	127	5	7
32	132	4	7
32	134	4	7
32	142	4	-100
32	153	5	-100
32	172	4	-100
32	173	4	7
32	175	5	6
32	189	4	6
32	238	5	6
32	246	5	6
32	256	5	7
32	259	4	6
32	267	4	-100
32	272	5	7
32	287	6	-100
32	289	5	7
32	326	5	-100
32	329	5	-100
32	335	4	6
32	361	5	-100
32	367	5	7
32	391	4	7
32	419	5	7
32	437	5	7
32	439	5	7
32	450	4	6
32	451	6	-100
32	474	5	-100
32	496	5	6
33	13	4	-100
33	29	5	-100
33	31	5	7
33	36	4	6
33	47	4	7
33	48	5	-100
33	49	5	6
33	65	5	7
33	66	5	-100
33	85	6	-100
33	90	5	6
33	98	4	6
33	99	6	-100
33	109	4	7
33	113	5	6
33	119	5	6
33	124	5	6
33	127	4	6
33	128	4	7
33	131	4	6
33	142	4	6
33	153	4	6
33	155	4	-100
33	174	5	7
33	177	7	-100
33	191	4	7
33	200	7	-100
33	211	4	-100
33	215	4	7
33	217	4	7
33	223	5	6
33	225	5	-100
33	226	5	-100
33	234	4	7
33	243	5	-100
33	250	4	7
33	256	5	6
33	265	5	-100
33	295	5	-100
33	303	4	-100
33	308	5	6
33	330	7	-100
33	361	6	-100
33	364	7	-100
33	367	6	-100
33	397	4	7
33	419	4	-100
33	424	7	-100
33	425	5	7
33	441	6	-100
33	450	7	-100
33	474	5	6
34	33	4	6
34	60	5	7
34	83	4	-100
34	116	4	6
34	119	6	-100
34	127	4	6
34	148	7	-100
34	172	5	6
34	175	4	7
34	191	4	6
34	201	4	7
34	205	4	7
34	235	5	6
34	254	5	7
34	272	5	7
34	280	7	-100
34	367	5	7
34	369	4	6
34	372	6	-100
34	381	7	-100
34	409	5	7
34	426	6	-100
34	428	5	7
34	450	4	7
34	451	5	7
34	483	4	7
34	484	5	-100
35	49	4	-100
35	50	5	7
35	61	5	6
35	66	5	7
35	69	5	7
35	111	6	-100
35	141	4	-100
35	142	7	-100
35	148	4	6
35	200	5	7
35	211	5	7
35	223	6	-100
35	232	4	6
35	234	5	7
35	266	7	-100
35	280	4	7
35	287	7	-100
35	289	7	-100
35	392	5	7
35	428	6	-100
35	443	7	-100
35	450	4	6
35	499	5	7
36	6	5	-100
36	29	4	-100
36	43	6	-100
36	49	5	7
36	50	4	6
36	69	7	-100
36	81	5	7
36	84	4	7
36	85	5	-100
36	99	6	-100
36	104	4	7
36	107	4	-100
36	120	5	7
36	124	5	7
36	127	7	-100
36	155	4	6
36	156	7	-100
36	201	5	6
36	210	4	-100
36	246	4	6
36	265	5	6
36	267	4	-100
36	299	4	7
36	335	6	-100
36	336	4	7
36	337	5	-100
36	361	7	-100
36	367	4	-100
36	376	7	-100
36	378	4	6
36	394	5	7
36	471	5	7
37	53	4	7
37	66	4	7
37	98	5	-100
37	132	6	-100
37	139	5	6
37	152	5	6
37	172	4	6
37	229	5	7
37	360	4	-100
37	371	5	7
37	372	5	-100
37	390	6	-100
37	420	4	7
37	425	6	-100
37	443	5	7
37	448	5	7
37	461	5	6
38	6	5	6
38	29	4	6
38	34	5	7
38	47	5	6
38	65	5	7
38	66	7	-100
38	69	5	-100
38	80	4	7
38	83	5	7
38	84	6	-100
38	85	4	6
38	153	4	-100
38	185	4	7
38	200	4	-100
38	203	5	7
38	211	4	7
38	229	5	6
38	243	7	-100
38	280	4	7
38	287	5	6
38	303	4	6
38	347	4	6
38	364	4	7
38	385	4	6
38	391	4	-100
38	397	7	-100
38	467	4	7
38	474	4	6
38	482	5	-100
40	34	5	-100
40	35	5	6
40	47	5	-100
40	49	5	7
40	69	5	-100
40	111	4	-100
40	148	5	7
40	276	5	7
40	278	4	6
40	279	4	7
40	291	4	7
40	330	5	-100
40	332	4	6
40	335	4	-100
40	394	5	7
40	403	4	6
40	419	4	7
40	425	5	6
40	476	4	7
40	490	6	-100
42	7	5	6
42	12	4	6
42	13	7	-100
42	32	4	6
42	65	6	-100
42	80	4	7
42	83	5	6
42	129	6	-100
42	141	5	7
42	189	7	-100
42	207	6	-100
42	214	5	7
42	243	4	-100
42	266	5	-100
42	280	4	6
42	295	5	-100
42	364	4	7
42	382	4	7
42	419	4	6
42	425	6	-100
42	459	5	7
42	484	5	6
42	495	6	-100
43	27	7	-100
43	35	7	-100
43	65	4	6
43	69	4	6
43	74	4	7
43	80	7	-100
43	84	4	6
43	111	6	-100
43	127	7	-100
43	128	5	6
43	155	4	6
43	156	7	-100
43	172	5	6
43	190	4	6
43	205	4	6
43	212	5	-100
43	250	4	6
43	282	5	7
43	287	5	7
43	295	5	6
43	309	7	-100
43	321	7	-100
43	330	5	6
43	367	5	6
43	391	4	6
43	432	5	7
43	437	5	6
45	12	5	6
45	33	4	-100
45	35	7	-100
45	38	5	6
45	49	4	6
45	50	5	7
45	58	4	7
45	66	7	-100
45	81	4	7
45	83	5	-100
45	85	5	6
45	86	5	7
45	105	7	-100
45	124	4	7
45	131	5	7
45	152	4	7
45	183	4	6
45	200	5	6
45	207	5	7
45	209	5	6
45	211	5	6
45	226	7	-100
45	229	4	7
45	238	4	7
45	239	5	7
45	250	4	6
45	254	7	-100
45	256	4	7
45	265	4	7
45	276	5	6
45	297	4	6
45	300	5	-100
45	303	5	-100
45	325	5	-100
45	376	4	7
45	381	7	-100
45	383	5	-100
45	397	5	-100
45	441	7	-100
45	450	5	7
45	465	5	7
45	485	6	-100
47	2	4	-100
47	6	4	7
47	29	6	-100
47	31	6	-100
47	32	5	-100
47	58	5	7
47	73	5	-100
47	85	5	7
47	98	4	-100
47	99	5	7
47	127	4	6
47	200	4	6
47	209	4	6
47	225	4	7
47	233	4	-100
47	265	5	6
47	271	5	-100
47	296	5	6
47	300	4	7
47	303	4	-100
47	337	5	7
47	381	5	7
47	401	5	-100
47	410	5	-100
47	414	6	-100
47	450	4	6
47	467	4	7
48	13	5	-100
48	42	4	6
48	97	5	7
48	105	5	6
48	126	5	6
48	172	4	6
48	256	4	7
48	265	5	6
48	276	5	6
48	383	4	-100
48	424	6	-100
48	425	4	6
48	431	4	6
48	486	4	7
48	494	5	6
49	34	5	-100
49	50	4	7
49	66	4	7
49	85	5	-100
49	94	4	7
49	109	4	7
49	119	5	7
49	120	5	7
49	127	4	6
49	153	4	7
49	155	5	7
49	156	4	7
49	157	4	6
49	183	5	-100
49	191	4	6
49	205	5	-100
49	225	5	6
49	226	6	-100
49	235	5	6
49	250	4	6
49	261	6	-100
49	266	5	6
49	278	4	-100
49	279	4	-100
49	280	5	6
49	287	7	-100
49	289	4	7
49	332	4	7
49	347	5	7
49	361	4	-100
49	391	7	-100
49	397	7	-100
49	426	6	-100
49	427	4	6
49	443	5	-100
49	451	4	7
49	474	6	-100
50	38	5	6
50	60	5	6
50	81	5	6
50	97	4	6
50	100	6	-100
50	109	5	-100
50	110	4	-100
50	113	4	6
50	119	4	-100
50	124	4	-100
50	127	5	-100
50	129	4	-100
50	131	6	-100
50	142	4	-100
50	156	6	-100
50	185	4	7
50	200	6	-100
50	209	4	6
50	229	7	-100
50	235	4	-100
50	265	4	6
50	272	4	6
50	295	6	-100
50	311	5	6
50	321	5	7
50	361	4	-100
50	372	4	7
50	377	6	-100
50	397	5	7
50	401	4	-100
50	432	7	-100
50	443	4	7
50	451	4	7
50	496	7	-100
53	33	4	7
53	34	5	7
53	35	7	-100
53	47	5	7
53	50	5	6
53	77	6	-100
53	81	6	-100
53	86	5	6
53	97	6	-100
53	124	4	7
53	127	5	6
53	128	4	-100
53	132	5	7
53	152	4	-100
53	155	4	7
53	209	5	7
53	222	4	7
53	226	6	-100
53	232	5	7
53	239	5	6
53	265	5	6
53	299	4	7
53	300	5	-100
53	325	4	-100
53	424	5	7
53	425	4	7
53	437	5	6
53	439	5	-100
53	441	4	7
53	443	7	-100
53	448	5	-100
53	450	4	-100
53	465	4	-100
53	482	5	6
53	484	5	7
53	493	4	-100
53	498	4	7
58	10	5	7
58	16	7	-100
58	33	6	-100
58	38	4	7
58	50	7	-100
58	53	5	6
58	65	4	6
58	66	4	7
58	77	4	6
58	80	7	-100
58	85	4	-100
58	109	5	-100
58	110	5	6
58	120	5	7
58	127	7	-100
58	153	4	7
58	172	5	6
58	174	5	6
58	207	5	7
58	211	6	-100
58	232	4	7
58	300	5	6
58	330	4	7
58	364	7	-100
58	372	5	-100
58	386	7	-100
58	414	5	7
58	428	4	7
58	465	4	6
58	476	4	6
58	485	7	-100
59	16	4	-100
59	74	5	7
59	86	7	-100
59	128	5	7
59	142	7	-100
59	173	5	7
59	175	4	-100
59	246	7	-100
59	256	4	-100
59	259	4	7
59	285	5	-100
59	320	5	7
59	373	4	6
59	392	5	-100
59	410	5	7
59	451	5	6
60	23	4	6
60	93	5	7
60	129	5	7
60	157	5	-100
60	222	5	7
60	266	4	6
60	297	7	-100
60	336	5	-100
60	435	6	-100
60	470	5	6
60	492	4	-100
61	6	4	7
61	66	4	7
61	69	5	6
61	77	4	-100
61	90	4	7
61	97	4	7
61	113	4	7
61	127	5	7
61	132	4	-100
61	152	6	-100
61	153	7	-100
61	207	4	6
61	228	5	7
61	229	4	-100
61	232	4	6
61	250	5	7
61	256	4	6
61	295	5	6
61	364	5	7
61	367	4	6
61	381	5	7
61	401	6	-100
61	403	4	6
61	419	5	7
61	428	5	7
61	437	5	6
61	441	5	7
61	448	5	7
61	450	7	-100
61	461	6	-100
61	483	5	-100
62	31	5	6
62	37	4	6
62	100	5	-100
62	105	5	7
62	109	4	6
62	212	5	6
62	228	5	7
62	233	4	7
62	266	5	6
62	295	4	6
62	307	5	6
62	308	5	-100
62	311	6	-100
62	381	6	-100
62	386	6	-100
62	410	4	7
62	451	5	7
62	483	5	6
65	45	5	7
65	81	4	7
65	83	4	6
65	100	4	-100
65	139	4	-100
65	209	5	7
65	217	5	6
65	233	5	7
65	256	7	-100
65	275	5	-100
65	364	7	-100
65	420	4	-100
65	424	6	-100
65	439	6	-100
65	443	5	7
65	447	5	6
65	451	5	7
65	471	5	6
65	474	4	-100
65	496	7	-100
66	18	6	-100
66	50	5	6
66	69	4	6
66	71	5	6
66	73	5	7
66	79	4	6
66	80	5	7
66	84	4	6
66	86	4	7
66	104	4	7
66	113	5	6
66	129	5	-100
66	134	7	-100
66	155	7	-100
66	157	4	6
66	174	5	7
66	177	4	6
66	200	4	-100
66	205	4	7
66	211	4	6
66	215	6	-100
66	222	4	-100
66	229	5	7
66	234	6	-100
66	235	5	-100
66	276	4	7
66	307	5	-100
66	329	4	6
66	330	4	6
66	332	5	-100
66	337	4	7
66	342	5	7
66	361	5	7
66	364	5	-100
66	369	5	6
66	386	5	7
66	391	5	6
66	401	5	-100
66	419	5	6
66	450	4	6
66	451	5	-100
66	467	5	7
66	498	5	6
69	7	5	7
69	16	7	-100
69	33	4	6
69	49	5	7
69	65	4	7
69	81	5	-100
69	85	5	-100
69	97	4	6
69	99	5	7
69	120	4	-100
69	127	4	7
69	131	7	-100
69	136	5	-100
69	142	4	6
69	152	7	-100
69	153	4	6
69	155	4	6
69	200	7	-100
69	211	5	6
69	243	7	-100
69	246	7	-100
69	275	6	-100
69	287	5	7
69	329	4	-100
69	336	4	7
69	364	4	7
69	367	5	-100
69	391	6	-100
69	395	5	-100
69	403	4	7
69	435	7	-100
69	447	5	7
69	471	5	6
69	486	5	-100
71	7	5	6
71	16	4	6
71	53	4	-100
71	60	4	7
71	62	5	6
71	89	7	-100
71	94	6	-100
71	100	4	-100
71	119	4	7
71	134	5	6
71	203	4	7
71	217	4	6
71	241	4	-100
71	300	4	-100
71	390	4	-100
72	65	4	7
72	71	5	6
72	83	5	-100
72	139	4	-100
72	254	5	-100
72	275	5	7
72	320	5	6
72	410	4	-100
72	495	5	7
73	2	5	7
73	58	5	7
73	61	4	6
73	84	5	6
73	92	5	7
73	113	4	-100
73	152	7	-100
73	158	4	6
73	205	5	-100
73	211	7	-100
73	223	6	-100
73	229	4	7
73	239	5	6
73	282	5	-100
73	290	5	7
73	297	6	-100
73	303	4	6
73	376	5	-100
74	31	5	-100
74	90	5	7
74	100	5	7
74	124	5	-100
74	136	4	7
74	139	4	6
74	142	6	-100
74	152	6	-100
74	155	7	-100
74	157	4	7
74	175	4	6
74	186	5	-100
74	211	5	-100
74	243	6	-100
74	271	5	-100
74	289	6	-100
74	309	4	7
74	360	4	6
74	392	4	6
74	414	6	-100
74	437	5	7
74	482	6	-100
77	45	7	-100
77	47	5	7
77	127	6	-100
77	132	4	-100
77	183	5	-100
77	200	4	6
77	211	7	-100
77	225	4	7
77	239	4	-100
77	383	5	-100
77	433	4	-100
77	455	4	6
79	29	5	6
79	36	4	6
79	69	7	-100
79	233	4	6
79	267	5	7
79	308	6	-100
79	401	5	7
79	403	5	6
79	447	5	7
79	471	5	6
79	484	5	6
80	7	5	6
80	16	5	6
80	84	5	7
80	86	5	7
80	128	4	7
80	136	5	7
80	170	5	6
80	177	6	-100
80	211	4	7
80	238	4	-100
80	271	7	-100
80	285	4	6
80	295	7	-100
80	330	5	7
80	360	4	-100
80	391	5	7
80	437	5	7
80	450	5	6
80	467	4	6
81	27	4	6
81	35	4	6
81	47	4	7
81	93	7	-100
81	109	6	-100
81	111	4	-100
81	116	5	7
81	132	4	6
81	191	5	6
81	201	4	7
81	205	4	7
81	212	4	-100
81	246	5	6
81	381	5	6
81	395	4	6
81	432	5	6
81	435	4	6
83	7	5	-100
83	32	5	7
83	36	4	7
83	47	4	6
83	53	4	6
83	61	4	6
83	80	4	6
83	174	4	-100
83	183	7	-100
83	211	4	6
83	234	5	6
83	237	4	7
83	243	5	7
83	254	7	-100
83	308	4	6
83	326	5	6
83	360	4	7
83	381	5	-100
83	425	5	6
83	439	5	7
83	443	5	7
83	471	5	6
83	493	5	7
83	496	5	-100
84	33	4	-100
84	35	7	-100
84	85	4	-100
84	132	5	7
84	185	4	6
84	201	5	7
84	233	7	-100
84	243	4	6
84	256	4	6
84	261	5	6
84	280	6	-100
84	282	5	7
84	303	5	6
84	337	4	6
84	401	5	7
84	403	5	7
84	476	5	7
84	493	4	6
85	13	5	6
85	27	5	6
85	66	5	6
85	73	4	7
85	79	6	-100
85	90	6	-100
85	94	5	7
85	98	4	6
85	104	4	6
85	110	5	7
85	111	5	7
85	120	4	6
85	131	5	6
85	142	4	6
85	152	5	7
85	153	5	6
85	156	5	7
85	172	5	-100
85	209	4	-100
85	223	4	-100
85	225	4	-100
85	229	5	6
85	235	5	7
85	246	5	7
85	254	5	6
85	265	7	-100
85	287	4	-100
85	295	5	7
85	330	4	6
85	335	4	-100
85	347	4	6
85	382	4	-100
85	386	6	-100
85	391	6	-100
85	419	4	-100
85	432	5	7
85	450	7	-100
85	485	7	-100
86	6	4	-100
86	7	4	6
86	16	7	-100
86	27	6	-100
86	32	4	6
86	42	4	7
86	48	4	7
86	58	5	-100
86	83	5	7
86	97	6	-100
86	127	4	7
86	175	5	6
86	185	4	7
86	209	4	-100
86	238	4	6
86	287	5	7
86	307	4	7
86	336	4	6
86	369	6	-100
86	433	4	-100
86	437	4	7
86	441	5	7
86	450	5	6
86	480	5	6
86	496	4	7
89	42	5	-100
89	170	4	-100
89	228	4	7
89	237	4	6
89	250	4	7
89	271	7	-100
89	280	5	7
89	320	5	-100
89	361	5	6
89	378	4	7
89	409	6	-100
90	1	4	7
90	40	5	7
90	73	5	7
90	111	4	7
90	127	5	-100
90	139	4	7
90	153	7	-100
90	157	4	6
90	172	5	7
90	205	5	7
90	210	5	6
90	211	5	7
90	223	4	-100
90	256	4	7
90	279	4	6
90	295	6	-100
90	308	5	6
90	311	5	6
90	325	5	6
90	330	4	-100
90	371	4	6
90	428	7	-100
90	493	5	-100
90	494	4	-100
92	27	4	6
92	59	6	-100
92	136	5	6
92	153	4	7
92	190	5	7
92	209	7	-100
92	297	4	6
92	309	5	7
92	392	4	7
92	399	5	6
92	471	4	6
93	31	5	6
93	66	7	-100
93	69	5	6
93	159	4	7
93	184	5	6
93	222	6	-100
93	272	5	7
93	297	5	6
93	426	5	-100
93	482	4	-100
93	485	5	7
94	29	5	-100
94	32	5	-100
94	33	5	7
94	53	5	-100
94	79	5	7
94	81	5	-100
94	98	4	7
94	111	4	6
94	124	4	7
94	132	4	6
94	139	7	-100
94	152	6	-100
94	158	7	-100
94	168	5	6
94	172	7	-100
94	175	4	6
94	191	4	7
94	196	5	-100
94	200	5	-100
94	209	4	7
94	226	4	7
94	229	4	6
94	234	7	-100
94	235	5	7
94	239	6	-100
94	246	5	-100
94	259	4	6
94	265	7	-100
94	275	7	-100
94	308	7	-100
94	342	4	6
94	369	5	7
94	386	4	-100
94	399	5	6
94	425	7	-100
94	426	5	6
94	432	5	6
94	437	5	7
94	443	4	7
94	461	5	7
94	471	6	-100
94	474	5	-100
96	62	4	-100
96	93	7	-100
96	105	6	-100
96	119	5	7
96	124	5	-100
96	127	5	-100
96	157	5	6
96	217	7	-100
96	226	5	6
96	228	5	7
96	232	4	-100
96	285	5	6
96	361	7	-100
96	428	5	-100
96	441	4	6
96	455	5	7
96	474	5	6
96	496	5	7
96	497	5	6
97	29	5	7
97	38	4	6
97	42	5	-100
97	65	5	-100
97	72	6	-100
97	113	4	7
97	129	5	-100
97	132	5	6
97	174	4	6
97	200	7	-100
97	205	5	-100
97	232	5	6
97	275	5	6
97	329	4	6
97	335	5	7
97	337	4	6
97	364	5	-100
97	392	4	-100
97	450	5	7
98	40	5	6
98	66	4	6
98	77	4	7
98	79	5	-100
98	104	7	-100
98	119	5	7
98	127	5	-100
98	128	4	7
98	153	4	-100
98	155	4	-100
98	205	4	-100
98	207	7	-100
98	211	4	6
98	225	4	6
98	226	6	-100
98	233	5	7
98	234	6	-100
98	235	4	6
98	243	7	-100
98	254	5	-100
98	256	5	6
98	261	5	6
98	265	5	-100
98	308	7	-100
98	337	5	7
98	390	4	7
98	439	5	7
98	471	4	6
99	48	4	7
99	50	5	7
99	60	4	6
99	77	4	-100
99	90	5	7
99	96	4	6
99	105	7	-100
99	110	4	7
99	156	5	6
99	191	4	6
99	201	5	6
99	205	5	-100
99	210	5	6
99	243	5	-100
99	291	5	-100
99	320	5	6
99	330	4	7
99	386	7	-100
99	394	5	6
99	419	6	-100
99	425	5	7
99	428	6	-100
99	447	5	7
99	474	4	6
99	498	4	7
100	32	5	-100
100	36	4	6
100	109	4	6
100	124	5	6
100	128	5	7
100	207	4	6
100	215	5	7
100	217	5	-100
100	224	5	6
100	241	5	7
100	256	5	-100
100	278	4	6
100	309	4	6
100	424	7	-100
100	441	4	6
100	469	5	6
100	484	5	6
100	496	4	7
104	38	5	7
104	40	4	-100
104	49	4	6
104	50	7	-100
104	79	4	-100
104	84	6	-100
104	129	5	6
104	153	4	7
104	157	5	7
104	172	5	7
104	217	7	-100
104	222	4	-100
104	225	4	-100
104	233	7	-100
104	265	4	7
104	285	4	-100
104	326	5	6
104	332	4	6
104	361	5	6
104	373	6	-100
104	378	4	7
104	391	5	-100
104	394	4	-100
104	395	5	6
104	467	5	-100
104	484	4	7
105	10	4	6
105	31	7	-100
105	33	5	7
105	34	5	7
105	42	4	7
105	50	4	7
105	66	5	-100
105	124	5	7
105	127	4	6
105	131	4	6
105	132	4	7
105	134	5	7
105	174	4	6
105	207	5	6
105	209	6	-100
105	238	7	-100
105	266	4	6
105	276	4	7
105	279	5	7
105	285	5	-100
105	326	5	6
105	383	4	6
105	391	7	-100
105	410	5	6
105	414	4	6
105	441	4	7
105	451	4	7
105	461	4	7
105	474	4	6
105	480	5	7
107	33	4	-100
107	49	5	-100
107	60	4	6
107	85	5	7
107	90	4	6
107	110	4	-100
107	123	4	6
107	134	5	6
107	152	5	6
107	156	5	-100
107	174	4	6
107	243	4	-100
107	266	4	7
107	271	4	7
107	295	7	-100
107	321	7	-100
107	330	5	-100
107	428	4	7
107	474	4	6
107	476	5	6
107	492	4	7
109	53	4	7
109	83	4	7
109	85	5	7
109	94	5	7
109	96	5	7
109	105	4	7
109	111	4	7
109	119	4	7
109	175	4	-100
109	191	5	-100
109	193	5	6
109	212	5	-100
109	222	5	6
109	232	5	-100
109	265	4	7
109	266	5	7
109	295	6	-100
109	330	5	-100
109	332	5	7
109	414	4	7
109	432	5	-100
109	435	5	7
109	469	6	-100
109	497	4	6
110	34	4	6
110	37	5	-100
110	96	4	6
110	113	4	6
110	120	4	6
110	124	6	-100
110	139	7	-100
110	144	6	-100
110	205	6	-100
110	279	6	-100
110	280	4	6
110	307	4	-100
110	332	4	7
110	336	4	6
110	427	5	-100
110	451	6	-100
110	476	4	-100
110	480	6	-100
111	38	4	-100
111	47	5	6
111	50	5	6
111	61	4	7
111	99	5	6
111	124	5	-100
111	127	6	-100
111	131	5	-100
111	156	7	-100
111	158	5	6
111	172	4	6
111	185	4	6
111	191	7	-100
111	226	4	-100
111	235	4	6
111	241	5	6
111	250	4	-100
111	256	6	-100
111	287	5	6
111	289	4	-100
111	295	4	6
111	311	5	-100
111	329	5	-100
111	386	5	-100
111	419	4	7
111	420	5	7
111	425	4	-100
111	435	6	-100
111	437	5	6
111	447	4	7
113	45	4	-100
113	62	6	-100
113	80	5	-100
113	86	6	-100
113	90	4	-100
113	127	7	-100
113	134	5	6
113	139	5	-100
113	186	7	-100
113	189	5	-100
113	223	4	7
113	224	5	-100
113	256	5	7
113	272	4	7
113	290	5	7
113	295	4	6
113	335	5	6
113	361	6	-100
113	372	5	-100
113	409	7	-100
113	419	5	6
113	420	4	-100
113	426	4	6
113	427	5	7
113	437	4	6
113	448	5	-100
113	455	4	7
113	496	4	7
116	2	5	7
116	18	4	-100
116	29	4	7
116	32	7	-100
116	69	5	6
116	80	4	6
116	86	4	-100
116	113	7	-100
116	132	4	-100
116	183	5	-100
116	200	6	-100
116	226	5	7
116	259	4	7
116	367	5	6
116	403	5	-100
116	437	4	7
116	471	4	-100
116	485	7	-100
119	31	7	-100
119	58	5	7
119	97	5	7
119	120	4	6
119	153	7	-100
119	175	7	-100
119	205	7	-100
119	229	5	-100
119	265	4	7
119	300	4	7
119	303	5	-100
119	347	5	-100
119	371	4	-100
119	474	4	6
120	10	4	6
120	12	5	6
120	23	5	-100
120	34	4	6
120	45	4	6
120	48	4	7
120	61	5	-100
120	93	4	7
120	105	5	7
120	107	7	-100
120	123	4	7
120	129	6	-100
120	185	5	7
120	189	4	7
120	205	7	-100
120	225	6	-100
120	250	4	6
120	267	4	-100
120	278	4	7
120	280	6	-100
120	295	5	6
120	303	5	-100
120	325	5	7
120	332	5	6
120	335	6	-100
120	376	4	6
120	451	6	-100
120	474	6	-100
120	493	7	-100
123	33	4	6
123	43	5	6
123	79	5	7
123	85	4	7
123	109	5	-100
123	131	5	7
123	134	4	7
123	155	5	6
123	156	5	7
123	193	5	7
123	196	4	-100
123	234	5	-100
123	295	5	6
123	329	4	-100
123	336	4	-100
123	435	4	7
123	439	7	-100
123	443	4	6
123	497	4	-100
124	34	4	7
124	80	5	7
124	81	4	-100
124	85	6	-100
124	86	4	7
124	113	4	6
124	116	5	6
124	127	7	-100
124	128	5	6
124	134	5	7
124	142	7	-100
124	158	4	7
124	200	7	-100
124	207	6	-100
124	215	4	6
124	224	6	-100
124	226	4	7
124	229	5	-100
124	235	5	6
124	238	4	-100
124	246	4	6
124	254	6	-100
124	256	4	7
124	265	7	-100
124	272	5	6
124	276	4	6
124	285	4	6
124	287	4	-100
124	289	6	-100
124	295	4	7
124	320	5	-100
124	326	6	-100
124	334	6	-100
124	342	5	6
124	367	6	-100
124	391	4	7
124	414	7	-100
124	425	5	-100
124	450	5	7
124	451	5	7
124	474	4	-100
124	480	4	-100
124	496	4	6
126	119	7	-100
126	157	4	7
126	207	4	-100
126	272	4	-100
126	350	7	-100
126	426	5	-100
127	2	4	6
127	12	4	7
127	13	5	7
127	16	5	7
127	66	5	7
127	73	4	7
127	81	7	-100
127	83	4	-100
127	94	5	7
127	116	6	-100
127	120	4	7
127	142	6	-100
127	155	5	6
127	172	6	-100
127	173	5	-100
127	175	5	-100
127	183	4	-100
127	191	7	-100
127	200	4	-100
127	205	5	7
127	207	5	7
127	209	4	-100
127	211	6	-100
127	217	6	-100
127	225	5	-100
127	226	4	-100
127	229	5	-100
127	235	4	7
127	238	5	7
127	243	5	7
127	246	5	7
127	254	4	7
127	256	5	-100
127	265	5	-100
127	287	4	7
127	307	5	6
127	326	4	7
127	378	7	-100
127	391	5	6
127	397	4	7
127	399	4	7
127	414	6	-100
127	419	6	-100
127	425	4	7
127	426	4	-100
127	437	5	7
127	443	5	6
127	450	5	6
127	451	4	-100
127	465	4	7
127	471	4	-100
127	474	5	6
128	13	5	7
128	36	6	-100
128	47	4	-100
128	84	5	-100
128	85	5	7
128	129	5	6
128	136	4	7
128	144	5	7
128	153	5	-100
128	175	4	6
128	205	4	7
128	212	6	-100
128	223	5	7
128	238	5	-100
128	261	6	-100
128	271	4	6
128	272	5	6
128	309	4	6
128	320	5	7
128	332	4	6
128	335	7	-100
128	347	4	6
128	420	5	-100
128	469	5	7
129	7	5	7
129	32	5	-100
129	71	5	7
129	80	5	-100
129	86	4	-100
129	157	7	-100
129	226	5	6
129	241	5	6
129	266	5	7
129	272	5	7
129	282	4	7
129	291	5	7
129	335	4	6
129	336	6	-100
129	373	5	7
129	381	4	-100
131	27	5	7
131	29	5	-100
131	59	5	6
131	94	7	-100
131	100	5	-100
131	109	4	6
131	128	5	6
131	156	4	-100
131	172	4	7
131	173	4	-100
131	191	4	7
131	200	5	7
131	211	5	6
131	217	4	7
131	226	4	6
131	229	4	7
131	243	6	-100
131	250	4	7
131	272	5	-100
131	275	5	7
131	280	4	7
131	287	4	6
131	295	4	7
131	298	5	7
131	326	5	6
131	367	5	7
131	426	5	-100
131	427	6	-100
131	437	4	-100
131	474	5	-100
131	484	5	7
131	485	5	6
132	29	4	6
132	33	5	7
132	47	4	7
132	123	4	6
132	142	4	6
132	148	5	7
132	229	4	7
132	233	6	-100
132	265	4	-100
132	342	7	-100
132	364	4	6
132	390	6	-100
132	395	7	-100
132	403	5	6
132	428	6	-100
132	443	5	6
132	451	5	-100
132	461	5	6
132	467	4	7
132	471	5	-100
132	483	4	7
134	31	5	6
134	81	4	6
134	110	4	6
134	131	4	6
134	210	6	-100
134	272	4	7
134	276	5	6
134	289	7	-100
134	297	6	-100
134	320	4	6
134	378	4	-100
134	419	6	-100
134	427	4	6
134	474	4	6
136	66	4	6
136	94	4	6
136	168	4	6
136	210	7	-100
136	250	4	7
136	275	5	6
136	287	5	6
136	298	4	6
136	325	6	-100
136	364	5	6
136	367	4	6
136	450	4	6
139	12	5	7
139	49	5	7
139	69	5	6
139	196	4	-100
139	210	7	-100
139	228	4	6
139	233	4	-100
139	246	5	7
139	278	5	7
139	330	5	7
139	337	4	7
139	371	5	6
139	377	7	-100
139	394	5	-100
139	461	5	-100
139	471	5	7
139	486	4	6
141	36	4	-100
141	50	5	-100
141	84	7	-100
141	123	4	6
141	175	4	-100
141	201	4	6
141	229	6	-100
141	275	5	6
141	336	4	-100
141	499	5	6
142	90	4	7
142	94	4	6
142	105	5	-100
142	107	7	-100
142	113	7	-100
142	116	4	7
142	168	4	6
142	172	6	-100
142	183	5	-100
142	205	5	6
142	215	6	-100
142	217	7	-100
142	224	4	7
142	226	4	6
142	235	6	-100
142	254	5	6
142	272	5	7
142	287	6	-100
142	289	5	6
142	308	4	6
142	320	4	7
142	330	4	-100
142	372	5	-100
142	414	7	-100
142	432	7	-100
142	437	4	7
144	34	5	7
144	37	6	-100
144	47	4	6
144	53	5	6
144	99	4	6
144	119	5	-100
144	120	5	7
144	123	4	-100
144	205	7	-100
144	265	4	7
144	385	4	-100
144	394	4	-100
144	425	6	-100
144	432	5	7
144	439	5	-100
144	469	5	6
144	474	5	7
144	497	5	6
148	6	4	7
148	37	5	-100
148	92	7	-100
148	107	4	7
148	172	6	-100
148	232	5	-100
148	259	7	-100
148	272	5	6
148	298	4	7
148	329	4	7
148	364	5	6
148	378	5	-100
148	381	5	7
148	419	5	6
148	441	4	7
148	448	5	7
148	469	5	7
152	33	4	6
152	40	4	-100
152	79	4	-100
152	98	6	-100
152	99	4	7
152	104	5	6
152	127	4	6
152	132	4	7
152	139	4	7
152	142	5	6
152	155	7	-100
152	172	4	6
152	196	4	7
152	224	4	7
152	234	4	7
152	250	5	7
152	254	4	-100
152	256	4	6
152	298	4	7
152	321	5	6
152	373	4	6
152	439	5	6
152	467	5	7
152	471	5	-100
152	493	4	6
153	12	4	6
153	36	7	-100
153	45	6	-100
153	65	4	6
153	77	7	-100
153	79	4	-100
153	80	4	6
153	84	4	7
153	105	7	-100
153	116	6	-100
153	127	6	-100
153	139	4	7
153	155	4	-100
153	172	4	-100
153	173	5	7
153	177	4	-100
153	205	4	6
153	215	5	-100
153	232	7	-100
153	233	7	-100
153	235	5	7
153	238	7	-100
153	243	7	-100
153	246	4	6
153	256	6	-100
153	265	5	-100
153	290	4	7
153	326	4	7
153	336	4	6
153	337	4	6
153	361	4	7
153	401	5	7
153	428	5	7
153	439	6	-100
153	474	4	-100
153	484	5	7
155	29	4	7
155	47	5	6
155	50	5	-100
155	79	4	7
155	85	4	7
155	89	4	7
155	94	6	-100
155	99	4	-100
155	105	4	6
155	119	4	-100
155	120	4	6
155	124	5	6
155	144	6	-100
155	156	5	7
155	209	4	6
155	212	5	6
155	225	5	6
155	234	4	7
155	265	7	-100
155	285	7	-100
155	289	4	7
155	300	5	-100
155	309	5	7
155	329	5	-100
155	342	7	-100
155	361	5	6
155	373	5	-100
155	424	4	7
155	425	4	-100
155	439	4	7
155	441	4	7
155	467	4	6
155	490	4	7
155	493	5	6
156	33	4	6
156	47	5	-100
156	48	4	6
156	66	4	6
156	81	4	7
156	104	4	7
156	120	4	7
156	132	5	7
156	152	7	-100
156	172	5	6
156	215	6	-100
156	246	6	-100
156	250	4	6
156	259	4	6
156	369	7	-100
156	373	4	7
156	397	5	6
156	419	4	7
156	447	5	-100
157	32	6	-100
157	33	5	7
157	42	6	-100
157	43	4	6
157	48	4	6
157	59	5	7
157	113	5	7
157	141	4	7
157	168	4	6
157	175	5	6
157	205	4	-100
157	217	5	6
157	233	4	-100
157	238	7	-100
157	266	4	7
157	311	5	7
157	320	5	6
157	336	4	6
157	359	5	6
157	391	4	-100
157	482	5	6
158	31	4	-100
158	50	6	-100
158	84	5	7
158	113	4	6
158	129	4	-100
158	134	5	7
158	153	4	7
158	156	5	7
158	238	5	7
158	246	7	-100
158	256	7	-100
158	265	7	-100
158	272	7	-100
158	280	4	6
158	290	7	-100
158	291	4	7
158	369	4	6
158	378	5	7
158	386	4	6
158	420	5	-100
158	426	6	-100
158	428	5	6
158	435	7	-100
158	447	4	-100
158	461	5	-100
158	494	4	7
159	36	7	-100
159	45	5	6
159	49	4	6
159	156	5	-100
159	170	7	-100
159	172	4	6
159	177	5	6
159	215	5	-100
159	235	7	-100
159	254	4	6
159	271	6	-100
159	272	4	6
159	320	6	-100
159	321	4	7
159	391	5	6
159	397	5	7
159	401	5	-100
159	414	4	7
159	419	5	7
159	451	4	6
168	10	4	6
168	77	5	6
168	99	5	7
168	186	6	-100
168	210	6	-100
168	212	7	-100
168	239	5	7
168	246	6	-100
168	342	5	7
168	367	4	-100
168	373	4	7
168	392	6	-100
168	419	5	7
168	448	7	-100
168	455	4	-100
168	459	5	7
170	23	5	6
170	31	5	7
170	174	6	-100
170	185	6	-100
170	261	4	7
170	272	5	6
170	276	5	-100
170	278	7	-100
170	285	5	6
170	359	4	7
172	2	4	-100
172	12	4	7
172	31	5	7
172	33	4	6
172	45	7	-100
172	49	4	6
172	50	4	-100
172	61	6	-100
172	66	4	-100
172	69	7	-100
172	73	5	6
172	109	5	7
172	110	4	7
172	113	4	7
172	116	5	6
172	120	4	7
172	124	5	6
172	136	5	7
172	200	5	6
172	205	5	7
172	211	6	-100
172	217	4	7
172	224	5	7
172	232	5	7
172	234	4	-100
172	246	7	-100
172	250	7	-100
172	256	7	-100
172	265	4	-100
172	279	4	7
172	287	4	-100
172	311	5	7
172	367	4	7
172	399	5	7
172	414	5	7
172	419	7	-100
172	425	5	7
172	432	5	6
172	447	5	6
172	448	4	6
172	455	4	-100
172	461	6	-100
172	471	5	7
172	474	5	-100
172	480	5	6
173	10	4	7
173	74	5	7
173	142	5	6
173	148	5	-100
173	159	4	6
173	168	4	6
173	175	5	7
173	235	5	-100
173	261	7	-100
173	266	5	-100
173	320	5	7
173	432	6	-100
173	476	4	7
174	12	4	6
174	31	7	-100
174	60	5	-100
174	93	4	6
174	142	5	6
174	200	5	7
174	205	5	-100
174	207	6	-100
174	215	4	6
174	232	4	7
174	239	4	6
174	278	5	6
174	297	5	6
174	308	5	7
174	320	4	7
174	325	5	-100
174	336	4	6
174	361	6	-100
174	394	4	7
174	427	4	-100
174	428	4	-100
174	437	4	7
174	441	4	7
174	465	7	-100
174	467	4	7
175	10	6	-100
175	27	5	6
175	35	6	-100
175	45	4	6
175	77	5	-100
175	100	5	-100
175	124	4	7
175	126	5	7
175	142	5	7
175	172	4	6
175	189	5	6
175	205	6	-100
175	207	5	6
175	223	5	6
175	246	4	-100
175	259	4	6
175	280	5	6
175	326	5	-100
175	330	5	6
175	369	4	6
175	395	7	-100
175	397	5	7
175	403	4	6
175	414	4	7
175	431	7	-100
175	435	6	-100
175	439	7	-100
175	461	6	-100
177	12	4	-100
177	72	5	6
177	93	4	7
177	186	5	-100
177	229	7	-100
177	275	4	7
177	279	6	-100
177	291	4	6
177	335	4	6
177	336	5	-100
177	390	5	7
177	391	5	-100
177	419	5	-100
177	428	4	-100
183	12	4	-100
183	59	5	7
183	69	4	7
183	86	4	-100
183	98	6	-100
183	109	5	6
183	113	4	6
183	124	4	7
183	132	4	-100
183	172	5	6
183	189	4	7
183	191	4	7
183	209	4	-100
183	224	5	-100
183	233	4	6
183	239	5	7
183	276	5	7
183	280	4	7
183	289	4	7
183	308	4	-100
183	334	5	7
183	361	4	7
183	372	4	-100
183	414	6	-100
183	432	6	-100
183	433	6	-100
183	441	7	-100
183	448	4	-100
183	450	4	6
183	459	7	-100
183	483	7	-100
184	6	4	6
184	50	5	-100
184	65	4	6
184	97	6	-100
184	126	5	6
184	128	5	6
184	191	5	7
184	209	4	6
184	225	5	6
184	232	5	7
184	233	5	-100
184	237	4	7
184	261	5	6
184	303	5	6
184	307	5	-100
184	311	5	6
184	426	4	-100
184	451	5	-100
184	484	5	7
184	493	5	6
185	10	5	-100
185	12	4	7
185	141	5	6
185	157	4	7
185	159	4	6
185	241	6	-100
185	254	5	7
185	267	5	6
185	361	4	-100
185	372	5	7
185	391	4	7
185	414	5	-100
185	465	4	6
185	467	4	-100
185	499	5	-100
186	42	4	6
186	124	4	7
186	148	5	-100
186	175	5	6
186	189	5	6
186	285	5	-100
186	320	5	6
186	492	5	7
189	61	4	-100
189	86	5	6
189	111	5	6
189	127	4	6
189	136	4	6
189	142	4	7
189	210	4	7
189	214	5	7
189	232	6	-100
189	275	6	-100
189	309	4	7
189	391	4	7
189	426	5	6
190	16	4	6
190	123	5	6
190	152	7	-100
190	246	6	-100
190	309	6	-100
190	359	4	7
190	455	5	7
191	16	5	7
191	45	7	-100
191	47	5	-100
191	48	4	-100
191	50	5	7
191	53	5	6
191	98	5	7
191	128	5	-100
191	144	5	6
191	155	7	-100
191	172	4	7
191	203	5	6
191	225	4	7
191	226	4	7
191	235	5	-100
191	246	5	7
191	254	6	-100
191	265	4	7
191	295	7	-100
191	332	5	6
191	359	5	6
191	361	5	7
191	364	6	-100
191	373	4	6
191	397	7	-100
191	401	5	6
191	425	4	7
191	441	5	6
191	443	5	6
191	451	5	6
191	469	4	6
191	471	5	6
191	484	4	7
191	485	4	6
191	490	5	7
191	493	4	-100
193	10	5	7
193	202	5	-100
193	336	4	7
193	359	5	7
193	469	4	7
193	470	4	7
196	10	7	-100
196	40	5	7
196	61	4	6
196	66	6	-100
196	96	6	-100
196	99	5	6
196	105	6	-100
196	144	5	-100
196	155	5	6
196	186	4	6
196	228	5	7
196	233	5	7
196	243	7	-100
196	272	7	-100
196	291	4	6
196	330	4	6
196	390	4	7
196	419	5	7
196	431	4	7
196	465	5	7
196	474	5	7
200	27	4	7
200	53	4	-100
200	83	5	7
200	85	4	-100
200	111	7	-100
200	126	4	7
200	132	5	6
200	183	4	-100
200	205	5	6
200	209	4	-100
200	211	4	7
200	215	5	7
200	226	4	6
200	229	4	6
200	232	5	7
200	234	4	6
200	235	6	-100
200	241	6	-100
200	254	4	7
200	256	7	-100
200	259	6	-100
200	272	4	-100
200	276	6	-100
200	280	4	7
200	287	7	-100
200	298	5	-100
200	300	5	-100
200	329	5	6
200	330	4	7
200	336	5	7
200	342	5	-100
200	364	4	7
200	367	7	-100
200	386	4	7
200	401	6	-100
200	419	6	-100
200	428	5	7
200	443	6	-100
200	450	4	6
200	451	5	6
200	465	5	7
200	474	4	7
200	483	6	-100
201	1	4	7
201	79	4	6
201	92	5	-100
201	120	4	-100
201	144	4	7
201	203	5	6
201	225	5	-100
201	261	4	-100
201	298	5	7
201	342	4	6
201	401	5	7
201	403	5	-100
201	443	5	6
201	497	5	6
201	498	7	-100
201	499	4	-100
202	62	7	-100
202	131	4	-100
202	267	4	6
202	298	4	7
202	377	4	6
202	448	4	6
202	450	5	-100
202	459	4	6
202	469	4	6
202	471	5	7
202	480	4	-100
203	43	6	-100
203	53	5	6
203	113	4	6
203	172	5	6
203	222	4	6
203	329	4	7
205	32	4	6
205	33	4	7
205	45	4	7
205	58	4	6
205	62	6	-100
205	85	7	-100
205	93	4	7
205	96	4	7
205	105	5	7
205	155	5	6
205	196	4	7
205	209	4	7
205	222	6	-100
205	235	4	7
205	238	4	-100
205	243	4	7
205	256	7	-100
205	261	4	-100
205	282	5	6
205	300	4	6
205	347	5	7
205	419	5	-100
205	425	6	-100
205	427	4	-100
205	428	4	6
205	447	4	-100
205	474	4	6
205	480	5	7
207	31	6	-100
207	32	5	7
207	33	4	-100
207	50	4	-100
207	53	5	-100
207	79	4	6
207	86	5	6
207	113	4	-100
207	132	5	6
207	142	4	6
207	144	4	7
207	172	5	6
207	238	5	6
207	276	4	7
207	300	5	-100
207	303	5	7
207	311	5	-100
207	334	5	6
207	364	5	-100
207	381	4	6
207	382	4	6
207	410	5	6
207	425	6	-100
207	431	4	6
207	441	4	6
207	450	5	7
207	461	4	6
207	469	5	-100
207	474	7	-100
209	10	5	-100
209	61	6	-100
209	69	5	6
209	81	5	-100
209	109	5	-100
209	119	7	-100
209	129	4	7
209	156	7	-100
209	191	5	7
209	207	4	6
209	215	5	6
209	226	4	7
209	229	5	7
209	232	5	7
209	234	5	-100
209	238	5	-100
209	246	5	6
209	250	6	-100
209	254	5	6
209	265	5	7
209	272	4	6
209	275	5	-100
209	307	4	7
209	321	5	7
209	326	6	-100
209	367	5	7
209	385	5	-100
209	391	4	7
209	409	6	-100
209	424	6	-100
209	425	4	6
209	439	5	-100
209	450	5	6
209	461	4	7
209	465	4	6
209	467	4	-100
210	27	5	-100
210	83	4	6
210	256	7	-100
210	266	5	-100
210	267	7	-100
210	287	5	6
210	297	5	7
210	330	5	6
210	409	4	6
210	427	5	7
210	451	5	6
210	485	5	-100
210	494	6	-100
210	499	4	7
211	10	5	6
211	13	4	7
211	27	5	-100
211	61	5	7
211	79	5	6
211	107	5	7
211	132	5	-100
211	136	5	-100
211	189	5	-100
211	226	4	-100
211	228	5	6
211	229	4	7
211	291	5	6
211	320	4	7
211	330	5	-100
211	342	5	6
211	367	5	7
211	372	4	6
211	382	4	6
211	401	6	-100
211	414	5	6
211	467	4	7
211	499	4	6
212	74	4	6
212	90	4	6
212	123	5	7
212	183	6	-100
212	215	5	-100
212	224	4	7
212	225	4	7
212	239	5	6
212	265	4	6
212	320	5	7
212	392	5	6
212	399	5	6
212	426	5	6
212	469	5	6
212	496	5	-100
214	13	5	6
214	18	4	7
214	128	6	-100
214	134	5	6
214	142	6	-100
214	174	5	-100
214	233	4	6
214	234	4	-100
214	275	4	6
214	369	7	-100
214	448	4	6
215	10	4	-100
215	16	5	7
215	31	5	6
215	32	7	-100
215	36	6	-100
215	69	4	7
215	107	4	6
215	109	4	6
215	134	4	7
215	152	5	-100
215	185	5	6
215	202	4	-100
215	205	5	7
215	224	4	-100
215	226	5	-100
215	259	5	-100
215	285	6	-100
215	321	4	6
215	332	5	7
215	410	4	-100
215	414	6	-100
215	426	4	-100
215	480	4	7
215	497	4	7
217	6	4	6
217	37	5	6
217	77	4	7
217	83	6	-100
217	98	4	6
217	153	5	7
217	175	4	6
217	212	5	6
217	215	5	6
217	224	4	-100
217	233	4	7
217	239	4	-100
217	243	6	-100
217	254	5	-100
217	332	4	-100
217	359	4	6
217	361	4	6
217	391	5	7
217	414	5	7
217	439	5	6
217	482	6	-100
222	18	4	7
222	65	4	-100
222	77	5	6
222	155	5	-100
222	159	5	7
222	300	6	-100
222	332	7	-100
222	392	4	7
222	403	7	-100
222	435	4	-100
222	443	4	6
222	482	4	6
223	49	4	6
223	53	5	6
223	62	6	-100
223	156	4	6
223	168	7	-100
223	172	7	-100
223	173	5	-100
223	215	7	-100
223	226	4	7
223	289	5	-100
223	300	5	7
223	321	5	-100
223	330	4	6
223	332	5	7
223	360	5	7
223	369	6	-100
223	382	5	6
224	10	6	-100
224	45	4	7
224	98	7	-100
224	126	7	-100
224	226	5	6
224	229	4	7
224	234	6	-100
224	238	7	-100
224	266	5	-100
224	298	7	-100
224	309	5	7
224	320	7	-100
224	321	5	7
224	326	4	-100
224	329	4	-100
224	360	5	7
224	391	6	-100
224	397	5	6
224	439	5	-100
224	461	5	7
224	467	4	-100
224	471	6	-100
225	40	5	6
225	71	4	6
225	93	6	-100
225	97	5	6
225	144	4	6
225	152	5	7
225	190	6	-100
225	211	4	6
225	261	4	6
225	265	5	7
225	280	5	6
225	300	4	6
225	329	4	-100
225	335	5	6
225	347	4	6
225	359	4	6
225	394	5	6
225	397	5	6
225	425	4	7
225	443	4	7
225	493	7	-100
226	36	4	-100
226	50	6	-100
226	59	5	7
226	62	4	6
226	66	6	-100
226	90	5	7
226	105	4	7
226	110	4	6
226	120	4	6
226	153	5	-100
226	156	7	-100
226	159	4	7
226	175	4	6
226	183	5	-100
226	185	4	-100
226	189	4	7
226	205	4	7
226	214	5	-100
226	235	4	6
226	256	4	7
226	266	4	-100
226	276	5	7
226	278	4	7
226	287	5	6
226	289	4	-100
226	295	5	-100
226	309	4	7
226	364	7	-100
226	372	4	6
226	397	4	6
226	399	4	6
226	414	5	6
226	427	5	7
226	433	5	7
226	443	5	7
226	450	7	-100
228	2	4	7
228	90	4	6
228	124	5	7
228	155	5	7
228	186	6	-100
228	212	6	-100
228	243	4	-100
228	254	4	7
228	275	5	6
228	276	5	6
228	279	4	6
228	342	5	6
228	350	4	-100
228	382	5	-100
228	480	5	6
228	492	5	7
229	16	5	6
229	33	5	6
229	35	4	-100
229	53	4	7
229	58	5	6
229	86	4	6
229	136	4	-100
229	152	4	7
229	172	7	-100
229	189	4	6
229	214	7	-100
229	234	4	7
229	235	4	7
229	246	4	6
229	276	5	-100
229	280	7	-100
229	297	4	-100
229	308	4	6
229	386	6	-100
229	397	4	7
229	399	7	-100
229	443	5	-100
229	447	4	7
229	467	4	7
232	1	4	7
232	33	4	7
232	34	4	7
232	65	4	6
232	99	4	6
232	105	6	-100
232	127	6	-100
232	132	4	7
232	254	4	6
232	265	4	-100
232	276	5	6
232	298	5	7
232	337	4	7
232	342	5	-100
232	361	7	-100
232	410	4	7
232	424	4	7
232	428	4	-100
232	432	7	-100
232	450	4	6
232	451	4	6
232	455	5	-100
232	474	4	-100
232	480	5	-100
232	490	4	7
233	6	4	7
233	43	4	6
233	49	4	7
233	128	6	-100
233	144	5	6
233	155	6	-100
233	265	4	-100
233	275	4	-100
233	285	5	-100
233	290	5	7
233	334	5	-100
233	335	4	7
233	386	5	-100
233	441	5	-100
233	448	5	6
233	459	5	7
233	471	5	6
233	480	6	-100
234	45	7	-100
234	61	4	-100
234	65	4	6
234	81	5	6
234	156	7	-100
234	184	5	7
234	256	5	7
234	259	5	-100
234	386	5	-100
234	403	5	-100
234	437	4	6
234	447	7	-100
234	450	4	7
234	467	6	-100
234	471	4	6
234	485	5	-100
234	498	7	-100
235	13	4	6
235	27	4	7
235	32	5	7
235	33	4	6
235	36	5	7
235	37	5	6
235	38	4	6
235	43	4	6
235	58	4	-100
235	65	4	-100
235	81	4	6
235	86	4	6
235	89	4	7
235	90	5	-100
235	100	4	7
235	109	4	6
235	110	6	-100
235	113	6	-100
235	128	4	7
235	131	5	7
235	134	5	6
235	156	5	6
235	158	6	-100
235	172	5	6
235	201	4	-100
235	209	4	7
235	211	4	6
235	215	4	6
235	225	4	7
235	237	5	6
235	241	4	7
235	256	7	-100
235	261	5	7
235	265	6	-100
235	266	4	7
235	276	5	7
235	287	5	6
235	295	7	-100
235	309	4	6
235	335	5	-100
235	347	4	7
235	364	4	6
235	381	5	7
235	399	5	6
235	401	4	-100
235	414	5	6
235	419	4	-100
235	424	5	-100
235	425	7	-100
235	427	5	6
235	432	5	6
235	450	4	7
235	451	5	-100
235	465	5	7
235	471	4	6
235	474	5	-100
235	480	5	-100
235	490	5	6
235	493	5	-100
237	45	4	-100
237	50	5	-100
237	100	5	6
237	214	5	-100
237	225	4	6
237	275	5	7
237	280	5	6
237	311	5	7
237	326	6	-100
237	334	5	7
237	342	4	7
237	378	7	-100
237	392	5	7
237	397	4	7
237	424	5	6
237	467	5	7
238	29	6	-100
238	35	4	-100
238	48	5	7
238	50	4	7
238	66	4	6
238	69	5	-100
238	113	5	6
238	131	5	7
238	139	6	-100
238	144	5	-100
238	168	4	7
238	174	4	6
238	189	4	7
238	214	4	6
238	217	4	6
238	228	4	6
238	243	5	7
238	246	4	7
238	256	5	-100
238	266	4	-100
238	280	5	-100
238	290	5	6
238	295	4	6
238	299	5	-100
238	303	4	-100
238	330	5	6
238	364	5	6
238	391	5	-100
238	425	5	6
238	426	6	-100
238	427	5	6
238	451	4	6
238	474	5	7
238	480	7	-100
239	2	5	7
239	34	6	-100
239	99	7	-100
239	127	5	7
239	132	4	-100
239	141	5	-100
239	152	5	6
239	156	7	-100
239	246	4	7
239	254	5	7
239	271	5	6
239	275	4	6
239	276	5	-100
239	285	4	7
239	311	5	7
239	364	4	7
239	390	5	6
239	410	4	-100
239	433	5	-100
239	437	5	7
239	485	4	6
239	490	5	7
241	34	4	7
241	35	5	6
241	45	7	-100
241	53	7	-100
241	83	4	6
241	84	4	6
241	109	4	6
241	159	5	7
241	168	4	6
241	175	6	-100
241	189	5	-100
241	202	6	-100
241	256	4	6
241	280	7	-100
241	287	4	7
241	307	5	7
241	309	5	6
241	326	4	7
241	397	4	7
241	426	7	-100
243	6	6	-100
243	43	4	6
243	104	5	7
243	120	5	7
243	155	5	7
243	200	5	6
243	279	4	7
243	285	4	7
243	290	6	-100
243	311	5	6
243	320	5	7
243	334	5	-100
243	335	4	-100
243	378	7	-100
243	394	5	6
243	414	4	-100
243	420	4	7
243	427	5	7
243	474	5	7
243	480	7	-100
243	482	4	7
243	485	4	-100
246	16	4	-100
246	27	4	-100
246	60	5	7
246	65	4	6
246	74	5	6
246	79	4	7
246	98	5	-100
246	100	4	7
246	111	6	-100
246	131	7	-100
246	132	4	6
246	136	4	6
246	155	6	-100
246	189	5	6
246	200	4	6
246	205	4	7
246	211	4	6
246	234	7	-100
246	256	4	6
246	265	5	6
246	287	7	-100
246	326	4	-100
246	369	5	7
246	371	5	7
246	391	5	-100
246	394	5	7
246	420	6	-100
246	439	4	7
246	461	4	7
246	476	5	7
246	495	4	6
246	496	4	6
250	27	5	6
250	35	5	7
250	47	4	7
250	73	5	7
250	84	5	6
250	94	7	-100
250	96	4	6
250	116	4	6
250	148	5	7
250	201	7	-100
250	211	4	-100
250	272	5	6
250	280	6	-100
250	290	6	-100
250	300	5	-100
250	321	5	-100
250	347	4	6
250	381	4	-100
250	382	7	-100
250	395	4	6
250	401	4	6
250	403	4	7
250	435	5	7
250	476	7	-100
250	480	5	6
250	493	4	6
250	498	6	-100
254	2	7	-100
254	7	5	6
254	32	4	-100
254	33	4	7
254	40	4	7
254	48	6	-100
254	99	7	-100
254	105	4	-100
254	109	5	6
254	110	4	-100
254	113	4	6
254	126	4	-100
254	132	4	7
254	134	5	6
254	157	4	6
254	183	4	7
254	190	5	6
254	233	5	6
254	235	5	6
254	238	5	-100
254	256	5	7
254	265	5	7
254	266	7	-100
254	276	4	-100
254	326	4	7
254	330	4	7
254	332	4	7
254	334	4	6
254	382	4	6
254	419	6	-100
254	424	5	-100
254	425	4	6
254	437	4	6
254	441	5	6
254	448	5	6
254	451	5	-100
254	465	5	7
254	469	4	7
256	13	4	6
256	35	5	6
256	38	4	6
256	66	4	6
256	69	4	6
256	74	4	6
256	92	4	-100
256	126	5	-100
256	131	5	-100
256	134	5	-100
256	139	4	-100
256	207	4	7
256	225	4	-100
256	229	4	6
256	232	4	6
256	233	4	6
256	259	4	6
256	265	4	6
256	278	5	6
256	280	4	6
256	287	7	-100
256	307	4	7
256	326	4	6
256	367	4	6
256	373	4	7
256	401	7	-100
256	426	4	7
256	428	4	6
256	439	4	6
256	447	5	7
256	450	4	7
256	471	7	-100
256	484	5	-100
259	6	5	7
259	18	4	6
259	27	6	-100
259	35	4	6
259	45	5	6
259	141	5	-100
259	173	5	7
259	183	7	-100
259	419	5	6
259	426	5	6
259	483	4	-100
261	100	4	6
261	104	5	7
261	110	5	7
261	111	4	7
261	153	5	-100
261	191	5	6
261	291	7	-100
261	350	5	7
261	361	4	6
261	391	5	6
261	467	4	6
261	497	4	-100
265	32	7	-100
265	37	4	6
265	62	5	7
265	66	7	-100
265	79	4	6
265	99	5	6
265	120	6	-100
265	157	5	-100
265	183	7	-100
265	196	5	7
265	200	4	7
265	226	5	7
265	234	4	-100
265	243	5	6
265	276	6	-100
265	285	6	-100
265	287	5	7
265	311	4	6
265	329	4	6
265	361	5	-100
265	364	4	6
265	414	7	-100
265	419	5	-100
265	425	4	6
265	432	5	6
265	439	6	-100
265	448	5	6
265	461	5	-100
265	465	4	-100
265	471	5	-100
265	474	6	-100
265	482	4	7
265	496	5	7
266	31	4	6
266	34	4	7
266	93	6	-100
266	110	5	7
266	124	5	7
266	128	4	7
266	131	5	7
266	134	4	-100
266	148	5	-100
266	175	4	-100
266	189	5	7
266	207	4	7
266	272	4	7
266	276	6	-100
266	287	7	-100
266	290	5	6
266	297	4	7
266	335	4	7
266	361	4	6
266	364	4	7
266	397	4	7
266	426	4	7
266	437	4	6
266	451	5	7
266	474	5	7
267	31	5	7
267	49	5	7
267	90	5	6
267	189	5	6
267	193	4	6
267	266	4	6
267	290	5	6
267	495	5	7
271	32	6	-100
271	49	5	7
271	86	7	-100
271	189	4	6
271	278	5	7
271	289	4	7
271	296	5	7
271	367	7	-100
271	391	4	6
271	424	5	-100
271	433	4	7
271	455	5	7
272	86	5	-100
272	99	4	-100
272	105	6	-100
272	109	4	6
272	110	4	7
272	144	4	7
272	157	6	-100
272	183	4	7
272	191	7	-100
272	207	4	6
272	226	4	-100
272	256	4	-100
272	325	5	7
272	364	4	7
272	397	4	7
272	451	4	6
272	469	4	6
272	495	5	-100
275	29	7	-100
275	45	4	6
275	53	5	6
275	77	4	6
275	83	4	7
275	113	7	-100
275	174	5	6
275	183	5	6
275	203	6	-100
275	224	6	-100
275	246	7	-100
275	256	7	-100
275	364	6	-100
275	390	5	-100
275	397	5	7
275	403	5	6
275	432	5	6
275	485	4	6
276	10	6	-100
276	32	4	7
276	90	4	7
276	109	5	7
276	110	4	6
276	113	4	6
276	127	4	7
276	155	5	6
276	158	5	6
276	172	4	-100
276	175	6	-100
276	191	7	-100
276	205	4	7
276	224	4	-100
276	361	7	-100
276	371	5	-100
276	378	5	-100
276	409	5	-100
276	419	6	-100
276	425	7	-100
276	441	5	6
276	450	5	-100
276	459	6	-100
276	469	5	-100
276	474	4	-100
276	496	5	7
278	43	7	-100
278	80	4	7
278	107	5	7
278	110	4	-100
278	131	6	-100
278	153	7	-100
278	175	5	6
278	186	4	6
278	189	5	6
278	190	4	6
278	243	7	-100
278	267	5	6
278	335	5	7
278	427	4	7
278	493	5	6
279	1	4	6
279	23	5	7
279	35	4	7
279	61	4	7
279	85	5	7
279	111	7	-100
279	120	6	-100
279	156	5	-100
279	158	4	-100
279	168	4	-100
279	174	4	7
279	196	4	7
279	225	6	-100
279	282	5	7
279	289	5	-100
279	290	4	7
279	295	5	-100
279	311	5	6
279	332	4	7
279	373	4	6
279	376	4	6
279	419	6	-100
279	469	4	6
280	65	5	6
280	66	4	7
280	80	5	6
280	111	5	-100
280	127	4	6
280	172	5	6
280	210	5	7
280	246	5	6
280	278	4	-100
280	282	5	6
280	297	5	6
280	303	4	-100
280	307	5	6
280	371	4	-100
280	439	5	6
280	450	4	6
280	484	4	7
282	23	5	6
282	111	4	7
282	113	4	7
282	243	5	7
282	250	4	6
282	271	4	-100
282	360	4	6
282	494	4	6
285	32	4	6
285	120	4	7
285	136	5	7
285	153	7	-100
285	157	4	-100
285	174	5	-100
285	205	6	-100
285	336	5	7
285	347	5	-100
285	361	4	7
285	397	4	-100
285	441	4	6
287	6	4	6
287	23	7	-100
287	33	5	6
287	36	4	6
287	42	6	-100
287	48	5	7
287	50	5	7
287	66	6	-100
287	81	4	6
287	100	5	6
287	116	5	6
287	120	4	7
287	153	4	6
287	157	5	-100
287	191	5	6
287	205	4	6
287	232	7	-100
287	234	4	6
287	243	4	-100
287	278	6	-100
287	311	6	-100
287	329	4	7
287	335	5	7
287	367	5	6
287	378	4	7
287	424	5	6
287	426	5	7
287	451	7	-100
287	497	6	-100
289	13	4	6
289	33	4	-100
289	62	4	6
289	105	5	6
289	107	4	7
289	109	6	-100
289	113	6	-100
289	123	5	-100
289	127	5	6
289	128	4	6
289	129	5	7
289	131	7	-100
289	156	4	7
289	210	4	7
289	215	4	-100
289	224	4	-100
289	229	4	-100
289	235	4	6
289	246	5	-100
289	259	5	6
289	266	4	7
289	296	4	7
289	297	5	6
289	329	4	-100
289	372	4	-100
289	432	5	6
289	451	4	-100
289	469	5	6
290	33	4	6
290	241	4	6
290	335	4	6
290	427	5	6
290	435	5	-100
290	451	4	7
291	12	5	6
291	38	6	-100
291	61	4	7
291	86	7	-100
291	148	4	-100
291	200	4	6
291	207	5	6
291	210	5	6
291	229	5	7
291	278	4	6
291	311	5	7
291	337	5	-100
291	403	4	6
291	425	7	-100
291	426	5	6
291	427	7	-100
291	447	5	6
291	450	6	-100
291	451	4	7
291	474	5	6
295	32	6	-100
295	35	4	-100
295	49	5	7
295	127	6	-100
295	134	5	6
295	155	7	-100
295	156	4	7
295	172	4	6
295	196	4	6
295	205	6	-100
295	210	6	-100
295	266	4	-100
295	289	4	6
295	291	5	-100
295	297	7	-100
295	298	7	-100
295	347	4	7
295	369	5	-100
295	399	6	-100
295	474	4	-100
296	36	6	-100
296	120	7	-100
296	157	5	6
296	158	7	-100
296	347	5	7
296	441	6	-100
296	499	5	-100
297	42	5	7
297	111	5	-100
297	141	5	6
297	203	4	7
297	223	4	7
297	226	5	7
297	325	6	-100
297	347	5	6
297	392	4	6
298	1	6	-100
298	81	5	-100
298	126	5	6
298	205	4	6
298	287	5	6
298	289	5	-100
298	367	5	7
298	471	5	6
298	494	4	6
298	495	7	-100
299	27	4	7
299	29	4	-100
299	202	4	7
299	224	4	-100
299	246	5	7
299	256	4	7
299	282	4	6
299	287	4	7
299	298	4	6
299	307	5	7
299	342	4	6
299	426	4	6
299	435	4	6
299	494	4	6
300	35	4	7
300	50	5	7
300	66	5	-100
300	73	7	-100
300	83	5	7
300	128	5	7
300	189	4	6
300	209	5	7
300	215	5	7
300	217	4	7
300	235	4	7
300	239	4	7
300	275	4	-100
300	329	5	7
300	361	6	-100
300	455	5	-100
300	482	5	7
300	486	5	7
303	23	6	-100
303	34	4	-100
303	36	4	-100
303	66	6	-100
303	97	5	7
303	99	6	-100
303	127	4	-100
303	136	4	6
303	139	5	6
303	153	5	6
303	168	7	-100
303	174	4	6
303	177	4	7
303	186	4	-100
303	205	7	-100
303	265	5	6
303	282	6	-100
303	397	4	7
303	426	5	6
303	447	5	6
307	79	7	-100
307	84	6	-100
307	92	6	-100
307	99	4	-100
307	170	5	6
307	174	6	-100
307	191	5	6
307	300	5	6
307	401	4	6
307	428	4	7
307	439	7	-100
307	467	6	-100
307	493	4	7
307	499	5	-100
308	35	6	-100
308	40	4	6
308	45	7	-100
308	99	4	7
308	109	5	6
308	111	6	-100
308	124	7	-100
308	132	6	-100
308	156	7	-100
308	159	5	-100
308	196	4	6
308	238	6	-100
308	275	4	7
308	276	4	6
308	295	4	6
308	330	5	6
308	361	5	7
308	376	4	-100
308	382	4	7
308	441	5	7
308	474	5	7
308	485	5	7
308	486	5	6
309	62	5	6
309	65	5	6
309	94	5	7
309	104	5	7
309	134	4	6
309	183	4	6
309	191	4	7
309	261	5	6
309	311	4	7
309	350	5	7
309	426	4	6
309	459	5	7
309	469	5	7
309	480	4	-100
309	484	7	-100
311	37	5	7
311	127	5	-100
311	144	4	7
311	148	5	6
311	211	7	-100
311	235	5	6
311	254	4	7
311	276	6	-100
311	280	4	6
311	347	7	-100
311	372	5	7
311	378	5	7
311	419	6	-100
311	425	5	6
311	443	4	6
311	451	4	6
311	469	5	-100
311	470	6	-100
311	474	6	-100
311	476	5	6
311	484	7	-100
311	490	4	6
311	493	5	7
311	494	4	-100
311	496	7	-100
320	13	5	7
320	79	4	7
320	94	7	-100
320	105	5	7
320	110	5	7
320	158	5	-100
320	193	7	-100
320	205	4	7
320	215	4	7
320	223	5	7
320	265	4	6
320	401	5	7
320	414	4	-100
320	459	4	6
320	467	4	-100
321	45	6	-100
321	85	4	-100
321	94	7	-100
321	100	5	7
321	128	7	-100
321	222	5	7
321	229	4	-100
321	234	4	7
321	295	4	7
321	297	4	-100
321	450	4	-100
321	485	6	-100
321	497	5	7
321	499	5	6
325	107	4	6
325	156	5	7
325	191	4	7
325	222	5	6
325	243	4	7
325	347	4	-100
325	360	4	6
325	432	6	-100
325	443	5	6
325	469	6	-100
325	482	5	7
325	493	5	6
325	497	5	7
326	27	5	6
326	48	7	-100
326	59	4	7
326	77	5	-100
326	97	4	7
326	157	4	-100
326	215	4	-100
326	217	4	6
326	233	4	6
326	234	4	6
326	265	4	6
326	300	7	-100
326	308	5	7
326	309	4	7
326	311	5	6
326	332	5	6
326	367	7	-100
326	414	4	7
326	439	4	6
326	459	5	6
326	484	7	-100
326	496	5	7
329	29	5	6
329	35	4	-100
329	81	6	-100
329	92	5	7
329	98	5	6
329	116	4	-100
329	172	7	-100
329	191	5	7
329	201	5	7
329	222	4	7
329	235	5	7
329	298	6	-100
329	373	7	-100
329	386	6	-100
329	395	5	6
329	425	4	7
329	461	5	6
329	471	5	6
329	484	4	7
329	490	5	7
329	493	4	7
330	2	6	-100
330	32	5	-100
330	38	5	6
330	83	4	6
330	93	5	6
330	100	7	-100
330	111	4	-100
330	113	5	-100
330	116	6	-100
330	128	5	6
330	132	7	-100
330	134	4	6
330	153	4	-100
330	170	4	7
330	183	4	6
330	186	4	7
330	201	4	6
330	203	5	6
330	229	4	-100
330	243	4	-100
330	300	7	-100
330	320	7	-100
330	329	5	6
330	361	4	-100
330	391	5	6
330	414	5	7
330	474	4	7
332	45	4	6
332	60	5	7
332	74	4	7
332	79	4	6
332	107	6	-100
332	157	4	7
332	159	6	-100
332	201	5	6
332	265	4	6
332	300	4	7
332	330	4	6
332	385	4	7
332	391	5	-100
332	397	5	6
332	419	4	6
332	432	4	7
332	484	7	-100
332	493	6	-100
334	214	4	-100
334	326	5	-100
334	378	5	7
334	427	5	6
334	439	5	6
334	480	4	7
335	34	5	-100
335	60	5	7
335	94	5	6
335	107	5	7
335	136	4	-100
335	139	4	7
335	153	5	6
335	157	4	7
335	185	4	7
335	205	5	-100
335	267	5	-100
335	295	5	7
335	307	5	6
335	336	5	7
335	337	5	6
335	347	5	-100
335	401	5	7
335	424	4	6
335	426	5	6
335	480	5	6
335	484	5	6
336	1	4	7
336	6	5	6
336	80	5	7
336	116	4	7
336	126	5	7
336	185	4	6
336	205	4	6
336	211	5	6
336	215	4	7
336	243	6	-100
336	265	4	6
336	303	5	-100
336	414	4	6
336	441	4	7
336	486	4	6
336	499	7	-100
337	1	7	-100
337	7	5	6
337	48	4	-100
337	58	5	6
337	60	5	7
337	65	5	6
337	73	5	7
337	148	5	7
337	155	5	7
337	170	5	6
337	228	4	7
337	234	5	7
337	437	7	-100
337	484	4	6
337	486	4	6
337	496	4	7
342	2	4	-100
342	32	5	7
342	33	4	6
342	45	5	6
342	73	4	6
342	77	4	7
342	104	5	6
342	107	4	-100
342	119	4	6
342	259	4	6
342	265	6	-100
342	300	7	-100
342	329	7	-100
342	403	5	6
342	428	4	6
342	461	6	-100
342	467	5	6
342	470	5	7
347	13	4	-100
347	42	5	6
347	43	5	6
347	47	5	7
347	65	4	6
347	66	6	-100
347	99	5	-100
347	104	4	6
347	120	6	-100
347	127	4	6
347	174	6	-100
347	278	4	7
347	280	5	7
347	303	7	-100
347	332	6	-100
347	364	4	6
347	371	4	-100
347	385	5	7
347	394	7	-100
347	401	4	7
347	424	4	7
347	428	6	-100
347	451	5	6
347	455	5	6
347	480	4	7
350	61	4	6
359	16	4	7
359	40	5	7
359	110	4	6
359	128	5	6
359	144	6	-100
359	185	4	7
359	222	5	7
359	256	5	-100
359	261	7	-100
359	378	4	6
359	433	7	-100
360	53	5	6
360	86	4	7
360	116	5	6
360	190	7	-100
360	214	5	6
360	239	5	7
360	275	5	6
360	482	4	6
360	496	5	-100
361	45	6	-100
361	53	5	-100
361	58	5	7
361	65	5	-100
361	85	5	-100
361	98	6	-100
361	109	4	6
361	123	7	-100
361	124	4	7
361	128	7	-100
361	144	7	-100
361	152	4	7
361	175	4	7
361	222	4	7
361	224	5	6
361	225	4	7
361	254	5	7
361	309	5	-100
361	360	5	7
361	383	4	7
361	391	5	-100
361	401	4	6
361	409	6	-100
361	425	6	-100
361	439	5	7
361	469	4	7
364	32	4	-100
364	34	7	-100
364	50	5	6
364	85	5	-100
364	90	5	6
364	111	5	-100
364	113	4	7
364	120	7	-100
364	124	6	-100
364	127	4	6
364	129	7	-100
364	144	4	6
364	172	5	7
364	174	7	-100
364	177	6	-100
364	205	6	-100
364	211	4	6
364	232	4	7
364	246	5	-100
364	250	4	-100
364	256	6	-100
364	276	4	7
364	287	4	6
364	307	4	6
364	311	7	-100
364	335	4	7
364	336	7	-100
364	337	5	-100
364	367	6	-100
364	371	7	-100
364	377	6	-100
364	382	4	7
364	386	4	7
364	399	4	7
364	419	5	7
364	425	6	-100
364	428	5	7
364	437	4	7
364	443	7	-100
364	447	5	-100
364	448	4	7
364	450	5	7
364	451	4	7
364	474	4	6
367	27	4	6
367	50	4	7
367	66	5	7
367	73	5	6
367	127	5	6
367	132	4	6
367	153	5	6
367	175	5	6
367	177	5	-100
367	229	5	6
367	234	5	7
367	246	5	6
367	265	4	7
367	369	4	6
367	419	4	7
367	439	4	7
367	447	5	6
367	450	5	6
367	470	5	-100
367	471	4	-100
367	495	5	-100
367	499	5	6
369	6	6	-100
369	27	4	6
369	32	7	-100
369	65	5	7
369	73	4	-100
369	97	4	6
369	98	5	7
369	226	5	7
369	232	4	6
369	233	4	6
369	238	4	7
369	335	4	-100
369	386	4	-100
369	419	4	6
369	439	4	-100
369	450	5	6
369	461	4	6
371	29	4	7
371	61	4	6
371	99	4	6
371	153	5	6
371	170	6	-100
371	205	4	6
371	234	4	6
371	295	4	6
371	369	4	-100
371	403	5	6
371	439	5	6
371	455	5	7
371	459	5	7
371	461	5	-100
371	471	6	-100
371	485	5	7
372	47	4	6
372	53	4	6
372	86	5	-100
372	136	6	-100
372	156	4	-100
372	214	4	7
372	232	5	7
372	241	4	7
372	243	5	6
372	259	6	-100
372	266	6	-100
372	367	7	-100
372	382	4	-100
372	465	7	-100
372	485	4	7
373	13	5	7
373	43	6	-100
373	62	4	6
373	66	4	7
373	74	5	7
373	92	5	6
373	132	6	-100
373	153	4	-100
373	215	5	7
373	234	5	-100
373	235	7	-100
373	237	5	7
373	298	4	6
373	321	4	6
373	451	4	-100
373	471	4	7
373	474	5	6
376	34	4	6
376	50	4	-100
376	107	5	7
376	126	7	-100
376	177	5	6
376	250	4	-100
376	289	5	-100
376	290	5	6
376	295	5	-100
376	369	4	-100
376	381	4	6
376	401	4	7
376	426	5	7
376	431	5	-100
376	451	4	6
376	485	4	-100
377	47	4	-100
377	77	5	-100
377	85	6	-100
377	97	4	7
377	110	4	7
377	271	4	6
377	320	6	-100
377	359	5	6
377	385	5	6
377	428	7	-100
377	484	7	-100
377	490	5	6
377	492	5	6
378	34	4	7
378	38	5	-100
378	48	7	-100
378	155	5	7
378	272	5	-100
378	326	4	6
378	335	6	-100
378	373	5	7
378	385	5	7
378	426	4	-100
378	471	5	7
381	33	4	7
381	35	4	6
381	211	5	-100
381	214	4	6
381	267	5	7
381	297	6	-100
381	350	4	7
381	399	6	-100
381	432	5	7
381	437	4	6
381	480	5	7
381	495	4	7
382	45	4	6
382	61	5	7
382	86	5	7
382	113	4	6
382	120	4	6
382	134	5	-100
382	142	4	-100
382	148	4	7
382	172	4	7
382	200	7	-100
382	214	4	-100
382	229	4	7
382	241	6	-100
382	266	5	6
382	381	4	7
382	437	4	-100
382	447	5	6
382	450	6	-100
382	455	5	6
382	480	4	7
383	47	4	7
383	96	4	6
383	99	4	6
383	129	4	-100
383	183	5	6
383	205	5	6
383	217	4	7
383	235	5	7
383	254	4	7
383	265	4	6
383	272	6	-100
383	308	4	7
383	325	4	7
383	326	4	7
383	332	5	6
383	335	5	7
383	359	5	6
383	426	4	-100
383	427	5	6
383	439	5	7
383	492	6	-100
385	34	5	6
385	79	7	-100
385	90	5	6
385	119	5	-100
385	120	5	6
385	124	4	7
385	177	5	6
385	203	5	6
385	290	4	-100
385	443	6	-100
385	484	5	6
386	6	5	7
386	13	5	-100
386	48	4	6
386	105	6	-100
386	127	4	7
386	139	5	6
386	189	4	7
386	191	4	7
386	209	5	7
386	232	5	6
386	290	4	-100
386	295	6	-100
386	299	5	-100
386	308	5	7
386	325	4	7
386	382	4	-100
386	399	7	-100
386	414	4	7
386	419	4	6
386	431	5	7
386	435	6	-100
386	439	4	7
386	443	6	-100
386	459	7	-100
386	461	5	6
386	469	5	-100
386	483	4	-100
386	498	5	6
390	73	4	-100
390	97	4	-100
390	136	5	6
390	172	5	6
390	234	5	7
390	391	4	7
390	419	5	7
390	427	4	7
391	31	4	6
391	36	4	7
391	45	5	-100
391	86	4	6
391	110	6	-100
391	205	4	6
391	235	5	7
391	243	4	6
391	256	4	6
391	265	7	-100
391	300	4	7
391	359	6	-100
391	383	7	-100
391	427	4	6
391	428	4	6
391	450	4	7
391	467	7	-100
391	484	5	7
392	104	4	-100
392	113	7	-100
392	132	4	-100
392	190	4	7
392	271	4	7
392	483	5	7
392	493	4	-100
394	71	5	7
394	100	5	-100
394	120	4	7
394	202	5	-100
394	205	5	6
394	233	5	6
394	256	4	6
394	311	4	7
394	342	5	-100
394	378	6	-100
394	420	6	-100
394	424	4	6
394	426	5	7
394	451	6	-100
394	459	5	-100
394	476	4	6
394	496	5	-100
395	35	4	7
395	89	4	7
395	123	4	7
395	159	5	6
395	191	5	6
395	299	7	-100
395	326	7	-100
395	378	5	7
395	424	5	7
397	6	4	6
397	10	5	7
397	34	5	6
397	35	4	6
397	42	4	7
397	85	4	6
397	86	5	-100
397	93	5	-100
397	98	4	6
397	100	7	-100
397	105	5	-100
397	202	5	-100
397	203	4	-100
397	210	5	-100
397	222	6	-100
397	261	4	7
397	271	4	7
397	280	5	6
397	289	5	6
397	321	6	-100
397	372	5	7
397	409	6	-100
397	424	5	7
397	426	5	-100
397	437	5	-100
397	448	5	6
397	485	4	6
399	2	5	7
399	10	6	-100
399	40	4	6
399	113	7	-100
399	123	5	6
399	132	7	-100
399	158	6	-100
399	191	4	-100
399	266	4	7
399	279	5	6
399	298	4	-100
399	308	5	6
399	329	4	7
399	378	5	7
399	409	6	-100
399	419	5	7
399	447	5	7
399	451	4	6
399	459	5	-100
399	494	6	-100
399	497	4	7
401	6	5	7
401	33	5	-100
401	34	5	-100
401	35	4	7
401	49	6	-100
401	81	7	-100
401	85	4	6
401	90	5	7
401	93	4	7
401	99	4	6
401	104	4	6
401	120	5	-100
401	127	6	-100
401	136	5	7
401	155	5	6
401	172	4	6
401	246	4	7
401	265	7	-100
401	272	5	6
401	279	6	-100
401	321	5	6
401	342	5	6
401	364	5	-100
401	392	7	-100
401	451	5	6
401	483	5	7
401	493	7	-100
401	499	6	-100
403	94	5	7
403	99	7	-100
403	139	5	7
403	239	4	7
403	300	5	7
403	373	5	6
403	424	6	-100
403	499	4	6
409	37	4	6
409	109	4	6
409	202	5	7
409	259	5	-100
409	280	5	6
409	289	4	-100
409	311	4	7
409	410	5	6
409	469	5	7
410	29	5	6
410	37	7	-100
410	71	5	6
410	77	5	6
410	229	4	7
410	237	4	-100
410	282	4	6
410	285	4	-100
410	311	4	6
410	329	5	6
410	372	4	7
410	431	4	6
410	437	4	6
410	443	7	-100
410	465	4	-100
410	490	4	-100
410	498	4	-100
414	31	5	7
414	32	5	7
414	33	5	7
414	38	4	-100
414	40	7	-100
414	45	5	7
414	49	4	7
414	66	4	6
414	80	4	7
414	85	4	6
414	89	4	6
414	99	5	7
414	120	5	6
414	128	4	6
414	136	4	7
414	141	4	-100
414	191	4	6
414	200	5	6
414	203	5	6
414	205	5	6
414	223	7	-100
414	224	5	7
414	254	4	7
414	276	5	7
414	279	4	7
414	285	4	6
414	321	5	6
414	332	5	7
414	361	5	7
414	383	7	-100
414	432	4	7
414	437	5	7
419	6	7	-100
419	29	4	6
419	72	6	-100
419	79	5	6
419	94	4	6
419	132	5	7
419	142	5	-100
419	152	7	-100
419	189	5	6
419	211	4	6
419	228	5	7
419	243	4	7
419	246	7	-100
419	289	6	-100
419	295	4	7
419	336	4	6
419	337	4	6
419	347	4	6
419	382	4	-100
419	447	4	-100
419	461	5	7
419	474	4	6
419	498	5	7
420	27	5	-100
420	49	7	-100
420	61	5	6
420	84	5	-100
420	116	5	7
420	132	5	7
420	272	5	7
420	295	4	-100
420	364	7	-100
420	376	4	6
420	419	6	-100
420	424	4	7
420	426	7	-100
424	27	5	-100
424	37	5	7
424	47	4	-100
424	49	6	-100
424	126	7	-100
424	229	7	-100
424	234	6	-100
424	272	4	7
424	278	5	6
424	369	7	-100
424	401	5	-100
424	426	4	-100
424	443	4	-100
424	450	4	7
424	467	5	6
424	493	5	-100
425	13	5	7
425	59	4	7
425	81	5	7
425	97	4	-100
425	153	4	-100
425	170	4	7
425	202	4	6
425	232	4	7
425	233	5	6
425	256	5	7
425	279	4	6
425	378	5	6
425	386	5	7
425	391	7	-100
425	419	6	-100
425	426	6	-100
425	428	6	-100
425	439	7	-100
425	459	6	-100
425	474	5	-100
425	496	5	6
426	6	5	-100
426	40	6	-100
426	42	4	6
426	124	4	7
426	191	4	-100
426	229	5	6
426	235	5	6
426	243	5	7
426	278	7	-100
426	280	5	7
426	282	4	-100
426	296	5	-100
426	311	7	-100
426	427	5	6
426	439	5	6
426	451	5	-100
426	470	5	6
426	474	4	6
426	498	6	-100
427	6	4	7
427	32	5	7
427	36	4	6
427	53	6	-100
427	80	5	-100
427	84	4	7
427	89	4	-100
427	105	5	-100
427	111	4	-100
427	128	4	7
427	173	7	-100
427	189	7	-100
427	224	5	6
427	261	5	6
427	266	4	7
427	272	4	-100
427	287	5	-100
427	335	5	-100
427	359	5	6
427	424	5	6
427	448	5	6
427	459	4	7
427	474	7	-100
427	493	5	6
427	496	7	-100
428	31	5	6
428	33	5	7
428	38	5	6
428	47	4	7
428	66	5	6
428	85	6	-100
428	93	4	6
428	119	5	6
428	124	6	-100
428	127	5	7
428	128	7	-100
428	136	4	6
428	155	4	7
428	203	5	7
428	207	6	-100
428	275	6	-100
428	282	7	-100
428	285	4	7
428	303	5	7
428	330	6	-100
428	414	7	-100
428	474	5	6
431	1	6	-100
431	7	5	-100
431	35	4	6
431	58	4	6
431	62	5	-100
431	85	4	6
431	297	4	-100
431	335	4	6
431	385	4	7
431	483	6	-100
431	497	6	-100
432	18	4	-100
432	40	4	6
432	79	4	-100
432	100	4	6
432	127	4	6
432	175	4	7
432	191	5	6
432	193	5	-100
432	203	4	7
432	212	5	7
432	215	5	6
432	224	7	-100
432	361	4	7
432	424	5	7
432	425	7	-100
432	439	6	-100
432	465	4	7
432	469	5	7
432	490	5	7
433	71	5	7
433	224	5	6
433	241	4	-100
433	261	5	7
433	321	4	-100
433	371	4	6
433	392	5	6
433	431	4	6
433	459	6	-100
435	43	5	6
435	92	4	-100
435	139	4	7
435	173	7	-100
435	191	4	6
435	223	4	6
435	235	6	-100
435	494	5	7
435	496	6	-100
437	18	4	-100
437	36	5	-100
437	42	6	-100
437	45	7	-100
437	49	4	-100
437	59	5	7
437	62	5	6
437	90	7	-100
437	124	5	7
437	132	5	7
437	168	5	6
437	215	5	7
437	229	5	-100
437	246	4	6
437	259	6	-100
437	308	4	7
437	321	5	6
437	342	4	-100
437	367	5	7
437	373	4	6
437	450	5	7
437	465	4	7
437	485	6	-100
437	494	4	6
439	13	5	-100
439	27	4	6
439	42	4	-100
439	48	5	-100
439	85	4	6
439	97	6	-100
439	131	5	7
439	132	4	7
439	157	5	-100
439	184	6	-100
439	191	4	-100
439	234	5	6
439	235	5	7
439	243	7	-100
439	275	4	6
439	287	5	7
439	308	4	-100
439	378	4	6
439	394	5	6
439	409	7	-100
439	424	5	-100
439	443	4	7
439	450	4	6
439	459	4	7
439	467	6	-100
439	471	5	7
439	484	7	-100
439	496	5	-100
441	6	7	-100
441	10	4	7
441	47	5	6
441	119	4	6
441	132	7	-100
441	186	4	7
441	209	6	-100
441	225	5	7
441	228	5	7
441	326	6	-100
441	385	6	-100
441	427	5	6
441	443	4	7
441	448	5	-100
441	483	5	-100
441	490	5	7
443	42	5	6
443	81	5	-100
443	92	4	7
443	96	4	-100
443	109	4	7
443	174	4	7
443	235	7	-100
443	241	5	-100
443	295	5	6
443	329	5	7
443	347	4	-100
443	381	5	7
443	395	6	-100
443	414	4	7
443	431	5	-100
443	432	4	7
443	467	6	-100
443	469	7	-100
443	483	5	7
447	13	5	6
447	48	4	6
447	61	5	6
447	66	5	7
447	90	4	7
447	109	4	7
447	131	5	-100
447	142	5	7
447	211	5	7
447	214	4	-100
447	233	4	7
447	243	5	-100
447	246	5	6
447	282	4	7
447	290	5	-100
447	320	5	6
447	332	4	7
447	361	4	7
447	369	4	7
447	439	4	6
447	448	5	6
447	459	4	7
447	474	5	6
447	480	5	6
447	492	5	6
448	58	4	6
448	100	7	-100
448	105	5	7
448	173	7	-100
448	196	5	6
448	207	5	6
448	226	4	6
448	239	4	-100
448	276	4	6
448	334	7	-100
448	419	4	6
448	425	6	-100
448	428	4	6
450	23	6	-100
450	38	4	7
450	50	5	6
450	69	5	-100
450	79	5	7
450	81	4	7
450	84	6	-100
450	131	5	6
450	153	4	-100
450	155	4	-100
450	170	4	-100
450	185	4	7
450	214	5	7
450	217	4	6
450	238	5	6
450	243	7	-100
450	287	5	6
450	295	5	6
450	307	4	6
450	337	4	-100
450	403	6	-100
450	425	6	-100
450	426	5	-100
450	443	5	6
450	451	6	-100
450	465	4	6
450	467	5	-100
450	485	5	7
451	23	5	7
451	35	4	-100
451	36	7	-100
451	40	6	-100
451	48	6	-100
451	61	6	-100
451	73	5	-100
451	93	5	6
451	107	6	-100
451	111	6	-100
451	144	5	6
451	158	4	-100
451	225	5	6
451	226	4	7
451	233	4	6
451	246	7	-100
451	256	5	7
451	265	6	-100
451	280	7	-100
451	335	5	7
451	382	5	7
451	420	5	6
451	428	5	6
451	465	4	-100
451	469	4	7
451	474	4	7
455	7	4	6
455	58	4	7
455	224	4	7
455	326	4	-100
455	392	4	7
455	441	7	-100
455	448	5	6
455	459	5	7
455	486	5	7
459	29	6	-100
459	99	4	6
459	142	4	-100
459	217	4	6
459	228	5	7
459	238	4	-100
459	441	4	7
461	13	5	-100
461	116	5	6
461	155	7	-100
461	191	5	6
461	229	5	7
461	232	5	-100
461	233	7	-100
461	254	5	-100
461	325	5	7
461	337	7	-100
461	376	4	-100
461	385	5	-100
461	441	4	6
461	469	5	6
461	498	5	-100
465	27	4	6
465	50	4	6
465	72	4	-100
465	100	4	6
465	119	5	7
465	124	6	-100
465	183	5	7
465	191	5	6
465	300	4	6
465	326	4	6
465	329	4	7
465	350	6	-100
465	424	4	7
465	443	5	7
465	490	5	7
465	493	4	7
465	496	6	-100
467	50	4	7
467	84	5	6
467	86	5	-100
467	98	5	6
467	172	5	-100
467	190	4	6
467	200	4	-100
467	285	5	-100
467	360	6	-100
467	377	4	7
467	390	5	6
467	482	4	-100
469	32	5	6
469	60	5	6
469	93	4	7
469	225	4	7
469	228	5	7
469	250	5	6
469	266	4	7
469	334	6	-100
469	394	5	7
469	399	5	7
469	465	5	-100
469	497	4	-100
470	73	4	7
470	100	4	-100
470	120	5	6
470	126	5	7
470	139	4	6
470	223	6	-100
470	390	4	-100
471	38	5	-100
471	123	4	-100
471	142	4	6
471	155	5	7
471	157	7	-100
471	201	5	-100
471	205	4	7
471	209	5	6
471	246	5	7
471	267	4	6
471	303	4	-100
471	364	5	7
471	377	6	-100
471	386	6	-100
471	395	5	6
471	447	5	-100
471	450	7	-100
471	465	4	6
471	474	4	7
471	493	4	6
471	494	5	7
471	496	5	7
474	6	7	-100
474	36	4	6
474	37	5	6
474	43	4	7
474	48	4	6
474	50	4	7
474	61	4	7
474	90	4	6
474	109	4	6
474	110	5	7
474	155	7	-100
474	174	7	-100
474	209	4	6
474	215	5	6
474	228	7	-100
474	229	4	6
474	246	7	-100
474	256	5	6
474	278	4	6
474	287	4	6
474	289	6	-100
474	290	4	7
474	386	7	-100
474	401	5	6
474	409	5	7
474	441	5	6
474	443	4	6
474	450	4	-100
474	480	5	-100
476	96	5	7
476	99	4	6
476	111	4	6
476	155	4	-100
476	243	4	7
476	296	5	6
476	320	5	-100
476	329	5	7
476	332	5	-100
476	459	5	7
476	497	5	-100
480	32	4	7
480	48	7	-100
480	60	5	7
480	65	6	-100
480	96	5	6
480	113	5	7
480	153	4	-100
480	155	5	6
480	157	4	7
480	175	5	7
480	189	6	-100
480	210	4	6
480	241	5	6
480	266	4	7
480	295	4	7
480	303	5	7
480	378	4	-100
480	414	7	-100
480	427	5	-100
480	484	5	-100
482	12	7	-100
482	45	6	-100
482	48	7	-100
482	58	5	7
482	83	4	7
482	97	6	-100
482	168	7	-100
482	172	5	6
482	185	4	7
482	226	4	-100
482	309	5	7
482	397	4	6
482	424	5	6
483	37	5	-100
483	65	5	7
483	124	4	7
483	184	5	6
483	191	5	6
483	241	7	-100
483	321	5	7
483	329	5	7
483	330	5	7
483	342	5	-100
483	347	6	-100
483	364	7	-100
483	372	4	6
483	465	5	7
483	498	6	-100
484	37	6	-100
484	50	6	-100
484	65	6	-100
484	81	5	6
484	84	4	6
484	98	4	7
484	123	5	-100
484	209	5	6
484	235	5	-100
484	237	5	-100
484	239	6	-100
484	246	4	-100
484	265	4	-100
172	40	-100	-100
172	210	-100	-100
172	100	-100	-100
172	309	-100	-100
172	465	-100	-100
172	212	-100	-100
172	337	-100	-100
172	420	-100	-100
172	485	-100	-100
33	433	-100	-100
33	385	-100	-100
33	126	-100	-100
33	97	-100	-100
33	499	-100	-100
33	139	-100	-100
33	496	-100	-100
33	335	-100	-100
33	482	-100	-100
33	104	-100	-100
33	144	-100	-100
265	467	-100	-100
265	433	-100	-100
265	241	-100	-100
265	371	-100	-100
265	267	-100	-100
265	214	-100	-100
265	193	-100	-100
265	73	-100	-100
265	275	-100	-100
265	97	-100	-100
265	223	-100	-100
265	170	-100	-100
265	279	-100	-100
265	93	-100	-100
265	296	-100	-100
474	335	-100	-100
474	104	-100	-100
474	275	-100	-100
474	177	-100	-100
474	79	-100	-100
474	267	-100	-100
474	332	-100	-100
474	128	-100	-100
474	381	-100	-100
474	385	-100	-100
474	465	-100	-100
474	410	-100	-100
474	42	-100	-100
474	493	-100	-100
474	239	-100	-100
474	168	-100	-100
66	96	-100	-100
66	371	-100	-100
66	261	-100	-100
66	186	-100	-100
66	225	-100	-100
66	36	-100	-100
66	272	-100	-100
66	259	-100	-100
66	13	-100	-100
66	392	-100	-100
66	441	-100	-100
66	224	-100	-100
66	123	-100	-100
66	494	-100	-100
66	246	-100	-100
66	266	-100	-100
256	378	-100	-100
256	109	-100	-100
256	53	-100	-100
256	36	-100	-100
256	490	-100	-100
256	437	-100	-100
256	175	-100	-100
256	285	-100	-100
256	459	-100	-100
256	267	-100	-100
256	493	-100	-100
256	105	-100	-100
256	141	-100	-100
256	97	-100	-100
256	156	-100	-100
256	173	-100	-100
256	184	-100	-100
364	254	-100	-100
364	271	-100	-100
364	433	-100	-100
364	403	-100	-100
364	414	-100	-100
364	217	-100	-100
364	105	-100	-100
364	300	-100	-100
364	134	-100	-100
364	486	-100	-100
364	397	-100	-100
364	390	-100	-100
364	329	-100	-100
364	308	-100	-100
364	45	-100	-100
364	470	-100	-100
364	110	-100	-100
364	298	-100	-100
124	360	-100	-100
124	6	-100	-100
124	409	-100	-100
124	202	-100	-100
124	129	-100	-100
124	497	-100	-100
124	1	-100	-100
124	59	-100	-100
124	243	-100	-100
124	98	-100	-100
124	424	-100	-100
124	337	-100	-100
124	498	-100	-100
124	369	-100	-100
124	378	-100	-100
124	394	-100	-100
124	441	-100	-100
124	159	-100	-100
124	471	-100	-100
45	476	-100	-100
45	399	-100	-100
45	13	-100	-100
45	7	-100	-100
45	359	-100	-100
45	480	-100	-100
45	372	-100	-100
45	243	-100	-100
45	47	-100	-100
45	484	-100	-100
45	367	-100	-100
45	100	-100	-100
45	335	-100	-100
45	424	-100	-100
45	80	-100	-100
45	425	-100	-100
45	377	-100	-100
45	27	-100	-100
45	98	-100	-100
45	360	-100	-100
45	132	-100	-100
205	311	-100	-100
205	241	-100	-100
205	266	-100	-100
205	132	-100	-100
205	86	-100	-100
205	131	-100	-100
205	280	-100	-100
205	361	-100	-100
205	350	-100	-100
205	254	-100	-100
205	107	-100	-100
205	123	-100	-100
205	490	-100	-100
205	297	-100	-100
205	291	-100	-100
205	60	-100	-100
205	134	-100	-100
205	367	-100	-100
205	211	-100	-100
205	126	-100	-100
205	332	-100	-100
246	330	-100	-100
246	42	-100	-100
246	37	-100	-100
246	142	-100	-100
246	129	-100	-100
246	13	-100	-100
246	201	-100	-100
246	186	-100	-100
246	40	-100	-100
246	173	-100	-100
246	390	-100	-100
246	296	-100	-100
246	441	-100	-100
246	334	-100	-100
246	83	-100	-100
246	71	-100	-100
246	378	-100	-100
246	414	-100	-100
246	469	-100	-100
246	207	-100	-100
246	376	-100	-100
246	335	-100	-100
191	347	-100	-100
191	157	-100	-100
191	250	-100	-100
191	139	-100	-100
191	377	-100	-100
191	107	-100	-100
191	159	-100	-100
191	58	-100	-100
191	311	-100	-100
191	148	-100	-100
191	174	-100	-100
191	376	-100	-100
191	120	-100	-100
191	308	-100	-100
191	175	-100	-100
191	369	-100	-100
191	104	-100	-100
191	282	-100	-100
191	367	-100	-100
191	233	-100	-100
191	467	-100	-100
191	437	-100	-100
191	494	-100	-100
450	48	-100	-100
450	186	-100	-100
450	498	-100	-100
450	83	-100	-100
450	373	-100	-100
450	113	-100	-100
450	332	-100	-100
450	175	-100	-100
450	469	-100	-100
450	49	-100	-100
450	158	-100	-100
450	289	-100	-100
450	455	-100	-100
450	74	-100	-100
450	173	-100	-100
450	401	-100	-100
450	2	-100	-100
450	65	-100	-100
450	132	-100	-100
450	152	-100	-100
450	223	-100	-100
450	1	-100	-100
450	497	-100	-100
200	65	-100	-100
200	476	-100	-100
200	289	-100	-100
200	295	-100	-100
200	359	-100	-100
200	378	-100	-100
200	186	-100	-100
200	373	-100	-100
200	435	-100	-100
200	493	-100	-100
200	148	-100	-100
200	34	-100	-100
200	459	-100	-100
200	282	-100	-100
200	189	-100	-100
200	49	-100	-100
200	334	-100	-100
200	377	-100	-100
200	266	-100	-100
200	214	-100	-100
200	105	-100	-100
200	173	-100	-100
200	59	-100	-100
200	486	-100	-100
155	134	-100	-100
155	241	-100	-100
155	377	-100	-100
155	158	-100	-100
155	65	-100	-100
155	435	-100	-100
155	157	-100	-100
155	372	-100	-100
155	403	-100	-100
155	335	-100	-100
155	190	-100	-100
155	410	-100	-100
155	498	-100	-100
155	470	-100	-100
155	267	-100	-100
155	419	-100	-100
155	184	-100	-100
155	308	-100	-100
155	72	-100	-100
155	369	-100	-100
155	386	-100	-100
155	414	-100	-100
155	469	-100	-100
155	282	-100	-100
32	34	-100	-100
32	225	-100	-100
32	93	-100	-100
32	432	-100	-100
32	372	-100	-100
32	309	-100	-100
32	131	-100	-100
32	136	-100	-100
32	126	-100	-100
32	280	-100	-100
32	409	-100	-100
32	499	-100	-100
32	48	-100	-100
32	156	-100	-100
32	291	-100	-100
32	72	-100	-100
32	201	-100	-100
32	397	-100	-100
32	148	-100	-100
32	49	-100	-100
32	321	-100	-100
32	386	-100	-100
32	77	-100	-100
32	465	-100	-100
85	443	-100	-100
85	170	-100	-100
85	297	-100	-100
85	448	-100	-100
85	222	-100	-100
85	326	-100	-100
85	183	-100	-100
85	298	-100	-100
85	441	-100	-100
85	381	-100	-100
85	173	-100	-100
85	193	-100	-100
85	207	-100	-100
85	97	-100	-100
85	100	-100	-100
85	372	-100	-100
85	493	-100	-100
85	186	-100	-100
85	369	-100	-100
85	336	-100	-100
85	395	-100	-100
85	35	-100	-100
85	7	-100	-100
85	394	-100	-100
85	492	-100	-100
226	428	-100	-100
226	330	-100	-100
226	128	-100	-100
226	157	-100	-100
226	144	-100	-100
226	109	-100	-100
226	386	-100	-100
226	177	-100	-100
226	465	-100	-100
226	158	-100	-100
226	347	-100	-100
226	298	-100	-100
226	425	-100	-100
226	136	-100	-100
226	439	-100	-100
226	239	-100	-100
226	48	-100	-100
226	275	-100	-100
226	420	-100	-100
226	303	-100	-100
226	494	-100	-100
226	123	-100	-100
226	291	-100	-100
226	93	-100	-100
226	126	-100	-100
153	431	-100	-100
153	329	-100	-100
153	224	-100	-100
153	424	-100	-100
153	441	-100	-100
153	320	-100	-100
153	455	-100	-100
153	309	-100	-100
153	144	-100	-100
153	96	-100	-100
153	496	-100	-100
153	148	-100	-100
153	156	-100	-100
153	93	-100	-100
153	34	-100	-100
153	59	-100	-100
153	35	-100	-100
153	185	-100	-100
153	394	-100	-100
153	196	-100	-100
153	391	-100	-100
153	383	-100	-100
153	399	-100	-100
153	47	-100	-100
153	48	-100	-100
451	467	-100	-100
451	83	-100	-100
451	378	-100	-100
451	214	-100	-100
451	271	-100	-100
451	29	-100	-100
451	203	-100	-100
451	99	-100	-100
451	275	-100	-100
451	81	-100	-100
451	397	-100	-100
451	96	-100	-100
451	432	-100	-100
451	403	-100	-100
451	282	-100	-100
451	215	-100	-100
451	186	-100	-100
451	113	-100	-100
451	134	-100	-100
451	385	-100	-100
451	276	-100	-100
451	441	-100	-100
451	414	-100	-100
451	267	-100	-100
451	43	-100	-100
451	152	-100	-100
50	196	-100	-100
50	337	-100	-100
50	492	-100	-100
50	278	-100	-100
50	222	-100	-100
50	266	-100	-100
50	326	-100	-100
50	254	-100	-100
50	173	-100	-100
50	243	-100	-100
50	48	-100	-100
50	494	-100	-100
50	395	-100	-100
50	267	-100	-100
50	31	-100	-100
50	461	-100	-100
50	378	-100	-100
50	6	-100	-100
50	459	-100	-100
50	84	-100	-100
50	259	-100	-100
50	394	-100	-100
50	168	-100	-100
50	425	-100	-100
50	74	-100	-100
50	482	-100	-100
254	426	-100	-100
254	431	-100	-100
254	329	-100	-100
254	74	-100	-100
254	360	-100	-100
254	60	-100	-100
254	377	-100	-100
254	237	-100	-100
254	435	-100	-100
254	494	-100	-100
254	459	-100	-100
254	202	-100	-100
254	480	-100	-100
254	471	-100	-100
254	177	-100	-100
254	278	-100	-100
254	373	-100	-100
254	73	-100	-100
254	71	-100	-100
254	77	-100	-100
254	420	-100	-100
254	49	-100	-100
254	410	-100	-100
254	207	-100	-100
254	29	-100	-100
254	97	-100	-100
254	299	-100	-100
414	497	-100	-100
414	259	-100	-100
414	350	-100	-100
414	448	-100	-100
414	397	-100	-100
414	62	-100	-100
414	186	-100	-100
414	123	-100	-100
414	207	-100	-100
414	59	-100	-100
414	148	-100	-100
414	158	-100	-100
414	96	-100	-100
414	431	-100	-100
414	90	-100	-100
414	439	-100	-100
414	113	-100	-100
414	289	-100	-100
414	308	-100	-100
414	426	-100	-100
414	48	-100	-100
414	337	-100	-100
414	447	-100	-100
414	427	-100	-100
414	435	-100	-100
414	395	-100	-100
414	381	-100	-100
414	6	-100	-100
419	443	-100	-100
419	476	-100	-100
419	77	-100	-100
419	376	-100	-100
419	141	-100	-100
419	394	-100	-100
419	131	-100	-100
419	280	-100	-100
419	90	-100	-100
419	53	-100	-100
419	109	-100	-100
419	403	-100	-100
419	232	-100	-100
419	296	-100	-100
419	81	-100	-100
419	12	-100	-100
419	492	-100	-100
419	320	-100	-100
419	291	-100	-100
419	372	-100	-100
419	330	-100	-100
419	361	-100	-100
419	18	-100	-100
419	298	-100	-100
419	60	-100	-100
419	43	-100	-100
419	229	-100	-100
419	2	-100	-100
419	486	-100	-100
49	298	-100	-100
49	190	-100	-100
49	123	-100	-100
49	336	-100	-100
49	392	-100	-100
49	214	-100	-100
49	168	-100	-100
49	209	-100	-100
49	92	-100	-100
49	291	-100	-100
49	100	-100	-100
49	395	-100	-100
49	494	-100	-100
49	93	-100	-100
49	484	-100	-100
49	299	-100	-100
49	471	-100	-100
49	470	-100	-100
49	320	-100	-100
49	202	-100	-100
49	215	-100	-100
49	303	-100	-100
49	16	-100	-100
49	193	-100	-100
49	59	-100	-100
49	490	-100	-100
49	43	-100	-100
49	1	-100	-100
49	378	-100	-100
49	13	-100	-100
287	96	-100	-100
287	148	-100	-100
287	309	-100	-100
287	409	-100	-100
287	492	-100	-100
287	428	-100	-100
287	214	-100	-100
287	433	-100	-100
287	170	-100	-100
287	385	-100	-100
287	291	-100	-100
287	494	-100	-100
287	40	-100	-100
287	159	-100	-100
287	158	-100	-100
287	420	-100	-100
287	237	-100	-100
287	212	-100	-100
287	84	-100	-100
287	29	-100	-100
287	79	-100	-100
287	228	-100	-100
287	225	-100	-100
287	386	-100	-100
287	401	-100	-100
287	280	-100	-100
287	467	-100	-100
287	372	-100	-100
287	271	-100	-100
287	289	-100	-100
113	111	-100	-100
113	234	-100	-100
113	342	-100	-100
113	386	-100	-100
113	72	-100	-100
113	40	-100	-100
113	136	-100	-100
113	93	-100	-100
113	128	-100	-100
113	129	-100	-100
113	241	-100	-100
113	278	-100	-100
113	485	-100	-100
113	476	-100	-100
113	148	-100	-100
113	210	-100	-100
113	190	-100	-100
113	215	-100	-100
113	209	-100	-100
113	107	-100	-100
113	441	-100	-100
113	109	-100	-100
113	495	-100	-100
113	424	-100	-100
113	168	-100	-100
113	232	-100	-100
113	470	-100	-100
113	431	-100	-100
113	300	-100	-100
113	369	-100	-100
209	492	-100	-100
209	459	-100	-100
209	308	-100	-100
209	303	-100	-100
209	201	-100	-100
209	79	-100	-100
209	334	-100	-100
209	432	-100	-100
209	371	-100	-100
209	27	-100	-100
209	185	-100	-100
209	120	-100	-100
209	336	-100	-100
209	89	-100	-100
209	175	-100	-100
209	335	-100	-100
209	214	-100	-100
209	485	-100	-100
209	410	-100	-100
209	378	-100	-100
209	233	-100	-100
209	35	-100	-100
209	428	-100	-100
209	426	-100	-100
209	447	-100	-100
209	490	-100	-100
209	359	-100	-100
209	170	-100	-100
209	455	-100	-100
439	1	-100	-100
439	295	-100	-100
439	6	-100	-100
439	229	-100	-100
439	170	-100	-100
439	222	-100	-100
439	47	-100	-100
439	185	-100	-100
439	74	-100	-100
439	497	-100	-100
439	38	-100	-100
439	232	-100	-100
439	373	-100	-100
439	58	-100	-100
439	193	-100	-100
439	168	-100	-100
439	142	-100	-100
439	448	-100	-100
439	105	-100	-100
439	498	-100	-100
439	278	-100	-100
439	99	-100	-100
439	128	-100	-100
439	96	-100	-100
439	385	-100	-100
439	233	-100	-100
439	494	-100	-100
439	342	-100	-100
439	476	-100	-100
439	196	-100	-100
439	186	-100	-100
425	173	-100	-100
425	18	-100	-100
425	443	-100	-100
425	157	-100	-100
425	280	-100	-100
425	10	-100	-100
425	493	-100	-100
425	223	-100	-100
425	296	-100	-100
425	89	-100	-100
425	297	-100	-100
425	136	-100	-100
425	376	-100	-100
425	152	-100	-100
425	90	-100	-100
425	131	-100	-100
425	92	-100	-100
425	159	-100	-100
425	168	-100	-100
425	35	-100	-100
425	123	-100	-100
425	69	-100	-100
425	486	-100	-100
425	241	-100	-100
425	337	-100	-100
425	215	-100	-100
425	395	-100	-100
425	239	-100	-100
425	128	-100	-100
425	471	-100	-100
425	185	-100	-100
175	267	-100	-100
94	58	-100	-100
243	337	-100	-100
105	156	-100	-100
361	373	-100	-100
361	424	-100	-100
426	31	-100	-100
426	428	-100	-100
132	347	-100	-100
132	210	-100	-100
131	498	-100	-100
131	386	-100	-100
330	291	-100	-100
330	471	-100	-100
330	126	-100	-100
471	196	-100	-100
471	275	-100	-100
471	372	-100	-100
238	272	-100	-100
238	285	-100	-100
238	1	-100	-100
69	96	-100	-100
69	59	-100	-100
69	214	-100	-100
69	476	-100	-100
36	35	-100	-100
36	377	-100	-100
36	369	-100	-100
36	443	-100	-100
266	303	-100	-100
266	492	-100	-100
266	378	-100	-100
266	392	-100	-100
428	447	-100	-100
428	410	-100	-100
428	279	-100	-100
428	152	-100	-100
295	23	-100	-100
295	10	-100	-100
295	96	-100	-100
295	99	-100	-100
99	62	-100	-100
99	377	-100	-100
99	484	-100	-100
397	401	-100	-100
397	193	-100	-100
397	495	-100	-100
397	378	-100	-100
401	280	-100	-100
401	185	-100	-100
401	492	-100	-100
401	43	-100	-100
276	394	-100	-100
276	123	-100	-100
276	467	-100	-100
276	89	-100	-100
276	320	-100	-100
111	58	-100	-100
111	196	-100	-100
111	224	-100	-100
111	71	-100	-100
111	470	-100	-100
109	23	-100	-100
109	29	-100	-100
109	211	-100	-100
109	371	-100	-100
109	299	-100	-100
35	299	-100	-100
35	307	-100	-100
35	228	-100	-100
35	97	-100	-100
35	29	-100	-100
289	214	-100	-100
289	267	-100	-100
289	201	-100	-100
289	97	-100	-100
289	381	-100	-100
335	29	-100	-100
335	234	-100	-100
335	212	-100	-100
335	92	-100	-100
335	123	-100	-100
211	494	-100	-100
211	280	-100	-100
211	371	-100	-100
211	480	-100	-100
211	386	-100	-100
386	385	-100	-100
386	241	-100	-100
386	394	-100	-100
386	86	-100	-100
386	80	-100	-100
207	437	-100	-100
207	119	-100	-100
207	170	-100	-100
207	139	-100	-100
207	321	-100	-100
34	152	-100	-100
215	470	-100	-100
61	372	-100	-100
86	311	-100	-100
280	326	-100	-100
232	126	-100	-100
427	300	-100	-100
427	403	-100	-100
183	367	-100	-100
183	196	-100	-100
447	71	-100	-100
447	261	-100	-100
447	60	-100	-100
311	223	-100	-100
311	1	-100	-100
311	392	-100	-100
367	347	-100	-100
367	399	-100	-100
367	98	-100	-100
272	391	-100	-100
272	104	-100	-100
272	459	-100	-100
391	278	-100	-100
391	59	-100	-100
391	486	-100	-100
152	486	-100	-100
152	126	-100	-100
152	360	-100	-100
441	432	-100	-100
441	129	-100	-100
441	104	-100	-100
441	89	-100	-100
156	347	-100	-100
156	296	-100	-100
156	224	-100	-100
156	40	-100	-100
65	492	-100	-100
65	27	-100	-100
65	96	-100	-100
65	385	-100	-100
347	148	-100	-100
347	2	-100	-100
347	267	-100	-100
347	290	-100	-100
90	470	-100	-100
90	332	-100	-100
90	432	-100	-100
90	89	-100	-100
326	38	-100	-100
326	116	-100	-100
326	81	-100	-100
326	10	-100	-100
234	455	-100	-100
234	360	-100	-100
234	486	-100	-100
234	435	-100	-100
234	476	-100	-100
98	372	-100	-100
98	495	-100	-100
98	403	-100	-100
98	334	-100	-100
98	193	-100	-100
233	390	-100	-100
233	42	-100	-100
233	148	-100	-100
233	282	-100	-100
233	332	-100	-100
38	308	-100	-100
38	1	-100	-100
38	409	-100	-100
38	483	-100	-100
38	92	-100	-100
329	496	-100	-100
329	141	-100	-100
329	40	-100	-100
329	27	-100	-100
329	214	-100	-100
104	299	-100	-100
104	279	-100	-100
104	376	-100	-100
104	483	-100	-100
104	350	-100	-100
104	119	-100	-100
224	79	-100	-100
29	377	-100	-100
480	174	-100	-100
31	455	-100	-100
225	492	-100	-100
174	383	-100	-100
424	250	-100	-100
332	486	-100	-100
300	10	-100	-100
300	126	-100	-100
10	100	-100	-100
10	325	-100	-100
432	139	-100	-100
432	495	-100	-100
465	373	-100	-100
465	482	-100	-100
465	376	-100	-100
97	92	-100	-100
97	177	-100	-100
97	193	-100	-100
16	210	-100	-100
16	116	-100	-100
16	320	-100	-100
275	42	-100	-100
275	372	-100	-100
275	469	-100	-100
158	499	-100	-100
158	395	-100	-100
158	148	-100	-100
83	377	-100	-100
83	470	-100	-100
83	303	-100	-100
100	476	-100	-100
100	494	-100	-100
100	148	-100	-100
100	392	-100	-100
43	2	-100	-100
43	376	-100	-100
43	168	-100	-100
43	382	-100	-100
320	373	-100	-100
320	298	-100	-100
320	42	-100	-100
320	382	-100	-100
42	299	-100	-100
42	239	-100	-100
42	228	-100	-100
110	325	-100	-100
110	467	-100	-100
110	214	-100	-100
110	459	-100	-100
48	496	-100	-100
48	222	-100	-100
48	202	-100	-100
48	291	-100	-100
81	13	-100	-100
81	1	-100	-100
81	499	-100	-100
81	71	-100	-100
467	13	-100	-100
467	309	-100	-100
467	469	-100	-100
467	303	-100	-100
303	376	-100	-100
303	96	-100	-100
303	325	-100	-100
303	337	-100	-100
13	359	-100	-100
13	448	-100	-100
13	37	-100	-100
13	394	-100	-100
239	93	-100	-100
239	79	-100	-100
239	123	-100	-100
239	107	-100	-100
239	435	-100	-100
241	107	-100	-100
123	7	-100	-100
107	285	-100	-100
372	321	-100	-100
84	334	-100	-100
139	282	-100	-100
139	476	-100	-100
484	71	-100	-100
484	376	-100	-100
40	71	-100	-100
40	290	-100	-100
279	420	-100	-100
279	371	-100	-100
382	190	-100	-100
382	185	-100	-100
448	134	-100	-100
448	337	-100	-100
448	71	-100	-100
217	394	-100	-100
217	12	-100	-100
217	134	-100	-100
394	237	-100	-100
394	7	-100	-100
134	60	-100	-100
134	37	-100	-100
134	119	-100	-100
337	297	-100	-100
337	410	-100	-100
337	223	-100	-100
369	80	-100	-100
369	336	-100	-100
369	399	-100	-100
399	259	-100	-100
399	309	-100	-100
399	228	-100	-100
336	334	-100	-100
336	222	-100	-100
336	18	-100	-100
80	168	-100	-100
80	159	-100	-100
80	321	-100	-100
291	420	-100	-100
291	222	-100	-100
291	62	-100	-100
291	214	-100	-100
168	496	-100	-100
168	282	-100	-100
168	433	-100	-100
168	490	-100	-100
278	420	-100	-100
278	193	-100	-100
278	410	-100	-100
278	177	-100	-100
373	60	-100	-100
373	79	-100	-100
373	212	-100	-100
373	189	-100	-100
79	212	-100	-100
79	459	-100	-100
79	381	-100	-100
79	189	-100	-100
189	486	-100	-100
189	212	-100	-100
189	185	-100	-100
196	141	-100	-100
196	476	-100	-100
196	7	-100	-100
196	203	-100	-100
196	494	-100	-100
461	476	-100	-100
461	259	-100	-100
461	72	-100	-100
461	360	-100	-100
461	12	-100	-100
185	116	-100	-100
185	144	-100	-100
185	214	-100	-100
185	71	-100	-100
185	18	-100	-100
342	159	-100	-100
214	377	-100	-100
321	395	-100	-100
309	376	-100	-100
309	483	-100	-100
73	136	-100	-100
73	385	-100	-100
116	307	-100	-100
116	496	-100	-100
136	223	-100	-100
136	334	-100	-100
223	383	-100	-100
459	350	-100	-100
459	201	-100	-100
62	261	-100	-100
62	495	-100	-100
62	23	-100	-100
285	296	-100	-100
285	71	-100	-100
285	72	-100	-100
159	455	-100	-100
159	282	-100	-100
159	497	-100	-100
228	129	-100	-100
228	297	-100	-100
228	381	-100	-100
37	395	-100	-100
37	2	-100	-100
37	435	-100	-100
410	267	-100	-100
410	186	-100	-100
410	60	-100	-100
119	1	-100	-100
119	141	-100	-100
119	350	-100	-100
119	359	-100	-100
376	18	-100	-100
376	74	-100	-100
376	59	-100	-100
376	435	-100	-100
74	203	-100	-100
74	433	-100	-100
74	486	-100	-100
129	18	-100	-100
129	371	-100	-100
129	360	-100	-100
129	89	-100	-100
371	201	-100	-100
371	267	-100	-100
371	383	-100	-100
371	1	-100	-100
201	299	-100	-100
201	476	-100	-100
201	334	-100	-100
201	126	-100	-100
476	433	-100	-100
476	390	-100	-100
476	482	-100	-100
12	498	-100	-100
12	296	-100	-100
12	496	-100	-100
12	470	-100	-100
12	377	-100	-100
2	395	-100	-100
2	282	-100	-100
2	271	-100	-100
2	290	-100	-100
2	498	-100	-100
93	420	-100	-100
93	433	-100	-100
93	290	-100	-100
93	141	-100	-100
93	359	-100	-100
420	184	-100	-100
420	497	-100	-100
420	496	-100	-100
420	177	-100	-100
420	383	-100	-100
496	490	-100	-100
496	385	-100	-100
496	23	-100	-100
496	493	-100	-100
496	193	-100	-100
381	482	-100	-100
381	325	-100	-100
381	383	-100	-100
381	299	-100	-100
381	259	-100	-100
383	89	-100	-100
383	350	-100	-100
383	271	-100	-100
383	470	-100	-100
259	92	-100	-100
259	470	-100	-100
259	296	-100	-100
259	359	-100	-100
259	71	-100	-100
71	170	-100	-100
71	409	-100	-100
71	177	-100	-100
71	267	-100	-100
71	455	-100	-100
212	186	-100	-100
222	190	-100	-100
482	60	-100	-100
210	298	-100	-100
59	297	-100	-100
377	282	-100	-100
60	177	-100	-100
483	173	-100	-100
282	18	-100	-100
177	170	-100	-100
298	307	-100	-100
298	431	-100	-100
307	203	-100	-100
359	390	-100	-100
359	173	-100	-100
173	390	-100	-100
403	493	-100	-100
403	392	-100	-100
493	296	-100	-100
77	498	-100	-100
77	1	-100	-100
297	433	-100	-100
297	395	-100	-100
261	392	-100	-100
261	492	-100	-100
385	89	-100	-100
385	433	-100	-100
435	72	-100	-100
435	334	-100	-100
435	186	-100	-100
186	486	-100	-100
186	170	-100	-100
186	431	-100	-100
455	193	-100	-100
455	170	-100	-100
455	203	-100	-100
455	433	-100	-100
126	395	-100	-100
126	495	-100	-100
126	296	-100	-100
126	18	-100	-100
395	390	-100	-100
395	141	-100	-100
395	495	-100	-100
271	492	-100	-100
271	409	-100	-100
271	237	-100	-100
271	92	-100	-100
170	486	-100	-100
170	350	-100	-100
170	492	-100	-100
170	325	-100	-100
325	392	-100	-100
325	409	-100	-100
325	202	-100	-100
325	141	-100	-100
392	409	-100	-100
392	296	-100	-100
392	499	-100	-100
392	290	-100	-100
290	433	-100	-100
290	72	-100	-100
290	296	-100	-100
290	334	-100	-100
237	350	-100	-100
237	193	-100	-100
237	18	-100	-100
237	390	-100	-100
237	431	-100	-100
7	202	-100	-100
7	492	-100	-100
7	485	-100	-100
7	409	-100	-100
7	433	-100	-100
433	499	-100	-100
433	486	-100	-100
433	409	-100	-100
433	18	-100	-100
409	494	-100	-100
409	470	-100	-100
409	18	-100	-100
92	184	-100	-100
92	334	-100	-100
92	141	-100	-100
92	1	-100	-100
92	72	-100	-100
184	485	-100	-100
184	431	-100	-100
184	299	-100	-100
184	492	-100	-100
431	296	-100	-100
431	485	-100	-100
431	495	-100	-100
431	498	-100	-100
431	360	-100	-100
299	498	-100	-100
299	193	-100	-100
299	18	-100	-100
299	334	-100	-100
299	203	-100	-100
360	498	-100	-100
360	89	-100	-100
360	390	-100	-100
360	485	-100	-100
360	490	-100	-100
360	486	-100	-100
485	498	-100	-100
485	334	-100	-100
485	492	-100	-100
485	495	-100	-100
485	497	-100	-100
334	141	-100	-100
334	495	-100	-100
334	494	-100	-100
334	193	-100	-100
334	497	-100	-100
141	494	-100	-100
141	23	-100	-100
141	470	-100	-100
141	350	-100	-100
141	202	-100	-100
23	296	-100	-100
23	494	-100	-100
23	498	-100	-100
23	193	-100	-100
23	89	-100	-100
23	203	-100	-100
494	203	-100	-100
494	495	-100	-100
494	470	-100	-100
494	497	-100	-100
494	350	-100	-100
89	190	-100	-100
89	492	-100	-100
89	490	-100	-100
89	203	-100	-100
89	390	-100	-100
89	499	-100	-100
203	296	-100	-100
203	497	-100	-100
203	72	-100	-100
203	492	-100	-100
203	499	-100	-100
390	350	-100	-100
390	490	-100	-100
390	190	-100	-100
390	296	-100	-100
390	193	-100	-100
296	72	-100	-100
296	498	-100	-100
296	470	-100	-100
296	350	-100	-100
296	193	-100	-100
470	490	-100	-100
470	190	-100	-100
470	18	-100	-100
470	495	-100	-100
470	350	-100	-100
498	190	-100	-100
498	193	-100	-100
498	497	-100	-100
498	486	-100	-100
498	499	-100	-100
498	1	-100	-100
193	18	-100	-100
193	72	-100	-100
193	492	-100	-100
193	495	-100	-100
193	497	-100	-100
1	190	-100	-100
1	350	-100	-100
1	486	-100	-100
1	72	-100	-100
1	495	-100	-100
1	18	-100	-100
18	350	-100	-100
18	190	-100	-100
18	72	-100	-100
18	202	-100	-100
18	490	-100	-100
202	190	-100	-100
202	492	-100	-100
202	72	-100	-100
202	497	-100	-100
202	499	-100	-100
202	490	-100	-100
490	497	-100	-100
490	492	-100	-100
490	350	-100	-100
490	495	-100	-100
490	499	-100	-100
492	72	-100	-100
492	497	-100	-100
492	350	-100	-100
492	499	-100	-100
492	190	-100	-100
497	350	-100	-100
497	486	-100	-100
497	190	-100	-100
497	499	-100	-100
190	72	-100	-100
190	499	-100	-100
190	350	-100	-100
190	495	-100	-100
72	499	-100	-100
72	350	-100	-100
72	486	-100	-100
72	364	-100	-100
499	153	-100	-100
499	127	-100	-100
499	495	-100	-100
499	419	-100	-100
499	205	-100	-100
350	425	-100	-100
350	45	-100	-100
350	419	-100	-100
350	191	-100	-100
350	124	-100	-100
350	50	-100	-100
486	254	-100	-100
486	287	-100	-100
486	414	-100	-100
486	191	-100	-100
486	172	-100	-100
486	450	-100	-100
495	386	-100	-100
495	350	-100	-100
495	382	-100	-100
495	27	-100	-100
495	96	-100	-100
495	109	-100	-100
495	448	-100	-100
425	369	-100	-100
364	131	-100	-100
153	50	-100	-100
287	300	-100	-100
127	448	-100	-100
414	239	-100	-100
172	372	-100	-100
45	42	-100	-100
205	168	-100	-100
124	31	-100	-100
254	139	-100	-100
450	29	-100	-100
256	369	-100	-100
256	239	-100	-100
113	35	-100	-100
113	81	-100	-100
226	99	-100	-100
226	279	-100	-100
439	238	-100	-100
439	291	-100	-100
265	469	-100	-100
265	148	-100	-100
209	168	-100	-100
209	401	-100	-100
200	157	-100	-100
200	43	-100	-100
246	96	-100	-100
246	332	-100	-100
155	320	-100	-100
155	174	-100	-100
451	308	-100	-100
451	100	-100	-100
474	394	-100	-100
474	469	-100	-100
66	320	-100	-100
66	426	-100	-100
33	189	-100	-100
33	111	-100	-100
32	224	-100	-100
32	185	-100	-100
85	471	-100	-100
85	332	-100	-100
49	175	-100	-100
49	469	-100	-100
235	79	-100	-100
235	40	-100	-100
289	207	-100	-100
120	469	-100	-100
361	291	-100	-100
36	275	-100	-100
211	278	-100	-100
53	168	-100	-100
105	465	-100	-100
243	13	-100	-100
132	276	-100	-100
266	13	-100	-100
295	372	-100	-100
69	185	-100	-100
428	94	-100	-100
6	332	-100	-100
330	174	-100	-100
229	148	-100	-100
397	157	-100	-100
335	80	-100	-100
239	10	-100	-100
13	279	-100	-100
157	110	-100	-100
174	217	-100	-100
320	189	-100	-100
110	81	-100	-100
110	79	-100	-100
81	158	-100	-100
224	394	-100	-100
224	337	-100	-100
10	158	-100	-100
10	134	-100	-100
158	278	-100	-100
100	291	-100	-100
100	461	-100	-100
43	394	-100	-100
43	399	-100	-100
27	308	-100	-100
27	378	-100	-100
308	250	-100	-100
250	275	-100	-100
250	139	-100	-100
275	241	-100	-100
31	225	-100	-100
31	291	-100	-100
465	139	-100	-100
465	84	-100	-100
29	185	-100	-100
29	372	-100	-100
225	83	-100	-100
225	448	-100	-100
300	84	-100	-100
300	79	-100	-100
42	241	-100	-100
42	373	-100	-100
83	84	-100	-100
83	134	-100	-100
424	185	-100	-100
424	461	-100	-100
424	189	-100	-100
48	189	-100	-100
48	139	-100	-100
48	196	-100	-100
480	279	-100	-100
480	291	-100	-100
480	185	-100	-100
303	185	-100	-100
303	217	-100	-100
303	40	-100	-100
185	107	-100	-100
185	469	-100	-100
16	97	-100	-100
16	40	-100	-100
16	291	-100	-100
97	123	-100	-100
97	278	-100	-100
291	467	-100	-100
291	469	-100	-100
469	196	-100	-100
469	278	-100	-100
467	461	-100	-100
467	378	-100	-100
432	399	-100	-100
432	372	-100	-100
432	336	-100	-100
139	79	-100	-100
139	369	-100	-100
139	279	-100	-100
139	148	-100	-100
372	399	-100	-100
372	461	-100	-100
372	278	-100	-100
372	168	-100	-100
278	336	-100	-100
278	369	-100	-100
278	337	-100	-100
79	337	-100	-100
79	84	-100	-100
79	399	-100	-100
79	336	-100	-100
461	84	-100	-100
461	378	-100	-100
461	484	-100	-100
461	189	-100	-100
84	196	-100	-100
84	168	-100	-100
84	107	-100	-100
168	107	-100	-100
168	148	-100	-100
168	382	-100	-100
189	217	-100	-100
189	337	-100	-100
189	382	-100	-100
279	382	-100	-100
279	134	-100	-100
279	337	-100	-100
279	394	-100	-100
337	96	-100	-100
337	394	-100	-100
337	382	-100	-100
394	484	-100	-100
394	382	-100	-100
394	134	-100	-100
382	369	-100	-100
382	378	-100	-100
369	196	-100	-100
369	241	-100	-100
369	96	-100	-100
148	96	-100	-100
148	241	-100	-100
148	80	-100	-100
148	484	-100	-100
96	336	-100	-100
96	399	-100	-100
96	448	-100	-100
399	336	-100	-100
399	448	-100	-100
399	373	-100	-100
336	107	-100	-100
336	448	-100	-100
336	373	-100	-100
448	123	-100	-100
448	40	-100	-100
448	107	-100	-100
107	40	-100	-100
107	373	-100	-100
107	80	-100	-100
40	241	-100	-100
40	80	-100	-100
40	373	-100	-100
241	484	-100	-100
241	373	-100	-100
241	80	-100	-100
373	484	-100	-100
373	80	-100	-100
80	217	-100	-100
80	123	-100	-100
484	378	-100	-100
484	217	-100	-100
484	134	-100	-100
134	196	-100	-100
134	136	-100	-100
134	461	-100	-100
217	371	-100	-100
217	116	-100	-100
217	496	-100	-100
378	259	-100	-100
378	410	-100	-100
378	459	-100	-100
196	383	-100	-100
196	259	-100	-100
196	159	-100	-100
123	159	-100	-100
123	93	-100	-100
123	62	-100	-100
123	410	-100	-100
123	223	-100	-100
93	496	-100	-100
371	144	-100	-100
116	129	-100	-100
223	201	-100	-100
383	342	-100	-100
144	2	-100	-100
136	201	-100	-100
459	381	-100	-100
62	74	-100	-100
2	71	-100	-100
74	285	-100	-100
71	214	-100	-100
342	381	-100	-100
129	321	-100	-100
285	376	-100	-100
214	37	-100	-100
321	376	-100	-100
37	12	-100	-100
12	228	-100	-100
228	309	-100	-100
309	420	-100	-100
420	119	-100	-100
119	476	-100	-100
476	73	-100	-100
73	99	-100	-100
120	6	-100	-100
35	109	-100	-100
229	243	-100	-100
289	386	-100	-100
207	361	-100	-100
397	471	-100	-100
426	36	-100	-100
111	132	-100	-100
175	53	-100	-100
105	69	-100	-100
131	276	-100	-100
94	211	-100	-100
238	401	-100	-100
335	330	-100	-100
266	428	-100	-100
295	222	-100	-100
492	431	-100	-100
60	7	-100	-100
490	290	-100	-100
433	299	-100	-100
271	212	-100	-100
237	486	-100	-100
297	359	-100	-100
493	190	-100	-100
403	18	-100	-100
184	392	-100	-100
395	59	-100	-100
170	267	-100	-100
126	141	-100	-100
409	193	-100	-100
483	334	-100	-100
482	72	-100	-100
186	498	-100	-100
485	202	-100	-100
385	360	-100	-100
435	499	-100	-100
298	177	-100	-100
296	377	-100	-100
495	92	-100	-100
77	261	-100	-100
210	23	-100	-100
307	89	-100	-100
325	470	-100	-100
173	203	-100	-100
282	390	-100	-100
455	494	-100	-100
1	497	-100	-100
