500
4149
2
1	2	2	5
1	3	6	4
1	4	6	2
1	5	9	7
1	6	7	9
1	7	9	3
1	8	7	4
1	9	8	4
1	10	5	3
1	11	8	2
1	12	3	2
1	13	8	10
1	14	8	1
1	15	1	5
1	16	8	2
1	17	1	2
1	18	10	8
1	19	5	1
1	20	6	8
1	21	7	8
1	22	3	9
1	23	2	7
1	24	7	6
1	25	10	8
1	26	8	4
1	27	5	9
1	28	9	2
1	29	1	8
1	30	1	9
1	31	9	4
1	32	5	10
1	33	9	5
1	34	3	7
1	35	8	3
1	36	7	8
1	37	9	6
1	38	3	10
1	39	10	9
1	40	5	2
1	41	9	3
1	42	4	6
1	43	3	2
1	44	7	1
1	45	10	3
1	46	9	7
1	47	10	9
1	48	2	3
1	49	5	3
1	50	7	2
1	51	4	1
1	52	6	3
1	53	6	8
1	54	6	3
1	55	6	7
1	56	8	2
1	57	9	7
1	58	2	9
1	59	7	6
1	60	6	1
1	61	9	5
1	62	7	4
1	63	1	2
1	64	10	7
1	65	1	6
1	66	7	5
1	67	1	10
1	68	9	6
1	69	10	1
1	70	10	4
1	71	2	8
1	72	6	7
2	73	8	7
2	74	9	10
2	75	8	3
2	76	4	10
2	77	3	2
2	78	3	5
2	79	7	10
3	80	10	7
3	81	1	9
3	82	6	7
3	83	4	10
3	84	9	6
3	85	1	6
3	86	10	3
3	87	1	5
3	88	1	8
3	89	6	5
3	90	10	7
3	91	3	8
3	92	9	3
3	93	7	6
3	94	2	3
3	95	2	3
3	96	10	1
3	97	2	5
3	98	9	4
3	99	5	4
3	100	8	5
3	101	3	4
3	102	9	6
3	103	9	10
3	104	2	5
3	105	6	9
3	106	6	1
3	107	7	2
3	108	9	2
3	109	3	5
3	110	6	9
3	111	3	9
3	112	2	3
3	113	6	5
3	114	5	3
3	115	8	9
3	116	6	1
3	117	7	1
3	118	4	2
3	119	4	9
3	120	2	9
3	121	5	6
3	122	6	9
3	123	9	7
3	124	4	1
3	125	4	5
3	126	6	1
3	127	10	5
3	128	7	6
3	129	8	10
3	130	2	9
3	131	7	10
3	132	3	9
3	133	9	3
3	134	4	6
3	135	1	8
3	136	2	1
3	137	4	6
3	138	7	1
3	139	3	7
3	140	1	4
3	141	6	10
3	142	5	1
3	143	1	6
3	144	6	5
3	145	3	4
3	146	5	9
3	147	3	9
3	148	4	1
3	149	10	6
3	150	5	1
3	151	2	6
3	152	8	4
3	153	10	1
3	154	4	6
3	155	8	5
3	156	2	7
3	157	8	9
3	158	10	9
3	159	9	5
3	160	5	1
3	161	6	7
3	162	4	5
3	163	7	4
3	164	4	10
3	165	4	9
3	166	7	8
3	167	3	9
3	168	2	6
3	169	5	10
4	170	4	2
4	171	10	2
4	172	10	2
4	173	4	3
4	174	8	3
4	175	7	1
4	176	2	9
4	177	7	4
4	178	1	7
4	179	1	7
4	180	6	3
4	181	6	5
4	182	1	5
4	183	1	6
4	184	8	6
4	185	3	2
4	186	5	6
4	187	6	1
4	188	2	8
4	189	3	8
4	190	8	10
4	191	8	10
4	192	7	4
4	193	1	8
4	194	7	4
4	195	3	1
4	196	4	5
4	197	5	4
4	198	4	2
4	199	2	8
4	200	9	2
4	201	1	3
4	202	8	1
4	203	1	5
4	204	3	6
4	205	9	5
5	206	2	8
5	207	1	7
5	208	5	3
5	209	6	7
5	210	8	6
5	211	9	3
5	212	8	3
5	213	9	2
5	214	6	4
5	215	3	7
5	216	5	8
5	217	3	10
5	218	5	10
5	219	4	10
5	220	8	1
5	221	6	2
5	222	2	6
5	223	4	8
5	224	1	7
5	225	2	3
5	226	1	6
5	227	2	7
5	228	6	7
5	229	10	1
5	230	2	4
5	231	5	9
5	232	9	6
5	233	10	7
5	234	10	8
5	235	9	5
5	236	7	3
5	237	4	3
5	238	5	1
5	239	3	7
5	240	6	7
5	241	6	8
5	242	3	7
5	243	1	5
5	244	10	2
5	245	4	5
5	246	5	4
5	33	1	3
5	247	4	1
5	248	4	5
5	249	5	9
5	250	8	4
5	251	2	10
5	252	5	1
5	253	5	2
5	254	2	3
5	255	5	2
5	256	8	6
5	257	5	6
5	258	2	10
5	259	6	8
5	260	5	7
5	261	10	2
5	262	8	6
5	263	2	5
5	264	7	3
5	265	6	4
5	266	7	9
5	267	6	3
5	268	7	5
5	269	7	10
5	270	8	2
5	271	2	6
5	272	2	6
5	273	8	3
5	274	9	8
5	275	2	3
5	276	5	8
5	277	2	6
5	278	5	10
5	279	5	4
5	280	5	3
5	281	9	1
5	282	10	3
5	283	5	9
5	284	2	1
5	285	5	6
5	286	6	1
5	287	7	4
6	288	6	3
6	289	4	10
6	290	1	6
6	291	4	6
6	292	1	2
6	293	2	8
6	294	2	10
6	295	4	8
6	296	6	7
6	297	10	9
6	298	2	8
6	299	4	1
6	300	6	8
6	301	6	1
6	302	8	3
6	303	2	3
6	304	8	9
6	305	8	1
6	306	2	8
6	307	4	5
6	308	8	5
6	309	10	9
6	310	2	3
6	311	1	8
6	312	3	10
6	313	2	1
6	314	1	8
6	315	2	8
6	316	10	4
6	317	7	8
6	318	10	5
6	319	1	7
6	320	5	1
6	321	5	8
6	322	2	3
6	323	7	5
6	324	6	8
6	325	6	5
6	326	6	4
6	327	10	2
6	328	9	10
6	329	4	2
6	330	2	9
6	8	3	8
6	331	5	4
6	332	6	3
6	333	10	3
6	334	9	2
6	335	7	3
6	336	10	8
6	337	6	2
6	10	2	1
6	338	6	7
6	339	7	4
6	340	6	4
6	341	3	7
6	342	9	7
6	343	7	1
6	344	5	8
6	345	8	7
6	346	9	6
6	347	2	10
6	348	8	9
6	349	8	7
6	350	4	3
6	351	10	5
6	14	3	5
6	352	8	4
6	353	10	3
6	354	6	3
6	355	2	7
6	356	5	10
6	357	10	6
6	358	9	5
6	179	6	10
6	359	9	3
6	360	10	5
6	361	2	6
6	362	10	8
6	363	9	7
6	364	1	4
6	239	10	6
6	365	2	1
6	366	1	7
6	367	4	2
6	368	8	9
6	369	6	10
6	22	1	2
6	370	9	1
6	371	7	1
6	372	9	5
6	373	8	1
6	374	6	10
6	375	5	4
6	376	8	5
6	377	1	2
6	378	6	4
6	379	3	7
6	380	3	8
6	381	10	1
6	382	4	9
6	383	2	5
6	384	7	3
6	242	5	7
6	385	2	1
6	386	10	8
6	387	10	1
6	388	10	4
6	389	9	4
6	390	5	4
6	391	9	5
6	33	6	7
6	392	2	4
6	393	7	3
6	394	3	5
6	395	1	10
6	396	3	4
6	397	6	8
6	398	6	4
6	399	2	4
6	400	7	10
6	401	9	2
6	402	2	7
6	403	9	2
6	404	5	8
6	405	8	5
6	406	8	10
6	407	2	6
6	408	7	2
6	42	1	5
6	409	2	6
6	410	2	8
6	411	1	5
6	412	6	3
6	413	3	8
6	414	6	9
6	415	2	3
6	416	5	1
6	43	6	2
6	417	5	9
6	418	8	10
6	419	8	1
6	420	3	10
6	421	8	4
6	422	8	6
6	423	3	5
6	424	6	3
6	425	1	7
6	426	8	1
6	427	8	1
6	428	2	1
6	429	7	3
6	430	5	9
6	431	1	4
6	432	8	10
6	433	1	6
6	434	8	7
6	435	9	8
6	436	8	5
6	437	10	7
6	438	8	7
6	439	2	9
6	440	5	10
6	441	9	5
6	442	4	5
6	443	6	8
6	444	7	8
6	445	6	1
6	446	5	3
6	447	1	7
6	448	3	4
6	449	7	5
6	450	2	7
6	451	4	6
7	452	6	2
7	453	1	5
7	454	8	6
7	455	7	8
7	456	3	4
7	457	2	7
7	458	3	8
7	459	10	1
7	460	6	1
7	461	7	4
7	462	2	7
7	463	10	3
7	464	2	10
7	33	8	9
7	465	5	4
7	466	4	9
7	467	6	2
7	56	6	7
7	468	3	2
7	469	3	1
7	470	8	3
7	471	6	7
8	472	10	7
8	473	3	7
8	474	10	7
8	475	5	1
8	476	7	4
8	477	9	2
8	478	9	2
8	479	7	8
8	480	4	7
8	481	1	7
8	482	10	9
8	483	8	3
8	484	3	8
8	485	10	8
8	486	3	8
8	487	1	9
8	488	4	2
8	489	1	6
8	490	5	2
8	491	2	3
8	492	9	1
8	493	5	4
8	494	4	2
8	221	7	2
8	495	8	4
8	496	2	5
8	497	3	4
8	498	9	3
8	499	6	7
8	500	10	5
3	474	-100	-100
6	139	-100	-100
6	57	-100	-100
6	132	-100	-100
6	35	-100	-100
6	107	-100	-100
6	69	-100	-100
6	63	-100	-100
6	255	-100	-100
6	65	-100	-100
6	146	-100	-100
6	150	-100	-100
6	263	-100	-100
6	58	-100	-100
6	23	-100	-100
6	483	-100	-100
6	59	-100	-100
6	47	-100	-100
6	475	-100	-100
6	136	-100	-100
6	469	-100	-100
6	134	-100	-100
6	112	-100	-100
6	180	-100	-100
6	61	-100	-100
6	225	-100	-100
6	135	-100	-100
6	18	-100	-100
6	250	-100	-100
6	118	-100	-100
6	73	-100	-100
6	40	-100	-100
6	485	-100	-100
6	470	-100	-100
6	487	-100	-100
6	266	-100	-100
6	120	-100	-100
6	31	-100	-100
6	199	-100	-100
6	238	-100	-100
6	86	-100	-100
6	144	-100	-100
6	228	-100	-100
6	284	-100	-100
6	50	-100	-100
6	67	-100	-100
6	161	-100	-100
6	45	-100	-100
6	495	-100	-100
6	176	-100	-100
6	473	-100	-100
6	212	-100	-100
6	500	-100	-100
6	216	-100	-100
6	27	-100	-100
6	270	-100	-100
6	140	-100	-100
6	236	-100	-100
6	130	-100	-100
6	114	-100	-100
6	209	-100	-100
6	26	-100	-100
6	127	-100	-100
6	34	-100	-100
6	497	-100	-100
6	106	-100	-100
6	272	-100	-100
6	142	-100	-100
6	278	-100	-100
6	56	-100	-100
6	223	-100	-100
6	92	-100	-100
6	285	-100	-100
6	191	-100	-100
6	182	-100	-100
6	175	-100	-100
6	93	-100	-100
6	196	-100	-100
6	184	-100	-100
6	286	-100	-100
6	181	-100	-100
6	461	-100	-100
6	133	-100	-100
6	52	-100	-100
3	375	-100	-100
3	355	-100	-100
3	11	-100	-100
3	210	-100	-100
3	245	-100	-100
3	278	-100	-100
3	70	-100	-100
3	464	-100	-100
3	173	-100	-100
3	63	-100	-100
3	394	-100	-100
3	435	-100	-100
3	260	-100	-100
3	295	-100	-100
3	387	-100	-100
3	175	-100	-100
3	46	-100	-100
3	352	-100	-100
3	232	-100	-100
3	10	-100	-100
3	415	-100	-100
3	53	-100	-100
3	496	-100	-100
3	330	-100	-100
3	436	-100	-100
3	215	-100	-100
3	238	-100	-100
3	495	-100	-100
3	356	-100	-100
3	309	-100	-100
3	34	-100	-100
3	76	-100	-100
3	172	-100	-100
3	193	-100	-100
3	67	-100	-100
3	377	-100	-100
3	284	-100	-100
3	74	-100	-100
3	43	-100	-100
3	500	-100	-100
3	428	-100	-100
3	353	-100	-100
3	384	-100	-100
3	257	-100	-100
3	218	-100	-100
3	249	-100	-100
3	385	-100	-100
3	274	-100	-100
3	407	-100	-100
3	418	-100	-100
3	410	-100	-100
3	199	-100	-100
3	392	-100	-100
3	468	-100	-100
3	354	-100	-100
3	222	-100	-100
3	349	-100	-100
3	4	-100	-100
3	461	-100	-100
3	398	-100	-100
3	472	-100	-100
3	364	-100	-100
3	473	-100	-100
3	405	-100	-100
3	174	-100	-100
3	271	-100	-100
3	452	-100	-100
3	489	-100	-100
3	450	-100	-100
3	26	-100	-100
3	64	-100	-100
3	198	-100	-100
3	455	-100	-100
3	223	-100	-100
3	293	-100	-100
3	216	-100	-100
3	23	-100	-100
3	345	-100	-100
3	25	-100	-100
3	340	-100	-100
3	211	-100	-100
3	79	-100	-100
3	307	-100	-100
3	476	-100	-100
3	248	-100	-100
3	212	-100	-100
3	208	-100	-100
3	302	-100	-100
3	334	-100	-100
3	242	-100	-100
3	493	-100	-100
3	282	-100	-100
3	310	-100	-100
3	301	-100	-100
3	217	-100	-100
3	12	-100	-100
3	430	-100	-100
3	241	-100	-100
3	29	-100	-100
3	244	-100	-100
3	24	-100	-100
3	281	-100	-100
3	239	-100	-100
3	312	-100	-100
3	179	-100	-100
3	320	-100	-100
3	77	-100	-100
3	401	-100	-100
3	373	-100	-100
3	246	-100	-100
3	219	-100	-100
3	485	-100	-100
3	258	-100	-100
3	325	-100	-100
3	19	-100	-100
3	272	-100	-100
3	279	-100	-100
3	365	-100	-100
3	9	-100	-100
3	409	-100	-100
3	201	-100	-100
3	368	-100	-100
3	15	-100	-100
3	456	-100	-100
3	344	-100	-100
3	21	-100	-100
3	432	-100	-100
3	231	-100	-100
3	184	-100	-100
3	60	-100	-100
3	451	-100	-100
3	220	-100	-100
3	7	-100	-100
3	316	-100	-100
3	347	-100	-100
3	469	-100	-100
3	466	-100	-100
3	192	-100	-100
3	423	-100	-100
3	350	-100	-100
3	62	-100	-100
3	207	-100	-100
3	371	-100	-100
3	267	-100	-100
3	47	-100	-100
3	22	-100	-100
3	478	-100	-100
3	254	-100	-100
3	499	-100	-100
3	397	-100	-100
3	213	-100	-100
3	395	-100	-100
3	408	-100	-100
3	376	-100	-100
3	183	-100	-100
3	59	-100	-100
3	481	-100	-100
3	490	-100	-100
3	343	-100	-100
3	459	-100	-100
3	280	-100	-100
3	359	-100	-100
3	72	-100	-100
3	305	-100	-100
3	420	-100	-100
3	494	-100	-100
5	162	-100	-100
5	81	-100	-100
5	411	-100	-100
5	122	-100	-100
5	315	-100	-100
5	101	-100	-100
5	330	-100	-100
5	132	-100	-100
5	340	-100	-100
5	309	-100	-100
5	339	-100	-100
5	351	-100	-100
5	133	-100	-100
5	460	-100	-100
5	170	-100	-100
5	155	-100	-100
5	317	-100	-100
5	476	-100	-100
5	293	-100	-100
5	30	-100	-100
5	185	-100	-100
5	302	-100	-100
5	494	-100	-100
5	47	-100	-100
5	98	-100	-100
5	297	-100	-100
5	87	-100	-100
5	487	-100	-100
5	327	-100	-100
5	490	-100	-100
5	500	-100	-100
5	427	-100	-100
5	348	-100	-100
5	198	-100	-100
5	304	-100	-100
5	150	-100	-100
5	163	-100	-100
5	123	-100	-100
5	196	-100	-100
5	371	-100	-100
5	151	-100	-100
5	367	-100	-100
5	90	-100	-100
5	424	-100	-100
5	343	-100	-100
5	60	-100	-100
5	396	-100	-100
5	84	-100	-100
5	344	-100	-100
5	29	-100	-100
5	459	-100	-100
5	406	-100	-100
5	115	-100	-100
5	183	-100	-100
5	409	-100	-100
5	296	-100	-100
5	70	-100	-100
5	136	-100	-100
5	38	-100	-100
5	397	-100	-100
5	88	-100	-100
5	62	-100	-100
5	369	-100	-100
5	4	-100	-100
5	189	-100	-100
5	10	-100	-100
5	37	-100	-100
5	307	-100	-100
5	118	-100	-100
5	24	-100	-100
5	17	-100	-100
5	474	-100	-100
5	403	-100	-100
5	83	-100	-100
5	203	-100	-100
5	440	-100	-100
5	445	-100	-100
5	173	-100	-100
5	456	-100	-100
5	329	-100	-100
5	365	-100	-100
5	54	-100	-100
5	168	-100	-100
5	400	-100	-100
5	140	-100	-100
5	415	-100	-100
5	120	-100	-100
5	332	-100	-100
5	154	-100	-100
5	15	-100	-100
5	425	-100	-100
5	432	-100	-100
5	325	-100	-100
5	93	-100	-100
5	335	-100	-100
5	461	-100	-100
5	31	-100	-100
5	370	-100	-100
5	414	-100	-100
5	205	-100	-100
5	182	-100	-100
5	68	-100	-100
5	350	-100	-100
5	388	-100	-100
5	448	-100	-100
5	431	-100	-100
5	179	-100	-100
5	437	-100	-100
5	80	-100	-100
5	398	-100	-100
5	166	-100	-100
5	112	-100	-100
5	102	-100	-100
5	322	-100	-100
5	108	-100	-100
5	159	-100	-100
5	373	-100	-100
5	139	-100	-100
5	331	-100	-100
5	404	-100	-100
5	434	-100	-100
5	301	-100	-100
5	443	-100	-100
5	66	-100	-100
5	46	-100	-100
5	145	-100	-100
5	97	-100	-100
5	158	-100	-100
5	470	-100	-100
5	34	-100	-100
5	349	-100	-100
5	42	-100	-100
5	389	-100	-100
5	156	-100	-100
5	451	-100	-100
5	410	-100	-100
5	157	-100	-100
5	78	-100	-100
5	56	-100	-100
5	421	-100	-100
5	452	-100	-100
5	202	-100	-100
5	311	-100	-100
5	497	-100	-100
5	366	-100	-100
5	391	-100	-100
5	116	-100	-100
5	190	-100	-100
5	328	-100	-100
5	416	-100	-100
5	453	-100	-100
5	105	-100	-100
5	144	-100	-100
5	300	-100	-100
5	482	-100	-100
5	472	-100	-100
5	82	-100	-100
5	467	-100	-100
5	374	-100	-100
5	321	-100	-100
5	72	-100	-100
5	326	-100	-100
5	372	-100	-100
5	355	-100	-100
5	394	-100	-100
5	121	-100	-100
5	345	-100	-100
5	375	-100	-100
5	12	-100	-100
5	124	-100	-100
5	191	-100	-100
5	435	-100	-100
5	117	-100	-100
5	22	-100	-100
1	88	-100	-100
1	251	-100	-100
1	482	-100	-100
1	219	-100	-100
1	295	-100	-100
1	83	-100	-100
1	411	-100	-100
1	128	-100	-100
1	183	-100	-100
1	431	-100	-100
1	258	-100	-100
1	138	-100	-100
1	185	-100	-100
1	249	-100	-100
1	161	-100	-100
1	208	-100	-100
1	243	-100	-100
1	328	-100	-100
1	240	-100	-100
1	325	-100	-100
1	480	-100	-100
1	361	-100	-100
1	135	-100	-100
1	340	-100	-100
1	382	-100	-100
1	419	-100	-100
1	344	-100	-100
1	421	-100	-100
1	429	-100	-100
1	239	-100	-100
1	151	-100	-100
1	216	-100	-100
1	317	-100	-100
1	179	-100	-100
1	174	-100	-100
1	272	-100	-100
1	290	-100	-100
1	218	-100	-100
1	442	-100	-100
1	462	-100	-100
1	98	-100	-100
1	87	-100	-100
1	294	-100	-100
1	204	-100	-100
1	182	-100	-100
1	485	-100	-100
1	241	-100	-100
1	95	-100	-100
1	166	-100	-100
1	225	-100	-100
1	212	-100	-100
1	363	-100	-100
1	381	-100	-100
1	312	-100	-100
1	415	-100	-100
1	305	-100	-100
1	358	-100	-100
1	177	-100	-100
1	168	-100	-100
1	246	-100	-100
1	498	-100	-100
1	269	-100	-100
1	471	-100	-100
1	236	-100	-100
1	345	-100	-100
1	131	-100	-100
1	263	-100	-100
1	211	-100	-100
1	400	-100	-100
1	481	-100	-100
1	180	-100	-100
1	155	-100	-100
1	500	-100	-100
1	444	-100	-100
1	336	-100	-100
1	460	-100	-100
1	445	-100	-100
1	499	-100	-100
1	493	-100	-100
1	492	-100	-100
1	124	-100	-100
1	478	-100	-100
1	435	-100	-100
1	108	-100	-100
1	196	-100	-100
1	430	-100	-100
1	163	-100	-100
1	398	-100	-100
1	422	-100	-100
1	408	-100	-100
1	315	-100	-100
1	164	-100	-100
1	149	-100	-100
1	77	-100	-100
1	416	-100	-100
1	260	-100	-100
1	99	-100	-100
1	112	-100	-100
1	227	-100	-100
1	224	-100	-100
1	473	-100	-100
1	152	-100	-100
1	461	-100	-100
1	210	-100	-100
1	205	-100	-100
1	102	-100	-100
1	280	-100	-100
1	75	-100	-100
1	270	-100	-100
1	268	-100	-100
1	348	-100	-100
1	390	-100	-100
1	167	-100	-100
1	456	-100	-100
1	377	-100	-100
1	123	-100	-100
1	406	-100	-100
1	223	-100	-100
1	250	-100	-100
1	385	-100	-100
1	297	-100	-100
1	383	-100	-100
1	126	-100	-100
1	256	-100	-100
1	488	-100	-100
1	130	-100	-100
1	300	-100	-100
1	302	-100	-100
1	352	-100	-100
1	197	-100	-100
1	134	-100	-100
1	314	-100	-100
1	169	-100	-100
1	362	-100	-100
1	360	-100	-100
1	371	-100	-100
1	405	-100	-100
1	234	-100	-100
1	446	-100	-100
1	176	-100	-100
1	474	-100	-100
1	437	-100	-100
1	117	-100	-100
1	455	-100	-100
1	162	-100	-100
1	244	-100	-100
1	490	-100	-100
1	118	-100	-100
1	172	-100	-100
1	144	-100	-100
1	129	-100	-100
1	103	-100	-100
1	293	-100	-100
1	463	-100	-100
1	159	-100	-100
1	105	-100	-100
1	283	-100	-100
1	274	-100	-100
1	115	-100	-100
1	369	-100	-100
1	418	-100	-100
1	276	-100	-100
1	334	-100	-100
1	81	-100	-100
1	279	-100	-100
1	370	-100	-100
1	97	-100	-100
1	170	-100	-100
1	353	-100	-100
1	401	-100	-100
1	133	-100	-100
1	496	-100	-100
1	284	-100	-100
1	338	-100	-100
1	319	-100	-100
1	355	-100	-100
1	483	-100	-100
1	403	-100	-100
1	282	-100	-100
1	309	-100	-100
1	375	-100	-100
1	233	-100	-100
1	346	-100	-100
1	206	-100	-100
1	475	-100	-100
1	248	-100	-100
1	376	-100	-100
4	291	-100	-100
4	264	-100	-100
4	460	-100	-100
4	403	-100	-100
4	436	-100	-100
4	439	-100	-100
4	450	-100	-100
4	337	-100	-100
4	128	-100	-100
4	240	-100	-100
4	100	-100	-100
4	492	-100	-100
4	56	-100	-100
4	287	-100	-100
4	137	-100	-100
4	341	-100	-100
4	469	-100	-100
4	135	-100	-100
4	482	-100	-100
4	393	-100	-100
4	274	-100	-100
4	39	-100	-100
4	209	-100	-100
4	446	-100	-100
4	117	-100	-100
4	57	-100	-100
4	350	-100	-100
4	395	-100	-100
4	51	-100	-100
4	8	-100	-100
4	64	-100	-100
4	408	-100	-100
4	323	-100	-100
4	149	-100	-100
4	61	-100	-100
4	221	-100	-100
4	433	-100	-100
4	159	-100	-100
4	461	-100	-100
4	371	-100	-100
4	165	-100	-100
4	333	-100	-100
4	140	-100	-100
4	22	-100	-100
4	418	-100	-100
4	343	-100	-100
4	449	-100	-100
4	479	-100	-100
4	93	-100	-100
4	10	-100	-100
4	421	-100	-100
4	363	-100	-100
4	426	-100	-100
4	112	-100	-100
4	382	-100	-100
4	336	-100	-100
4	233	-100	-100
4	244	-100	-100
4	70	-100	-100
4	425	-100	-100
4	9	-100	-100
4	434	-100	-100
4	302	-100	-100
4	213	-100	-100
4	21	-100	-100
4	111	-100	-100
4	80	-100	-100
4	443	-100	-100
4	412	-100	-100
4	245	-100	-100
4	45	-100	-100
4	133	-100	-100
4	465	-100	-100
4	47	-100	-100
4	237	-100	-100
4	25	-100	-100
4	365	-100	-100
4	355	-100	-100
4	338	-100	-100
4	372	-100	-100
4	364	-100	-100
4	54	-100	-100
4	212	-100	-100
4	166	-100	-100
4	471	-100	-100
4	330	-100	-100
4	157	-100	-100
4	151	-100	-100
4	89	-100	-100
4	152	-100	-100
4	313	-100	-100
4	354	-100	-100
4	435	-100	-100
4	420	-100	-100
4	46	-100	-100
4	146	-100	-100
4	81	-100	-100
4	332	-100	-100
4	415	-100	-100
4	158	-100	-100
4	410	-100	-100
4	437	-100	-100
4	379	-100	-100
4	261	-100	-100
4	255	-100	-100
4	486	-100	-100
4	30	-100	-100
4	499	-100	-100
4	359	-100	-100
4	344	-100	-100
4	483	-100	-100
4	154	-100	-100
4	52	-100	-100
4	272	-100	-100
4	19	-100	-100
4	432	-100	-100
4	167	-100	-100
4	329	-100	-100
4	417	-100	-100
4	416	-100	-100
4	168	-100	-100
4	458	-100	-100
4	115	-100	-100
4	84	-100	-100
4	73	-100	-100
4	163	-100	-100
4	293	-100	-100
4	103	-100	-100
4	430	-100	-100
4	104	-100	-100
4	218	-100	-100
4	236	-100	-100
4	321	-100	-100
4	68	-100	-100
4	441	-100	-100
4	7	-100	-100
4	423	-100	-100
4	406	-100	-100
4	241	-100	-100
4	494	-100	-100
4	444	-100	-100
4	124	-100	-100
4	55	-100	-100
4	109	-100	-100
4	34	-100	-100
4	248	-100	-100
4	74	-100	-100
4	496	-100	-100
4	310	-100	-100
4	86	-100	-100
4	226	-100	-100
4	110	-100	-100
4	394	-100	-100
4	123	-100	-100
4	385	-100	-100
4	380	-100	-100
4	377	-100	-100
4	396	-100	-100
4	42	-100	-100
4	497	-100	-100
4	113	-100	-100
4	215	-100	-100
4	99	-100	-100
4	459	-100	-100
4	256	-100	-100
4	374	-100	-100
4	351	-100	-100
4	228	-100	-100
4	316	-100	-100
4	102	-100	-100
4	466	-100	-100
4	265	-100	-100
4	428	-100	-100
4	319	-100	-100
4	247	-100	-100
4	353	-100	-100
4	90	-100	-100
4	362	-100	-100
4	105	-100	-100
4	121	-100	-100
4	141	-100	-100
4	284	-100	-100
4	290	-100	-100
4	456	-100	-100
4	219	-100	-100
4	114	-100	-100
4	490	-100	-100
4	65	-100	-100
4	251	-100	-100
4	334	-100	-100
4	407	-100	-100
4	257	-100	-100
4	227	-100	-100
4	339	-100	-100
4	347	-100	-100
4	33	-100	-100
4	464	-100	-100
4	246	-100	-100
4	340	-100	-100
4	440	-100	-100
4	431	-100	-100
4	277	-100	-100
4	304	-100	-100
4	463	-100	-100
4	468	-100	-100
4	405	-100	-100
4	285	-100	-100
4	107	-100	-100
4	40	-100	-100
4	136	-100	-100
4	294	-100	-100
4	88	-100	-100
4	66	-100	-100
4	305	-100	-100
4	489	-100	-100
4	36	-100	-100
4	419	-100	-100
4	369	-100	-100
4	254	-100	-100
8	328	-100	-100
8	431	-100	-100
8	309	-100	-100
8	458	-100	-100
8	392	-100	-100
8	318	-100	-100
8	55	-100	-100
8	164	-100	-100
8	443	-100	-100
8	151	-100	-100
8	464	-100	-100
8	371	-100	-100
8	370	-100	-100
8	180	-100	-100
8	199	-100	-100
8	47	-100	-100
8	386	-100	-100
8	275	-100	-100
8	382	-100	-100
8	457	-100	-100
8	300	-100	-100
8	147	-100	-100
8	263	-100	-100
8	383	-100	-100
8	365	-100	-100
8	444	-100	-100
8	214	-100	-100
8	157	-100	-100
8	49	-100	-100
8	237	-100	-100
8	295	-100	-100
8	102	-100	-100
8	227	-100	-100
8	186	-100	-100
8	200	-100	-100
8	163	-100	-100
8	148	-100	-100
8	77	-100	-100
8	254	-100	-100
8	466	-100	-100
8	451	-100	-100
8	373	-100	-100
8	448	-100	-100
8	364	-100	-100
8	216	-100	-100
8	34	-100	-100
8	61	-100	-100
8	41	-100	-100
8	184	-100	-100
8	240	-100	-100
8	62	-100	-100
8	467	-100	-100
8	329	-100	-100
8	266	-100	-100
8	410	-100	-100
8	174	-100	-100
8	9	-100	-100
8	195	-100	-100
8	58	-100	-100
8	262	-100	-100
8	40	-100	-100
8	335	-100	-100
8	56	-100	-100
8	203	-100	-100
8	456	-100	-100
8	376	-100	-100
8	86	-100	-100
8	145	-100	-100
8	245	-100	-100
8	413	-100	-100
8	251	-100	-100
8	269	-100	-100
8	165	-100	-100
8	143	-100	-100
8	108	-100	-100
8	172	-100	-100
8	205	-100	-100
8	225	-100	-100
8	2	-100	-100
8	322	-100	-100
8	218	-100	-100
8	11	-100	-100
8	332	-100	-100
8	265	-100	-100
8	97	-100	-100
8	113	-100	-100
8	75	-100	-100
8	311	-100	-100
8	447	-100	-100
8	161	-100	-100
8	304	-100	-100
8	50	-100	-100
8	429	-100	-100
8	153	-100	-100
8	122	-100	-100
8	118	-100	-100
8	465	-100	-100
8	242	-100	-100
8	407	-100	-100
8	347	-100	-100
8	45	-100	-100
8	35	-100	-100
8	106	-100	-100
8	27	-100	-100
8	140	-100	-100
8	248	-100	-100
8	470	-100	-100
8	139	-100	-100
8	246	-100	-100
8	377	-100	-100
8	22	-100	-100
8	350	-100	-100
8	426	-100	-100
8	340	-100	-100
8	87	-100	-100
8	72	-100	-100
8	422	-100	-100
8	125	-100	-100
8	446	-100	-100
8	76	-100	-100
8	343	-100	-100
8	123	-100	-100
8	124	-100	-100
8	133	-100	-100
8	315	-100	-100
8	430	-100	-100
8	24	-100	-100
8	146	-100	-100
8	207	-100	-100
8	342	-100	-100
8	206	-100	-100
8	68	-100	-100
8	93	-100	-100
8	301	-100	-100
8	250	-100	-100
8	294	-100	-100
8	379	-100	-100
8	20	-100	-100
8	144	-100	-100
8	85	-100	-100
8	463	-100	-100
8	277	-100	-100
8	42	-100	-100
8	51	-100	-100
8	211	-100	-100
8	53	-100	-100
8	196	-100	-100
8	428	-100	-100
8	417	-100	-100
8	334	-100	-100
8	414	-100	-100
8	324	-100	-100
8	308	-100	-100
8	396	-100	-100
8	302	-100	-100
8	208	-100	-100
8	137	-100	-100
8	32	-100	-100
8	159	-100	-100
8	285	-100	-100
8	183	-100	-100
8	91	-100	-100
8	362	-100	-100
8	293	-100	-100
8	155	-100	-100
8	256	-100	-100
8	339	-100	-100
8	235	-100	-100
8	224	-100	-100
8	349	-100	-100
8	83	-100	-100
8	231	-100	-100
8	210	-100	-100
8	94	-100	-100
8	423	-100	-100
8	257	-100	-100
8	26	-100	-100
8	37	-100	-100
8	442	-100	-100
8	71	-100	-100
8	408	-100	-100
8	314	-100	-100
8	28	-100	-100
8	282	-100	-100
8	252	-100	-100
8	460	-100	-100
8	307	-100	-100
8	327	-100	-100
8	424	-100	-100
8	110	-100	-100
8	432	-100	-100
8	287	-100	-100
8	462	-100	-100
8	449	-100	-100
8	90	-100	-100
8	127	-100	-100
8	116	-100	-100
8	134	-100	-100
8	244	-100	-100
8	330	-100	-100
8	409	-100	-100
8	436	-100	-100
8	226	-100	-100
8	297	-100	-100
8	281	-100	-100
8	185	-100	-100
8	259	-100	-100
8	98	-100	-100
8	336	-100	-100
8	455	-100	-100
8	219	-100	-100
8	160	-100	-100
8	279	-100	-100
8	67	-100	-100
8	30	-100	-100
8	249	-100	-100
8	66	-100	-100
8	271	-100	-100
8	346	-100	-100
8	344	-100	-100
8	284	-100	-100
8	453	-100	-100
8	247	-100	-100
8	372	-100	-100
8	274	-100	-100
7	285	-100	-100
7	269	-100	-100
7	286	-100	-100
7	387	-100	-100
7	484	-100	-100
7	401	-100	-100
7	84	-100	-100
7	226	-100	-100
7	76	-100	-100
7	134	-100	-100
7	273	-100	-100
7	300	-100	-100
7	265	-100	-100
7	427	-100	-100
7	100	-100	-100
7	204	-100	-100
7	377	-100	-100
7	321	-100	-100
7	74	-100	-100
7	67	-100	-100
7	308	-100	-100
7	173	-100	-100
7	114	-100	-100
7	482	-100	-100
7	35	-100	-100
7	217	-100	-100
7	181	-100	-100
7	230	-100	-100
7	196	-100	-100
7	178	-100	-100
7	409	-100	-100
7	280	-100	-100
7	207	-100	-100
7	102	-100	-100
7	23	-100	-100
7	270	-100	-100
7	41	-100	-100
7	330	-100	-100
7	365	-100	-100
7	256	-100	-100
7	184	-100	-100
7	297	-100	-100
7	395	-100	-100
7	417	-100	-100
7	333	-100	-100
7	396	-100	-100
7	158	-100	-100
7	315	-100	-100
7	216	-100	-100
7	219	-100	-100
7	358	-100	-100
7	262	-100	-100
7	79	-100	-100
7	407	-100	-100
7	326	-100	-100
7	306	-100	-100
7	199	-100	-100
7	441	-100	-100
7	62	-100	-100
7	472	-100	-100
7	2	-100	-100
7	198	-100	-100
7	375	-100	-100
7	43	-100	-100
7	434	-100	-100
7	194	-100	-100
7	166	-100	-100
7	476	-100	-100
7	492	-100	-100
7	65	-100	-100
7	313	-100	-100
7	220	-100	-100
7	109	-100	-100
7	288	-100	-100
7	378	-100	-100
7	305	-100	-100
7	126	-100	-100
7	60	-100	-100
7	338	-100	-100
7	268	-100	-100
7	283	-100	-100
7	290	-100	-100
7	311	-100	-100
7	374	-100	-100
7	341	-100	-100
7	10	-100	-100
7	292	-100	-100
7	354	-100	-100
7	51	-100	-100
7	416	-100	-100
7	205	-100	-100
7	24	-100	-100
7	397	-100	-100
7	445	-100	-100
7	190	-100	-100
7	320	-100	-100
7	475	-100	-100
7	200	-100	-100
7	276	-100	-100
7	147	-100	-100
7	384	-100	-100
7	163	-100	-100
7	209	-100	-100
7	238	-100	-100
7	481	-100	-100
7	261	-100	-100
7	444	-100	-100
7	474	-100	-100
7	40	-100	-100
7	36	-100	-100
7	169	-100	-100
7	325	-100	-100
7	202	-100	-100
7	451	-100	-100
7	328	-100	-100
7	491	-100	-100
7	221	-100	-100
7	418	-100	-100
7	206	-100	-100
7	247	-100	-100
7	213	-100	-100
7	323	-100	-100
7	26	-100	-100
7	362	-100	-100
7	157	-100	-100
7	289	-100	-100
7	119	-100	-100
7	113	-100	-100
7	277	-100	-100
7	108	-100	-100
7	142	-100	-100
7	431	-100	-100
7	248	-100	-100
7	31	-100	-100
7	490	-100	-100
7	38	-100	-100
7	232	-100	-100
7	272	-100	-100
7	322	-100	-100
7	131	-100	-100
7	478	-100	-100
7	376	-100	-100
7	332	-100	-100
7	253	-100	-100
7	170	-100	-100
7	337	-100	-100
7	495	-100	-100
7	447	-100	-100
7	437	-100	-100
7	282	-100	-100
7	143	-100	-100
7	130	-100	-100
7	254	-100	-100
7	57	-100	-100
7	304	-100	-100
7	487	-100	-100
7	312	-100	-100
7	298	-100	-100
7	251	-100	-100
7	85	-100	-100
7	12	-100	-100
7	335	-100	-100
7	78	-100	-100
7	96	-100	-100
7	63	-100	-100
7	30	-100	-100
7	340	-100	-100
7	421	-100	-100
7	291	-100	-100
7	187	-100	-100
7	138	-100	-100
7	500	-100	-100
7	271	-100	-100
7	164	-100	-100
7	229	-100	-100
7	214	-100	-100
7	494	-100	-100
7	144	-100	-100
7	430	-100	-100
7	18	-100	-100
7	89	-100	-100
7	168	-100	-100
7	91	-100	-100
7	381	-100	-100
7	438	-100	-100
7	356	-100	-100
7	28	-100	-100
7	342	-100	-100
7	176	-100	-100
7	314	-100	-100
7	334	-100	-100
7	95	-100	-100
7	349	-100	-100
7	123	-100	-100
7	162	-100	-100
7	21	-100	-100
7	58	-100	-100
7	105	-100	-100
7	294	-100	-100
7	155	-100	-100
7	50	-100	-100
7	448	-100	-100
7	224	-100	-100
7	450	-100	-100
7	331	-100	-100
7	87	-100	-100
7	301	-100	-100
7	413	-100	-100
7	473	-100	-100
7	223	-100	-100
7	355	-100	-100
7	264	-100	-100
7	414	-100	-100
7	191	-100	-100
7	389	-100	-100
7	348	-100	-100
7	192	-100	-100
7	266	-100	-100
7	139	-100	-100
7	366	-100	-100
7	121	-100	-100
7	317	-100	-100
7	132	-100	-100
7	382	-100	-100
7	278	-100	-100
7	245	-100	-100
7	488	-100	-100
7	133	-100	-100
7	442	-100	-100
7	296	-100	-100
7	32	-100	-100
7	66	-100	-100
7	351	-100	-100
2	251	-100	-100
2	336	-100	-100
2	175	-100	-100
2	220	-100	-100
2	129	-100	-100
2	289	-100	-100
2	469	-100	-100
2	391	-100	-100
2	309	-100	-100
2	170	-100	-100
2	23	-100	-100
2	184	-100	-100
2	413	-100	-100
2	361	-100	-100
2	368	-100	-100
2	466	-100	-100
2	495	-100	-100
2	326	-100	-100
2	470	-100	-100
2	415	-100	-100
2	440	-100	-100
2	304	-100	-100
2	428	-100	-100
2	151	-100	-100
2	202	-100	-100
2	374	-100	-100
2	162	-100	-100
2	164	-100	-100
2	426	-100	-100
2	297	-100	-100
2	239	-100	-100
2	342	-100	-100
2	303	-100	-100
2	97	-100	-100
2	186	-100	-100
2	10	-100	-100
2	462	-100	-100
2	227	-100	-100
2	347	-100	-100
2	50	-100	-100
2	369	-100	-100
2	411	-100	-100
2	67	-100	-100
2	492	-100	-100
2	393	-100	-100
2	121	-100	-100
2	90	-100	-100
2	282	-100	-100
2	267	-100	-100
2	37	-100	-100
2	42	-100	-100
2	126	-100	-100
2	86	-100	-100
2	94	-100	-100
2	84	-100	-100
2	383	-100	-100
2	348	-100	-100
2	216	-100	-100
2	43	-100	-100
2	408	-100	-100
2	298	-100	-100
2	420	-100	-100
2	330	-100	-100
2	264	-100	-100
2	72	-100	-100
2	459	-100	-100
2	223	-100	-100
2	163	-100	-100
2	195	-100	-100
2	130	-100	-100
2	107	-100	-100
2	254	-100	-100
2	344	-100	-100
2	46	-100	-100
2	323	-100	-100
2	270	-100	-100
2	366	-100	-100
2	218	-100	-100
2	213	-100	-100
2	224	-100	-100
2	341	-100	-100
2	458	-100	-100
2	334	-100	-100
2	425	-100	-100
2	364	-100	-100
2	53	-100	-100
2	187	-100	-100
2	299	-100	-100
2	322	-100	-100
2	327	-100	-100
2	192	-100	-100
2	258	-100	-100
2	246	-100	-100
2	409	-100	-100
2	26	-100	-100
2	61	-100	-100
2	27	-100	-100
2	261	-100	-100
2	166	-100	-100
2	113	-100	-100
2	357	-100	-100
2	346	-100	-100
2	245	-100	-100
2	211	-100	-100
2	235	-100	-100
2	456	-100	-100
2	451	-100	-100
2	96	-100	-100
2	237	-100	-100
2	17	-100	-100
2	210	-100	-100
2	204	-100	-100
2	386	-100	-100
2	11	-100	-100
2	71	-100	-100
2	205	-100	-100
2	484	-100	-100
2	190	-100	-100
2	292	-100	-100
2	399	-100	-100
2	359	-100	-100
2	142	-100	-100
2	318	-100	-100
2	444	-100	-100
2	472	-100	-100
2	400	-100	-100
2	47	-100	-100
2	286	-100	-100
2	180	-100	-100
2	355	-100	-100
2	146	-100	-100
2	225	-100	-100
2	269	-100	-100
2	222	-100	-100
2	208	-100	-100
2	305	-100	-100
2	291	-100	-100
2	191	-100	-100
2	353	-100	-100
2	230	-100	-100
2	445	-100	-100
2	243	-100	-100
2	233	-100	-100
2	487	-100	-100
2	117	-100	-100
2	441	-100	-100
2	200	-100	-100
2	159	-100	-100
2	109	-100	-100
2	179	-100	-100
2	293	-100	-100
2	110	-100	-100
2	157	-100	-100
2	482	-100	-100
2	120	-100	-100
2	214	-100	-100
2	278	-100	-100
2	274	-100	-100
2	41	-100	-100
2	58	-100	-100
2	384	-100	-100
2	118	-100	-100
2	232	-100	-100
2	488	-100	-100
2	271	-100	-100
2	454	-100	-100
2	140	-100	-100
2	66	-100	-100
2	464	-100	-100
2	116	-100	-100
2	131	-100	-100
2	311	-100	-100
2	255	-100	-100
2	493	-100	-100
2	313	-100	-100
2	396	-100	-100
2	201	-100	-100
2	34	-100	-100
2	485	-100	-100
2	150	-100	-100
2	339	-100	-100
2	340	-100	-100
2	241	-100	-100
2	414	-100	-100
2	143	-100	-100
2	102	-100	-100
2	160	-100	-100
2	367	-100	-100
2	461	-100	-100
2	250	-100	-100
2	119	-100	-100
2	194	-100	-100
2	266	-100	-100
2	335	-100	-100
2	82	-100	-100
2	317	-100	-100
2	215	-100	-100
2	256	-100	-100
2	149	-100	-100
2	108	-100	-100
2	28	-100	-100
2	236	-100	-100
2	178	-100	-100
2	68	-100	-100
2	183	-100	-100
2	64	-100	-100
2	328	-100	-100
2	247	-100	-100
2	337	-100	-100
2	14	-100	-100
2	388	-100	-100
2	448	-100	-100
2	9	-100	-100
2	135	-100	-100
2	315	-100	-100
2	431	-100	-100
2	172	-100	-100
2	158	-100	-100
2	92	-100	-100
2	103	-100	-100
2	442	-100	-100
2	206	-100	-100
2	407	-100	-100
2	24	-100	-100
2	463	-100	-100
2	45	-100	-100
2	93	-100	-100
2	249	-100	-100
2	343	-100	-100
2	283	-100	-100
2	285	-100	-100
2	145	-100	-100
2	153	-100	-100
2	132	-100	-100
2	221	-100	-100
2	124	-100	-100
2	240	-100	-100
2	351	-100	-100
2	171	-100	-100
2	111	-100	-100
2	389	-100	-100
2	122	-100	-100
2	217	-100	-100
2	89	-100	-100
2	390	-100	-100
2	387	-100	-100
2	55	-100	-100
2	476	-100	-100
340	114	-100	-100
340	54	-100	-100
340	48	-100	-100
340	437	-100	-100
340	441	-100	-100
340	412	-100	-100
340	216	-100	-100
340	475	-100	-100
340	19	-100	-100
340	489	-100	-100
340	480	-100	-100
340	267	-100	-100
340	207	-100	-100
340	322	-100	-100
340	66	-100	-100
340	169	-100	-100
340	229	-100	-100
340	483	-100	-100
340	348	-100	-100
340	471	-100	-100
340	293	-100	-100
340	205	-100	-100
340	178	-100	-100
340	447	-100	-100
340	95	-100	-100
340	206	-100	-100
340	13	-100	-100
340	350	-100	-100
340	123	-100	-100
340	142	-100	-100
340	217	-100	-100
340	131	-100	-100
340	175	-100	-100
340	283	-100	-100
340	308	-100	-100
340	15	-100	-100
340	164	-100	-100
340	35	-100	-100
340	236	-100	-100
340	344	-100	-100
340	280	-100	-100
340	330	-100	-100
340	424	-100	-100
340	407	-100	-100
340	215	-100	-100
340	31	-100	-100
340	422	-100	-100
340	270	-100	-100
340	183	-100	-100
340	491	-100	-100
340	128	-100	-100
340	324	-100	-100
340	297	-100	-100
340	400	-100	-100
340	452	-100	-100
340	174	-100	-100
340	185	-100	-100
340	260	-100	-100
340	320	-100	-100
340	82	-100	-100
340	213	-100	-100
340	90	-100	-100
340	343	-100	-100
340	214	-100	-100
340	295	-100	-100
340	195	-100	-100
340	157	-100	-100
340	484	-100	-100
340	50	-100	-100
340	41	-100	-100
340	226	-100	-100
340	153	-100	-100
340	68	-100	-100
340	470	-100	-100
340	310	-100	-100
340	242	-100	-100
340	393	-100	-100
340	395	-100	-100
340	337	-100	-100
340	107	-100	-100
340	57	-100	-100
340	87	-100	-100
340	230	-100	-100
340	419	-100	-100
340	110	-100	-100
340	109	-100	-100
340	44	-100	-100
340	231	-100	-100
340	292	-100	-100
340	460	-100	-100
340	278	-100	-100
340	354	-100	-100
340	336	-100	-100
340	438	-100	-100
340	10	-100	-100
340	27	-100	-100
340	411	-100	-100
340	462	-100	-100
340	63	-100	-100
340	334	-100	-100
340	223	-100	-100
340	349	-100	-100
340	212	-100	-100
340	451	-100	-100
340	328	-100	-100
340	266	-100	-100
340	463	-100	-100
340	325	-100	-100
340	433	-100	-100
340	388	-100	-100
340	198	-100	-100
340	145	-100	-100
340	72	-100	-100
340	197	-100	-100
340	299	-100	-100
340	146	-100	-100
340	356	-100	-100
340	167	-100	-100
340	160	-100	-100
340	312	-100	-100
340	245	-100	-100
340	125	-100	-100
340	453	-100	-100
340	222	-100	-100
340	100	-100	-100
340	490	-100	-100
340	408	-100	-100
340	127	-100	-100
340	327	-100	-100
340	486	-100	-100
340	316	-100	-100
340	376	-100	-100
340	265	-100	-100
340	204	-100	-100
340	105	-100	-100
340	94	-100	-100
340	444	-100	-100
340	277	-100	-100
340	430	-100	-100
340	358	-100	-100
340	305	-100	-100
340	103	-100	-100
340	199	-100	-100
340	459	-100	-100
340	150	-100	-100
340	166	-100	-100
340	497	-100	-100
340	163	-100	-100
340	71	-100	-100
340	426	-100	-100
340	249	-100	-100
340	9	-100	-100
340	172	-100	-100
340	379	-100	-100
340	224	-100	-100
340	355	-100	-100
340	417	-100	-100
340	184	-100	-100
340	180	-100	-100
340	237	-100	-100
340	171	-100	-100
340	55	-100	-100
340	487	-100	-100
340	25	-100	-100
340	476	-100	-100
340	301	-100	-100
340	367	-100	-100
340	339	-100	-100
340	133	-100	-100
340	425	-100	-100
340	368	-100	-100
340	14	-100	-100
340	32	-100	-100
340	326	-100	-100
340	291	-100	-100
340	124	-100	-100
340	381	-100	-100
340	243	-100	-100
340	285	-100	-100
340	263	-100	-100
340	120	-100	-100
340	404	-100	-100
340	118	-100	-100
340	93	-100	-100
340	192	-100	-100
340	210	-100	-100
340	134	-100	-100
340	410	-100	-100
340	369	-100	-100
340	220	-100	-100
340	59	-100	-100
340	449	-100	-100
340	76	-100	-100
340	264	-100	-100
340	359	-100	-100
340	81	-100	-100
340	342	-100	-100
340	203	-100	-100
340	60	-100	-100
340	493	-100	-100
340	179	-100	-100
340	415	-100	-100
340	152	-100	-100
340	28	-100	-100
340	234	-100	-100
340	201	-100	-100
340	375	-100	-100
340	238	-100	-100
340	147	-100	-100
340	269	-100	-100
340	83	-100	-100
340	420	-100	-100
340	221	-100	-100
340	209	-100	-100
340	176	-100	-100
340	97	-100	-100
340	403	-100	-100
340	362	-100	-100
340	373	-100	-100
340	279	-100	-100
340	302	-100	-100
340	436	-100	-100
340	188	-100	-100
340	390	-100	-100
340	384	-100	-100
340	227	-100	-100
340	65	-100	-100
340	450	-100	-100
340	329	-100	-100
340	315	-100	-100
340	208	-100	-100
340	416	-100	-100
340	443	-100	-100
340	323	-100	-100
340	465	-100	-100
340	366	-100	-100
340	258	-100	-100
340	247	-100	-100
340	364	-100	-100
340	250	-100	-100
340	402	-100	-100
340	429	-100	-100
340	431	-100	-100
340	96	-100	-100
340	161	-100	-100
340	492	-100	-100
340	135	-100	-100
340	112	-100	-100
340	77	-100	-100
340	500	-100	-100
163	102	-100	-100
163	37	-100	-100
163	400	-100	-100
163	443	-100	-100
163	485	-100	-100
163	454	-100	-100
163	263	-100	-100
163	433	-100	-100
163	329	-100	-100
163	60	-100	-100
163	244	-100	-100
163	390	-100	-100
163	145	-100	-100
163	14	-100	-100
163	23	-100	-100
163	458	-100	-100
163	126	-100	-100
163	415	-100	-100
163	467	-100	-100
163	197	-100	-100
163	393	-100	-100
163	483	-100	-100
163	437	-100	-100
163	472	-100	-100
163	229	-100	-100
163	203	-100	-100
163	146	-100	-100
163	132	-100	-100
163	305	-100	-100
163	44	-100	-100
163	169	-100	-100
163	212	-100	-100
163	361	-100	-100
163	135	-100	-100
163	121	-100	-100
163	217	-100	-100
163	93	-100	-100
163	180	-100	-100
163	492	-100	-100
163	95	-100	-100
163	405	-100	-100
163	496	-100	-100
163	62	-100	-100
163	457	-100	-100
163	45	-100	-100
163	104	-100	-100
163	418	-100	-100
163	425	-100	-100
163	66	-100	-100
163	489	-100	-100
163	144	-100	-100
163	73	-100	-100
163	52	-100	-100
163	395	-100	-100
163	484	-100	-100
163	402	-100	-100
163	172	-100	-100
163	389	-100	-100
163	195	-100	-100
163	22	-100	-100
163	71	-100	-100
163	84	-100	-100
163	128	-100	-100
163	384	-100	-100
163	316	-100	-100
163	420	-100	-100
163	36	-100	-100
163	161	-100	-100
163	83	-100	-100
163	336	-100	-100
163	49	-100	-100
163	51	-100	-100
163	331	-100	-100
163	179	-100	-100
163	90	-100	-100
163	112	-100	-100
163	461	-100	-100
163	345	-100	-100
163	350	-100	-100
163	232	-100	-100
163	18	-100	-100
163	327	-100	-100
163	320	-100	-100
163	143	-100	-100
163	338	-100	-100
163	142	-100	-100
163	219	-100	-100
163	137	-100	-100
163	480	-100	-100
163	430	-100	-100
163	447	-100	-100
163	474	-100	-100
163	317	-100	-100
163	174	-100	-100
163	110	-100	-100
163	344	-100	-100
163	40	-100	-100
163	183	-100	-100
163	147	-100	-100
163	438	-100	-100
163	68	-100	-100
163	80	-100	-100
163	434	-100	-100
163	63	-100	-100
163	257	-100	-100
163	96	-100	-100
163	298	-100	-100
163	131	-100	-100
163	243	-100	-100
163	25	-100	-100
163	290	-100	-100
163	261	-100	-100
163	491	-100	-100
163	477	-100	-100
163	98	-100	-100
163	46	-100	-100
163	113	-100	-100
163	339	-100	-100
163	408	-100	-100
163	198	-100	-100
163	295	-100	-100
163	116	-100	-100
163	330	-100	-100
163	82	-100	-100
163	411	-100	-100
163	170	-100	-100
163	370	-100	-100
163	196	-100	-100
163	282	-100	-100
163	162	-100	-100
163	444	-100	-100
163	12	-100	-100
163	222	-100	-100
163	240	-100	-100
163	315	-100	-100
163	322	-100	-100
163	255	-100	-100
163	302	-100	-100
163	333	-100	-100
163	159	-100	-100
163	487	-100	-100
163	101	-100	-100
163	99	-100	-100
163	379	-100	-100
163	55	-100	-100
163	58	-100	-100
163	451	-100	-100
163	493	-100	-100
163	148	-100	-100
163	28	-100	-100
163	285	-100	-100
163	206	-100	-100
163	464	-100	-100
163	165	-100	-100
163	21	-100	-100
163	473	-100	-100
163	271	-100	-100
163	87	-100	-100
163	307	-100	-100
163	369	-100	-100
163	91	-100	-100
163	119	-100	-100
163	111	-100	-100
163	78	-100	-100
163	413	-100	-100
163	103	-100	-100
163	399	-100	-100
163	152	-100	-100
163	475	-100	-100
163	462	-100	-100
163	241	-100	-100
163	262	-100	-100
163	445	-100	-100
163	323	-100	-100
163	136	-100	-100
163	86	-100	-100
163	184	-100	-100
163	460	-100	-100
163	397	-100	-100
163	498	-100	-100
163	414	-100	-100
163	277	-100	-100
163	11	-100	-100
163	209	-100	-100
163	358	-100	-100
163	378	-100	-100
163	346	-100	-100
163	230	-100	-100
163	194	-100	-100
163	221	-100	-100
163	365	-100	-100
163	139	-100	-100
163	190	-100	-100
163	380	-100	-100
163	9	-100	-100
163	19	-100	-100
163	233	-100	-100
163	279	-100	-100
163	427	-100	-100
163	394	-100	-100
163	385	-100	-100
163	69	-100	-100
163	175	-100	-100
163	67	-100	-100
163	497	-100	-100
163	77	-100	-100
163	156	-100	-100
163	13	-100	-100
163	272	-100	-100
163	276	-100	-100
163	441	-100	-100
163	288	-100	-100
163	115	-100	-100
163	349	-100	-100
163	284	-100	-100
163	275	-100	-100
163	343	-100	-100
163	446	-100	-100
163	35	-100	-100
163	228	-100	-100
163	376	-100	-100
163	249	-100	-100
163	356	-100	-100
163	64	-100	-100
163	357	-100	-100
163	313	-100	-100
163	456	-100	-100
163	270	-100	-100
163	367	-100	-100
163	100	-100	-100
163	364	-100	-100
163	335	-100	-100
163	297	-100	-100
163	468	-100	-100
163	193	-100	-100
163	252	-100	-100
163	499	-100	-100
163	220	-100	-100
163	210	-100	-100
163	89	-100	-100
163	47	-100	-100
163	225	-100	-100
163	377	-100	-100
163	17	-100	-100
163	359	-100	-100
163	120	-100	-100
163	213	-100	-100
163	234	-100	-100
163	264	-100	-100
163	289	-100	-100
344	103	-100	-100
344	451	-100	-100
344	54	-100	-100
344	319	-100	-100
344	169	-100	-100
344	270	-100	-100
344	468	-100	-100
344	152	-100	-100
344	129	-100	-100
344	335	-100	-100
344	352	-100	-100
344	131	-100	-100
344	200	-100	-100
344	278	-100	-100
344	331	-100	-100
344	155	-100	-100
344	419	-100	-100
344	122	-100	-100
344	260	-100	-100
344	96	-100	-100
344	262	-100	-100
344	459	-100	-100
344	183	-100	-100
344	171	-100	-100
344	255	-100	-100
344	399	-100	-100
344	375	-100	-100
344	241	-100	-100
344	365	-100	-100
344	264	-100	-100
344	40	-100	-100
344	439	-100	-100
344	217	-100	-100
344	73	-100	-100
344	426	-100	-100
344	414	-100	-100
344	394	-100	-100
344	469	-100	-100
344	56	-100	-100
344	36	-100	-100
344	182	-100	-100
344	253	-100	-100
344	202	-100	-100
344	117	-100	-100
344	377	-100	-100
344	392	-100	-100
344	250	-100	-100
344	354	-100	-100
344	466	-100	-100
344	189	-100	-100
344	283	-100	-100
344	432	-100	-100
344	488	-100	-100
344	350	-100	-100
344	44	-100	-100
344	110	-100	-100
344	434	-100	-100
344	136	-100	-100
344	14	-100	-100
344	415	-100	-100
344	430	-100	-100
344	417	-100	-100
344	75	-100	-100
344	416	-100	-100
344	178	-100	-100
344	164	-100	-100
344	351	-100	-100
344	79	-100	-100
344	269	-100	-100
344	125	-100	-100
344	285	-100	-100
344	133	-100	-100
344	130	-100	-100
344	373	-100	-100
344	19	-100	-100
344	345	-100	-100
344	248	-100	-100
344	347	-100	-100
344	188	-100	-100
344	310	-100	-100
344	314	-100	-100
344	98	-100	-100
344	428	-100	-100
344	236	-100	-100
344	187	-100	-100
344	374	-100	-100
344	454	-100	-100
344	28	-100	-100
344	312	-100	-100
344	77	-100	-100
344	461	-100	-100
344	317	-100	-100
344	124	-100	-100
344	360	-100	-100
344	9	-100	-100
344	267	-100	-100
344	330	-100	-100
344	364	-100	-100
344	172	-100	-100
344	58	-100	-100
344	311	-100	-100
344	403	-100	-100
344	299	-100	-100
344	230	-100	-100
344	464	-100	-100
344	386	-100	-100
344	211	-100	-100
344	400	-100	-100
344	329	-100	-100
344	433	-100	-100
344	112	-100	-100
344	499	-100	-100
344	228	-100	-100
344	268	-100	-100
344	158	-100	-100
344	107	-100	-100
344	479	-100	-100
344	198	-100	-100
344	363	-100	-100
344	407	-100	-100
344	343	-100	-100
344	389	-100	-100
344	34	-100	-100
344	232	-100	-100
344	460	-100	-100
344	203	-100	-100
344	483	-100	-100
344	201	-100	-100
344	48	-100	-100
344	115	-100	-100
344	220	-100	-100
344	463	-100	-100
344	323	-100	-100
344	402	-100	-100
344	128	-100	-100
344	472	-100	-100
344	441	-100	-100
344	205	-100	-100
344	411	-100	-100
344	371	-100	-100
344	336	-100	-100
344	186	-100	-100
344	26	-100	-100
344	181	-100	-100
344	161	-100	-100
344	57	-100	-100
344	341	-100	-100
344	176	-100	-100
344	240	-100	-100
344	65	-100	-100
344	291	-100	-100
344	376	-100	-100
344	358	-100	-100
344	338	-100	-100
344	235	-100	-100
344	421	-100	-100
344	93	-100	-100
344	406	-100	-100
344	69	-100	-100
344	88	-100	-100
344	425	-100	-100
344	132	-100	-100
344	218	-100	-100
344	18	-100	-100
344	286	-100	-100
344	447	-100	-100
344	449	-100	-100
344	213	-100	-100
344	24	-100	-100
344	153	-100	-100
344	266	-100	-100
344	491	-100	-100
344	227	-100	-100
344	273	-100	-100
344	210	-100	-100
344	95	-100	-100
344	334	-100	-100
344	166	-100	-100
344	390	-100	-100
344	63	-100	-100
344	144	-100	-100
344	493	-100	-100
344	111	-100	-100
344	226	-100	-100
344	452	-100	-100
344	81	-100	-100
344	296	-100	-100
344	37	-100	-100
344	470	-100	-100
344	212	-100	-100
344	33	-100	-100
344	498	-100	-100
344	46	-100	-100
344	185	-100	-100
344	154	-100	-100
344	219	-100	-100
344	455	-100	-100
344	453	-100	-100
344	195	-100	-100
344	410	-100	-100
344	435	-100	-100
344	315	-100	-100
344	474	-100	-100
344	42	-100	-100
344	31	-100	-100
344	465	-100	-100
344	38	-100	-100
344	302	-100	-100
344	53	-100	-100
344	494	-100	-100
344	318	-100	-100
344	422	-100	-100
344	66	-100	-100
344	207	-100	-100
344	76	-100	-100
344	279	-100	-100
344	332	-100	-100
344	94	-100	-100
344	443	-100	-100
344	458	-100	-100
344	292	-100	-100
344	254	-100	-100
344	142	-100	-100
344	387	-100	-100
344	197	-100	-100
344	70	-100	-100
344	102	-100	-100
344	300	-100	-100
344	229	-100	-100
344	325	-100	-100
344	22	-100	-100
344	145	-100	-100
344	482	-100	-100
344	297	-100	-100
344	146	-100	-100
344	427	-100	-100
344	384	-100	-100
344	222	-100	-100
344	140	-100	-100
344	405	-100	-100
344	157	-100	-100
344	239	-100	-100
344	190	-100	-100
344	234	-100	-100
344	298	-100	-100
344	258	-100	-100
344	316	-100	-100
344	121	-100	-100
344	492	-100	-100
330	177	-100	-100
330	385	-100	-100
330	286	-100	-100
330	420	-100	-100
330	414	-100	-100
330	40	-100	-100
330	311	-100	-100
330	197	-100	-100
330	434	-100	-100
330	16	-100	-100
330	463	-100	-100
330	493	-100	-100
330	393	-100	-100
330	346	-100	-100
330	179	-100	-100
330	479	-100	-100
330	188	-100	-100
330	181	-100	-100
330	297	-100	-100
330	449	-100	-100
330	165	-100	-100
330	231	-100	-100
330	37	-100	-100
330	260	-100	-100
330	10	-100	-100
330	122	-100	-100
330	123	-100	-100
330	427	-100	-100
330	136	-100	-100
330	400	-100	-100
330	356	-100	-100
330	190	-100	-100
330	160	-100	-100
330	102	-100	-100
330	454	-100	-100
330	146	-100	-100
330	142	-100	-100
330	9	-100	-100
330	314	-100	-100
330	208	-100	-100
330	350	-100	-100
330	341	-100	-100
330	247	-100	-100
330	450	-100	-100
330	63	-100	-100
330	108	-100	-100
330	326	-100	-100
330	46	-100	-100
330	272	-100	-100
330	485	-100	-100
330	38	-100	-100
330	303	-100	-100
330	128	-100	-100
330	451	-100	-100
330	94	-100	-100
330	425	-100	-100
330	267	-100	-100
330	243	-100	-100
330	352	-100	-100
330	321	-100	-100
330	398	-100	-100
330	349	-100	-100
330	278	-100	-100
330	36	-100	-100
330	77	-100	-100
330	32	-100	-100
330	470	-100	-100
330	88	-100	-100
330	498	-100	-100
330	296	-100	-100
330	216	-100	-100
330	409	-100	-100
330	404	-100	-100
330	359	-100	-100
330	29	-100	-100
330	56	-100	-100
330	261	-100	-100
330	354	-100	-100
330	381	-100	-100
330	290	-100	-100
330	419	-100	-100
330	471	-100	-100
330	410	-100	-100
330	187	-100	-100
330	417	-100	-100
330	215	-100	-100
330	295	-100	-100
330	441	-100	-100
330	230	-100	-100
330	169	-100	-100
330	212	-100	-100
330	69	-100	-100
330	66	-100	-100
330	298	-100	-100
330	217	-100	-100
330	75	-100	-100
330	242	-100	-100
330	265	-100	-100
330	455	-100	-100
330	362	-100	-100
330	168	-100	-100
330	285	-100	-100
330	497	-100	-100
330	325	-100	-100
330	48	-100	-100
330	488	-100	-100
330	237	-100	-100
330	223	-100	-100
330	31	-100	-100
330	499	-100	-100
330	224	-100	-100
330	130	-100	-100
330	464	-100	-100
330	439	-100	-100
330	448	-100	-100
330	191	-100	-100
330	54	-100	-100
330	204	-100	-100
330	158	-100	-100
330	396	-100	-100
330	178	-100	-100
330	59	-100	-100
330	90	-100	-100
330	52	-100	-100
330	269	-100	-100
330	436	-100	-100
330	245	-100	-100
330	232	-100	-100
330	387	-100	-100
330	22	-100	-100
330	452	-100	-100
330	477	-100	-100
330	328	-100	-100
330	491	-100	-100
330	358	-100	-100
330	73	-100	-100
330	44	-100	-100
330	81	-100	-100
330	211	-100	-100
330	288	-100	-100
330	304	-100	-100
330	43	-100	-100
330	119	-100	-100
330	405	-100	-100
330	125	-100	-100
330	70	-100	-100
330	319	-100	-100
330	184	-100	-100
330	26	-100	-100
330	30	-100	-100
330	74	-100	-100
330	55	-100	-100
330	305	-100	-100
330	95	-100	-100
330	161	-100	-100
330	61	-100	-100
330	374	-100	-100
330	170	-100	-100
330	447	-100	-100
330	273	-100	-100
330	14	-100	-100
330	380	-100	-100
330	357	-100	-100
330	322	-100	-100
330	176	-100	-100
330	475	-100	-100
330	240	-100	-100
330	315	-100	-100
330	461	-100	-100
330	279	-100	-100
330	445	-100	-100
330	138	-100	-100
330	415	-100	-100
330	97	-100	-100
330	353	-100	-100
330	401	-100	-100
330	249	-100	-100
330	132	-100	-100
330	80	-100	-100
330	335	-100	-100
330	283	-100	-100
330	383	-100	-100
330	458	-100	-100
330	131	-100	-100
330	114	-100	-100
330	171	-100	-100
330	109	-100	-100
330	484	-100	-100
330	433	-100	-100
330	390	-100	-100
330	213	-100	-100
330	294	-100	-100
330	183	-100	-100
330	309	-100	-100
330	68	-100	-100
330	407	-100	-100
330	202	-100	-100
330	368	-100	-100
330	363	-100	-100
330	64	-100	-100
330	12	-100	-100
330	140	-100	-100
330	150	-100	-100
330	435	-100	-100
330	486	-100	-100
330	92	-100	-100
330	302	-100	-100
330	316	-100	-100
330	389	-100	-100
330	124	-100	-100
330	182	-100	-100
330	384	-100	-100
330	324	-100	-100
330	446	-100	-100
330	196	-100	-100
330	252	-100	-100
330	60	-100	-100
330	253	-100	-100
330	468	-100	-100
330	351	-100	-100
330	430	-100	-100
330	465	-100	-100
330	33	-100	-100
330	28	-100	-100
330	193	-100	-100
330	432	-100	-100
330	256	-100	-100
330	233	-100	-100
330	429	-100	-100
330	227	-100	-100
330	263	-100	-100
330	201	-100	-100
330	145	-100	-100
330	266	-100	-100
330	264	-100	-100
330	100	-100	-100
330	228	-100	-100
330	472	-100	-100
330	281	-100	-100
330	57	-100	-100
330	500	-100	-100
330	41	-100	-100
330	157	-100	-100
330	336	-100	-100
330	443	-100	-100
330	82	-100	-100
330	307	-100	-100
330	147	-100	-100
183	226	-100	-100
183	169	-100	-100
183	119	-100	-100
183	295	-100	-100
183	123	-100	-100
183	416	-100	-100
183	153	-100	-100
183	206	-100	-100
183	60	-100	-100
183	114	-100	-100
183	137	-100	-100
183	36	-100	-100
183	464	-100	-100
183	251	-100	-100
183	190	-100	-100
183	140	-100	-100
183	237	-100	-100
183	54	-100	-100
183	73	-100	-100
183	165	-100	-100
183	278	-100	-100
183	288	-100	-100
183	383	-100	-100
183	121	-100	-100
183	280	-100	-100
183	268	-100	-100
183	173	-100	-100
183	175	-100	-100
183	45	-100	-100
183	253	-100	-100
183	235	-100	-100
183	445	-100	-100
183	447	-100	-100
183	466	-100	-100
183	145	-100	-100
183	21	-100	-100
183	240	-100	-100
183	12	-100	-100
183	234	-100	-100
183	159	-100	-100
183	93	-100	-100
183	170	-100	-100
183	270	-100	-100
183	434	-100	-100
183	499	-100	-100
183	88	-100	-100
183	496	-100	-100
183	360	-100	-100
183	428	-100	-100
183	37	-100	-100
183	323	-100	-100
183	386	-100	-100
183	146	-100	-100
183	222	-100	-100
183	62	-100	-100
183	32	-100	-100
183	449	-100	-100
183	306	-100	-100
183	468	-100	-100
183	348	-100	-100
183	435	-100	-100
183	277	-100	-100
183	307	-100	-100
183	431	-100	-100
183	313	-100	-100
183	351	-100	-100
183	128	-100	-100
183	129	-100	-100
183	358	-100	-100
183	403	-100	-100
183	500	-100	-100
183	232	-100	-100
183	402	-100	-100
183	469	-100	-100
183	457	-100	-100
183	97	-100	-100
183	395	-100	-100
183	259	-100	-100
183	471	-100	-100
183	176	-100	-100
183	373	-100	-100
183	147	-100	-100
183	446	-100	-100
183	72	-100	-100
183	272	-100	-100
183	454	-100	-100
183	487	-100	-100
183	309	-100	-100
183	24	-100	-100
183	202	-100	-100
183	408	-100	-100
183	262	-100	-100
183	53	-100	-100
183	341	-100	-100
183	245	-100	-100
183	105	-100	-100
183	22	-100	-100
183	332	-100	-100
183	415	-100	-100
183	243	-100	-100
183	203	-100	-100
183	217	-100	-100
183	177	-100	-100
183	103	-100	-100
183	67	-100	-100
183	359	-100	-100
183	342	-100	-100
183	291	-100	-100
183	437	-100	-100
183	172	-100	-100
183	389	-100	-100
183	476	-100	-100
183	257	-100	-100
183	26	-100	-100
183	456	-100	-100
183	84	-100	-100
183	427	-100	-100
183	76	-100	-100
183	185	-100	-100
183	355	-100	-100
183	308	-100	-100
183	284	-100	-100
183	187	-100	-100
183	180	-100	-100
183	168	-100	-100
183	90	-100	-100
183	474	-100	-100
183	486	-100	-100
183	214	-100	-100
183	452	-100	-100
183	212	-100	-100
183	69	-100	-100
183	443	-100	-100
183	110	-100	-100
183	279	-100	-100
183	372	-100	-100
183	179	-100	-100
183	125	-100	-100
183	367	-100	-100
183	113	-100	-100
183	482	-100	-100
183	470	-100	-100
183	87	-100	-100
183	233	-100	-100
183	133	-100	-100
183	13	-100	-100
183	265	-100	-100
183	155	-100	-100
183	164	-100	-100
183	148	-100	-100
183	246	-100	-100
183	353	-100	-100
183	197	-100	-100
183	40	-100	-100
183	461	-100	-100
183	171	-100	-100
183	433	-100	-100
183	215	-100	-100
183	227	-100	-100
183	429	-100	-100
183	286	-100	-100
183	338	-100	-100
183	292	-100	-100
183	494	-100	-100
183	136	-100	-100
183	166	-100	-100
183	223	-100	-100
183	239	-100	-100
183	352	-100	-100
183	213	-100	-100
183	440	-100	-100
183	160	-100	-100
183	314	-100	-100
183	14	-100	-100
183	193	-100	-100
183	325	-100	-100
183	135	-100	-100
183	426	-100	-100
183	43	-100	-100
183	479	-100	-100
183	150	-100	-100
183	19	-100	-100
183	157	-100	-100
183	116	-100	-100
183	142	-100	-100
183	462	-100	-100
183	465	-100	-100
183	117	-100	-100
183	241	-100	-100
183	48	-100	-100
183	29	-100	-100
183	225	-100	-100
183	260	-100	-100
183	100	-100	-100
183	302	-100	-100
183	91	-100	-100
183	224	-100	-100
183	269	-100	-100
183	178	-100	-100
183	219	-100	-100
183	339	-100	-100
183	89	-100	-100
183	444	-100	-100
183	256	-100	-100
183	459	-100	-100
183	111	-100	-100
183	209	-100	-100
183	421	-100	-100
183	380	-100	-100
183	495	-100	-100
183	384	-100	-100
183	414	-100	-100
183	379	-100	-100
183	289	-100	-100
183	16	-100	-100
183	139	-100	-100
183	413	-100	-100
183	238	-100	-100
183	33	-100	-100
183	388	-100	-100
183	63	-100	-100
183	378	-100	-100
183	485	-100	-100
183	218	-100	-100
183	441	-100	-100
183	28	-100	-100
183	492	-100	-100
183	261	-100	-100
183	94	-100	-100
183	418	-100	-100
183	458	-100	-100
183	55	-100	-100
183	38	-100	-100
183	138	-100	-100
183	96	-100	-100
183	488	-100	-100
183	497	-100	-100
183	326	-100	-100
183	35	-100	-100
183	336	-100	-100
183	143	-100	-100
183	77	-100	-100
183	347	-100	-100
183	112	-100	-100
183	430	-100	-100
183	186	-100	-100
183	71	-100	-100
183	9	-100	-100
430	195	-100	-100
430	128	-100	-100
430	215	-100	-100
430	171	-100	-100
430	310	-100	-100
430	170	-100	-100
430	251	-100	-100
430	397	-100	-100
430	146	-100	-100
430	322	-100	-100
430	490	-100	-100
430	400	-100	-100
430	349	-100	-100
430	73	-100	-100
430	447	-100	-100
430	102	-100	-100
430	154	-100	-100
430	357	-100	-100
430	33	-100	-100
430	79	-100	-100
430	21	-100	-100
430	179	-100	-100
430	287	-100	-100
430	345	-100	-100
430	37	-100	-100
430	237	-100	-100
430	377	-100	-100
430	325	-100	-100
430	267	-100	-100
430	109	-100	-100
430	25	-100	-100
430	305	-100	-100
430	27	-100	-100
430	459	-100	-100
430	462	-100	-100
430	403	-100	-100
430	173	-100	-100
430	422	-100	-100
430	336	-100	-100
430	242	-100	-100
430	88	-100	-100
430	49	-100	-100
430	378	-100	-100
430	328	-100	-100
430	437	-100	-100
430	271	-100	-100
430	74	-100	-100
430	91	-100	-100
430	220	-100	-100
430	405	-100	-100
430	427	-100	-100
430	329	-100	-100
430	130	-100	-100
430	86	-100	-100
430	260	-100	-100
430	342	-100	-100
430	80	-100	-100
430	265	-100	-100
430	56	-100	-100
430	438	-100	-100
430	331	-100	-100
430	106	-100	-100
430	318	-100	-100
430	308	-100	-100
430	288	-100	-100
430	338	-100	-100
430	64	-100	-100
430	214	-100	-100
430	38	-100	-100
430	323	-100	-100
430	395	-100	-100
430	23	-100	-100
430	71	-100	-100
430	105	-100	-100
430	489	-100	-100
430	300	-100	-100
430	235	-100	-100
430	10	-100	-100
430	232	-100	-100
430	72	-100	-100
430	199	-100	-100
430	492	-100	-100
430	81	-100	-100
430	70	-100	-100
430	24	-100	-100
430	472	-100	-100
430	216	-100	-100
430	443	-100	-100
430	139	-100	-100
430	311	-100	-100
430	52	-100	-100
430	249	-100	-100
430	348	-100	-100
430	369	-100	-100
430	160	-100	-100
430	478	-100	-100
430	78	-100	-100
430	100	-100	-100
430	28	-100	-100
430	282	-100	-100
430	11	-100	-100
430	182	-100	-100
430	299	-100	-100
430	497	-100	-100
430	257	-100	-100
430	431	-100	-100
430	355	-100	-100
430	75	-100	-100
430	414	-100	-100
430	131	-100	-100
430	185	-100	-100
430	385	-100	-100
430	99	-100	-100
430	317	-100	-100
430	425	-100	-100
430	158	-100	-100
430	120	-100	-100
430	307	-100	-100
430	62	-100	-100
430	150	-100	-100
430	494	-100	-100
430	433	-100	-100
430	346	-100	-100
430	274	-100	-100
430	239	-100	-100
430	32	-100	-100
430	147	-100	-100
430	309	-100	-100
430	315	-100	-100
430	35	-100	-100
430	419	-100	-100
430	460	-100	-100
430	367	-100	-100
430	248	-100	-100
430	295	-100	-100
430	178	-100	-100
430	408	-100	-100
430	390	-100	-100
430	277	-100	-100
430	413	-100	-100
430	415	-100	-100
430	351	-100	-100
430	145	-100	-100
430	207	-100	-100
430	374	-100	-100
430	92	-100	-100
430	426	-100	-100
430	450	-100	-100
430	324	-100	-100
430	444	-100	-100
430	327	-100	-100
430	236	-100	-100
430	261	-100	-100
430	387	-100	-100
430	465	-100	-100
430	149	-100	-100
430	121	-100	-100
430	134	-100	-100
430	210	-100	-100
430	276	-100	-100
430	58	-100	-100
430	162	-100	-100
430	20	-100	-100
430	96	-100	-100
430	87	-100	-100
430	303	-100	-100
430	168	-100	-100
430	194	-100	-100
430	399	-100	-100
430	41	-100	-100
430	191	-100	-100
430	410	-100	-100
430	289	-100	-100
430	486	-100	-100
430	61	-100	-100
430	60	-100	-100
430	198	-100	-100
430	283	-100	-100
430	40	-100	-100
430	172	-100	-100
430	13	-100	-100
430	253	-100	-100
430	365	-100	-100
430	479	-100	-100
430	53	-100	-100
430	188	-100	-100
430	358	-100	-100
430	293	-100	-100
430	411	-100	-100
430	366	-100	-100
430	270	-100	-100
430	50	-100	-100
430	17	-100	-100
430	409	-100	-100
430	226	-100	-100
430	491	-100	-100
430	108	-100	-100
430	428	-100	-100
430	129	-100	-100
430	166	-100	-100
430	278	-100	-100
430	122	-100	-100
430	43	-100	-100
430	44	-100	-100
430	264	-100	-100
430	391	-100	-100
430	416	-100	-100
430	192	-100	-100
430	482	-100	-100
430	138	-100	-100
430	275	-100	-100
430	297	-100	-100
430	404	-100	-100
430	54	-100	-100
430	193	-100	-100
430	123	-100	-100
430	485	-100	-100
430	259	-100	-100
430	352	-100	-100
430	304	-100	-100
430	448	-100	-100
430	161	-100	-100
430	107	-100	-100
430	470	-100	-100
430	118	-100	-100
430	393	-100	-100
430	347	-100	-100
430	343	-100	-100
430	474	-100	-100
430	217	-100	-100
430	353	-100	-100
430	39	-100	-100
430	298	-100	-100
430	9	-100	-100
430	104	-100	-100
430	230	-100	-100
430	165	-100	-100
430	314	-100	-100
430	82	-100	-100
430	333	-100	-100
430	244	-100	-100
430	12	-100	-100
430	169	-100	-100
430	85	-100	-100
430	151	-100	-100
430	143	-100	-100
430	480	-100	-100
415	274	-100	-100
415	98	-100	-100
415	307	-100	-100
415	255	-100	-100
415	311	-100	-100
415	331	-100	-100
415	219	-100	-100
415	28	-100	-100
415	477	-100	-100
415	132	-100	-100
415	235	-100	-100
415	201	-100	-100
415	136	-100	-100
415	66	-100	-100
415	191	-100	-100
415	21	-100	-100
415	303	-100	-100
415	442	-100	-100
415	211	-100	-100
415	78	-100	-100
415	97	-100	-100
415	209	-100	-100
415	308	-100	-100
415	470	-100	-100
415	478	-100	-100
415	295	-100	-100
415	268	-100	-100
415	12	-100	-100
415	394	-100	-100
415	492	-100	-100
415	80	-100	-100
415	471	-100	-100
415	51	-100	-100
415	309	-100	-100
415	271	-100	-100
415	190	-100	-100
415	56	-100	-100
415	229	-100	-100
415	290	-100	-100
415	26	-100	-100
415	360	-100	-100
415	143	-100	-100
415	278	-100	-100
415	84	-100	-100
415	429	-100	-100
415	306	-100	-100
415	88	-100	-100
415	264	-100	-100
415	20	-100	-100
415	162	-100	-100
415	68	-100	-100
415	366	-100	-100
415	238	-100	-100
415	118	-100	-100
415	160	-100	-100
415	348	-100	-100
415	216	-100	-100
415	283	-100	-100
415	387	-100	-100
415	147	-100	-100
415	89	-100	-100
415	405	-100	-100
415	29	-100	-100
415	474	-100	-100
415	277	-100	-100
415	267	-100	-100
415	93	-100	-100
415	312	-100	-100
415	37	-100	-100
415	59	-100	-100
415	338	-100	-100
415	27	-100	-100
415	316	-100	-100
415	485	-100	-100
415	109	-100	-100
415	365	-100	-100
415	497	-100	-100
415	329	-100	-100
415	144	-100	-100
415	319	-100	-100
415	433	-100	-100
415	170	-100	-100
415	407	-100	-100
415	44	-100	-100
415	380	-100	-100
415	351	-100	-100
415	371	-100	-100
415	220	-100	-100
415	434	-100	-100
415	135	-100	-100
415	252	-100	-100
415	399	-100	-100
415	446	-100	-100
415	451	-100	-100
415	213	-100	-100
415	87	-100	-100
415	54	-100	-100
415	124	-100	-100
415	145	-100	-100
415	345	-100	-100
415	323	-100	-100
415	305	-100	-100
415	479	-100	-100
415	444	-100	-100
415	142	-100	-100
415	426	-100	-100
415	253	-100	-100
415	322	-100	-100
415	55	-100	-100
415	138	-100	-100
415	204	-100	-100
415	85	-100	-100
415	48	-100	-100
415	427	-100	-100
415	221	-100	-100
415	326	-100	-100
415	423	-100	-100
415	104	-100	-100
415	483	-100	-100
415	372	-100	-100
415	101	-100	-100
415	358	-100	-100
415	425	-100	-100
415	107	-100	-100
415	182	-100	-100
415	392	-100	-100
415	50	-100	-100
415	113	-100	-100
415	300	-100	-100
415	169	-100	-100
415	245	-100	-100
415	193	-100	-100
415	353	-100	-100
415	32	-100	-100
415	172	-100	-100
415	34	-100	-100
415	130	-100	-100
415	297	-100	-100
415	43	-100	-100
415	400	-100	-100
415	287	-100	-100
415	178	-100	-100
415	110	-100	-100
415	171	-100	-100
415	227	-100	-100
415	296	-100	-100
415	199	-100	-100
415	58	-100	-100
415	18	-100	-100
415	367	-100	-100
415	480	-100	-100
415	381	-100	-100
415	339	-100	-100
415	129	-100	-100
415	166	-100	-100
415	231	-100	-100
415	349	-100	-100
415	315	-100	-100
415	333	-100	-100
415	233	-100	-100
415	210	-100	-100
415	378	-100	-100
415	390	-100	-100
415	140	-100	-100
415	369	-100	-100
415	75	-100	-100
415	246	-100	-100
415	196	-100	-100
415	486	-100	-100
415	384	-100	-100
415	386	-100	-100
415	96	-100	-100
415	176	-100	-100
415	256	-100	-100
415	284	-100	-100
415	320	-100	-100
415	151	-100	-100
415	205	-100	-100
415	125	-100	-100
415	443	-100	-100
415	239	-100	-100
415	257	-100	-100
415	200	-100	-100
415	168	-100	-100
415	356	-100	-100
415	177	-100	-100
415	186	-100	-100
415	363	-100	-100
415	475	-100	-100
415	112	-100	-100
415	47	-100	-100
415	25	-100	-100
415	14	-100	-100
415	469	-100	-100
415	373	-100	-100
415	321	-100	-100
415	377	-100	-100
415	364	-100	-100
415	57	-100	-100
415	215	-100	-100
415	117	-100	-100
415	174	-100	-100
415	496	-100	-100
415	31	-100	-100
415	464	-100	-100
415	272	-100	-100
415	411	-100	-100
415	258	-100	-100
415	441	-100	-100
415	63	-100	-100
415	154	-100	-100
415	122	-100	-100
415	73	-100	-100
415	79	-100	-100
415	19	-100	-100
415	362	-100	-100
415	500	-100	-100
415	352	-100	-100
415	232	-100	-100
415	455	-100	-100
415	417	-100	-100
415	156	-100	-100
415	398	-100	-100
415	491	-100	-100
415	328	-100	-100
415	250	-100	-100
415	317	-100	-100
415	95	-100	-100
415	499	-100	-100
415	9	-100	-100
415	288	-100	-100
415	64	-100	-100
415	361	-100	-100
415	459	-100	-100
415	197	-100	-100
415	150	-100	-100
415	194	-100	-100
415	461	-100	-100
415	102	-100	-100
415	404	-100	-100
415	445	-100	-100
415	498	-100	-100
415	77	-100	-100
415	439	-100	-100
415	282	-100	-100
415	484	-100	-100
297	126	-100	-100
297	416	-100	-100
297	156	-100	-100
297	96	-100	-100
297	262	-100	-100
297	26	-100	-100
297	152	-100	-100
297	172	-100	-100
297	214	-100	-100
297	448	-100	-100
297	251	-100	-100
297	119	-100	-100
297	160	-100	-100
297	410	-100	-100
297	346	-100	-100
297	177	-100	-100
297	46	-100	-100
297	427	-100	-100
297	404	-100	-100
297	109	-100	-100
297	27	-100	-100
297	318	-100	-100
297	446	-100	-100
297	396	-100	-100
297	342	-100	-100
297	390	-100	-100
297	240	-100	-100
297	500	-100	-100
297	61	-100	-100
297	352	-100	-100
297	457	-100	-100
297	424	-100	-100
297	128	-100	-100
297	283	-100	-100
297	454	-100	-100
297	77	-100	-100
297	41	-100	-100
297	173	-100	-100
297	449	-100	-100
297	54	-100	-100
297	443	-100	-100
297	180	-100	-100
297	127	-100	-100
297	110	-100	-100
297	263	-100	-100
297	328	-100	-100
297	400	-100	-100
297	20	-100	-100
297	50	-100	-100
297	385	-100	-100
297	379	-100	-100
297	139	-100	-100
297	491	-100	-100
297	245	-100	-100
297	397	-100	-100
297	271	-100	-100
297	358	-100	-100
297	226	-100	-100
297	53	-100	-100
297	363	-100	-100
297	138	-100	-100
297	327	-100	-100
297	92	-100	-100
297	341	-100	-100
297	437	-100	-100
297	117	-100	-100
297	75	-100	-100
297	55	-100	-100
297	406	-100	-100
297	140	-100	-100
297	323	-100	-100
297	414	-100	-100
297	123	-100	-100
297	217	-100	-100
297	485	-100	-100
297	144	-100	-100
297	378	-100	-100
297	70	-100	-100
297	497	-100	-100
297	28	-100	-100
297	198	-100	-100
297	149	-100	-100
297	444	-100	-100
297	496	-100	-100
297	162	-100	-100
297	257	-100	-100
297	336	-100	-100
297	307	-100	-100
297	15	-100	-100
297	23	-100	-100
297	101	-100	-100
297	329	-100	-100
297	316	-100	-100
297	97	-100	-100
297	472	-100	-100
297	44	-100	-100
297	37	-100	-100
297	209	-100	-100
297	482	-100	-100
297	343	-100	-100
297	395	-100	-100
297	182	-100	-100
297	49	-100	-100
297	66	-100	-100
297	441	-100	-100
297	45	-100	-100
297	487	-100	-100
297	213	-100	-100
297	229	-100	-100
297	203	-100	-100
297	442	-100	-100
297	447	-100	-100
297	142	-100	-100
297	166	-100	-100
297	425	-100	-100
297	210	-100	-100
297	382	-100	-100
297	22	-100	-100
297	273	-100	-100
297	171	-100	-100
297	411	-100	-100
297	73	-100	-100
297	176	-100	-100
297	169	-100	-100
297	242	-100	-100
297	161	-100	-100
297	373	-100	-100
297	326	-100	-100
297	237	-100	-100
297	322	-100	-100
297	215	-100	-100
297	473	-100	-100
297	153	-100	-100
297	107	-100	-100
297	269	-100	-100
297	29	-100	-100
297	475	-100	-100
297	478	-100	-100
297	10	-100	-100
297	94	-100	-100
297	418	-100	-100
297	124	-100	-100
297	479	-100	-100
297	272	-100	-100
297	303	-100	-100
297	291	-100	-100
297	286	-100	-100
297	275	-100	-100
297	175	-100	-100
297	361	-100	-100
297	85	-100	-100
297	253	-100	-100
297	174	-100	-100
297	116	-100	-100
297	314	-100	-100
297	230	-100	-100
297	233	-100	-100
297	353	-100	-100
297	280	-100	-100
297	321	-100	-100
297	315	-100	-100
297	104	-100	-100
297	483	-100	-100
297	324	-100	-100
297	295	-100	-100
297	463	-100	-100
297	461	-100	-100
297	301	-100	-100
297	281	-100	-100
297	366	-100	-100
297	170	-100	-100
297	80	-100	-100
297	313	-100	-100
297	489	-100	-100
297	277	-100	-100
297	129	-100	-100
297	130	-100	-100
297	458	-100	-100
297	417	-100	-100
297	145	-100	-100
297	331	-100	-100
297	420	-100	-100
297	105	-100	-100
297	236	-100	-100
297	347	-100	-100
297	78	-100	-100
297	288	-100	-100
297	204	-100	-100
297	466	-100	-100
297	305	-100	-100
297	492	-100	-100
297	147	-100	-100
297	202	-100	-100
297	439	-100	-100
297	389	-100	-100
297	498	-100	-100
297	93	-100	-100
297	39	-100	-100
297	91	-100	-100
297	68	-100	-100
297	9	-100	-100
297	157	-100	-100
297	221	-100	-100
297	284	-100	-100
297	88	-100	-100
297	289	-100	-100
297	120	-100	-100
297	125	-100	-100
297	64	-100	-100
297	34	-100	-100
297	445	-100	-100
297	495	-100	-100
297	30	-100	-100
297	261	-100	-100
297	388	-100	-100
297	265	-100	-100
297	244	-100	-100
297	79	-100	-100
297	227	-100	-100
297	195	-100	-100
297	184	-100	-100
297	419	-100	-100
297	258	-100	-100
297	137	-100	-100
297	468	-100	-100
297	299	-100	-100
297	384	-100	-100
297	239	-100	-100
297	62	-100	-100
297	59	-100	-100
297	42	-100	-100
297	82	-100	-100
297	350	-100	-100
297	480	-100	-100
297	136	-100	-100
297	309	-100	-100
297	268	-100	-100
297	199	-100	-100
297	11	-100	-100
297	108	-100	-100
297	134	-100	-100
297	40	-100	-100
297	57	-100	-100
297	193	-100	-100
297	208	-100	-100
297	377	-100	-100
166	22	-100	-100
172	191	-100	-100
102	480	-100	-100
336	302	-100	-100
492	485	-100	-100
443	478	-100	-100
302	48	-100	-100
66	432	-100	-100
22	186	-100	-100
444	339	-100	-100
305	489	-100	-100
93	455	-100	-100
145	210	-100	-100
295	197	-100	-100
441	493	-100	-100
278	389	-100	-100
309	358	-100	-100
377	177	-100	-100
10	333	-100	-100
217	475	-100	-100
470	395	-100	-100
179	112	-100	-100
500	395	-100	-100
142	94	-100	-100
110	215	-100	-100
437	31	-100	-100
285	260	-100	-100
339	16	-100	-100
456	57	-100	-100
326	135	-100	-100
433	16	-100	-100
121	436	-100	-100
43	11	-100	-100
45	204	-100	-100
494	342	-100	-100
75	287	-100	-100
208	382	-100	-100
202	174	-100	-100
125	288	-100	-100
80	267	-100	-100
246	382	-100	-100
116	235	-100	-100
354	255	-100	-100
36	106	-100	-100
247	303	-100	-100
333	442	-100	-100
394	413	-100	-100
484	186	-100	-100
321	177	-100	-100
25	310	-100	-100
89	51	-100	-100
393	308	-100	-100
488	471	-100	-100
356	83	-100	-100
48	429	-100	-100
421	318	-100	-100
254	392	-100	-100
83	486	-100	-100
332	49	-100	-100
436	402	-100	-100
301	153	-100	-100
379	273	-100	-100
76	52	-100	-100
127	424	-100	-100
252	189	-100	-100
15	276	-100	-100
440	99	-100	-100
357	189	-100	-100
13	360	-100	-100
189	17	-100	-100
20	101	-100	-100
370	156	-100	-100
401	181	-100	-100
281	457	-100	-100
167	467	-100	-100
481	391	-100	-100
39	259	-100	-100
148	141	-100	-100
477	412	-100	-100
306	412	-100	-100
141	276	-100	-100
276	165	-100	-100
79	188	-100	-100
91	238	-100	-100
375	363	-100	-100
404	481	-100	-100
59	148	-100	-100
289	453	-100	-100
38	181	-100	-100
313	156	-100	-100
450	39	-100	-100
114	275	-100	-100
181	20	-100	-100
156	401	-100	-100
101	167	-100	-100
189	16	-100	-100
167	16	-100	-100
370	148	-100	-100
440	481	-100	-100
357	106	-100	-100
17	457	-100	-100
423	467	-100	-100
391	259	-100	-100
477	141	-100	-100
306	438	-100	-100
368	412	-100	-100
337	141	-100	-100
