500
1677
3
3	102	7	13	10
3	116	7	13	11
3	73	8	13	11
122	99	6	13	11
122	125	5	13	10
122	115	6	13	11
122	86	6	13	10
122	80	6	13	11
122	52	6	13	11
122	83	6	13	11
122	48	6	13	11
17	23	6	13	11
17	12	6	13	11
66	18	7	13	11
66	90	7	13	10
66	110	7	13	11
66	51	7	13	10
26	97	7	13	10
26	90	8	13	11
45	94	6	13	10
45	150	6	13	11
45	93	7	13	11
109	96	7	13	11
109	138	7	13	10
109	117	7	13	11
109	114	7	13	11
109	49	7	13	11
102	136	7	13	11
102	44	7	13	10
102	112	7	13	11
102	140	7	13	11
102	116	7	13	10
102	139	7	13	11
102	32	7	13	10
102	25	7	13	10
102	141	7	13	10
102	61	7	13	11
102	146	7	13	10
99	18	7	13	10
99	83	7	13	11
136	3	8	13	10
136	112	7	13	11
136	140	7	13	10
136	139	7	13	10
136	141	7	13	11
136	39	7	13	10
136	73	7	13	10
136	146	7	13	11
85	100	6	13	11
85	87	6	13	11
85	7	6	13	10
85	149	5	13	10
85	127	6	13	10
85	29	7	13	10
85	124	6	13	10
85	143	5	13	11
120	26	6	13	11
120	34	7	13	11
120	128	6	13	10
120	72	6	13	10
120	150	6	13	10
120	145	7	13	11
125	17	6	13	11
125	99	6	13	11
125	53	7	13	10
125	63	7	13	11
125	23	5	13	10
125	62	7	13	11
125	89	7	13	10
125	65	6	13	10
125	67	6	13	11
125	86	7	13	11
125	24	6	13	10
125	51	7	13	11
44	112	7	13	11
44	121	7	13	11
44	140	7	13	11
44	116	7	13	10
44	70	7	13	10
44	79	7	13	11
44	146	7	13	10
112	82	7	13	10
133	69	7	13	10
121	134	7	13	10
121	94	7	13	10
121	60	7	13	11
121	31	7	13	11
121	128	7	13	11
121	41	7	13	10
121	10	7	13	10
121	50	7	13	11
121	113	7	13	10
76	45	7	13	10
76	134	7	13	10
76	36	7	13	11
76	105	7	13	10
76	111	7	13	11
27	26	6	13	11
27	100	6	13	10
27	40	5	13	10
27	75	6	13	10
27	62	6	13	10
27	65	6	13	11
27	97	7	13	11
27	149	5	13	11
27	123	7	13	11
27	41	6	13	10
27	127	6	13	11
27	143	5	13	11
27	108	7	13	10
134	45	7	13	11
134	111	7	13	10
46	96	6	13	11
46	114	6	13	11
46	93	7	13	10
46	49	7	13	11
53	27	6	13	11
53	5	6	13	11
53	16	6	13	10
53	90	6	13	10
38	109	8	13	10
38	130	7	13	10
38	81	7	13	10
38	104	7	13	10
38	84	7	13	11
38	138	7	13	10
38	95	7	13	10
38	117	8	13	11
38	49	7	13	10
38	57	8	13	10
38	42	7	13	11
19	13	6	13	10
19	142	6	13	10
19	144	6	13	11
19	16	7	13	11
19	89	6	13	10
19	4	7	13	11
19	145	7	13	11
19	103	6	13	11
19	77	6	13	11
19	50	6	13	11
19	71	7	13	11
94	26	6	13	11
94	120	6	13	10
94	133	6	13	11
94	134	6	13	10
94	119	6	13	11
94	5	6	13	11
94	23	6	13	10
94	74	7	13	10
94	126	6	13	11
94	54	6	13	10
94	64	6	13	10
94	128	6	13	11
94	98	6	13	10
94	28	6	13	11
94	150	6	13	11
94	65	6	13	10
94	149	6	13	11
94	12	6	13	11
94	95	6	13	11
94	141	6	13	10
94	135	6	13	11
94	10	6	13	10
94	77	6	13	11
94	110	6	13	10
94	106	6	13	10
94	50	6	13	11
94	113	6	13	11
100	26	7	13	11
100	99	6	13	11
100	75	7	13	10
100	97	7	13	11
100	7	6	13	11
100	4	6	13	11
100	123	7	13	10
100	110	6	13	10
100	127	6	13	11
100	29	7	13	10
100	124	6	13	10
100	71	7	13	10
88	102	7	13	10
88	136	7	13	10
88	141	7	13	10
88	39	7	13	11
132	120	8	13	10
132	76	7	13	11
132	134	7	13	10
132	60	8	13	10
132	37	7	13	11
132	111	7	13	11
119	102	8	13	11
119	112	7	13	11
119	121	7	13	10
119	37	7	13	10
119	90	7	13	11
119	91	7	13	10
96	38	7	13	11
96	8	7	13	11
96	130	6	13	11
96	104	6	13	10
96	4	7	13	11
96	114	6	13	11
96	49	6	13	11
13	66	7	13	11
13	142	6	13	11
13	63	7	13	10
13	64	6	13	11
13	16	7	13	10
13	128	6	13	11
13	90	7	13	11
13	148	8	13	10
60	85	6	13	10
60	76	7	13	10
60	134	5	13	11
60	94	6	13	11
60	33	5	13	11
60	98	6	13	11
60	150	5	13	10
60	7	7	13	10
60	149	5	13	11
60	80	7	13	10
60	10	5	13	10
60	91	6	13	11
60	106	6	13	11
60	143	5	13	11
5	27	6	13	11
5	19	6	13	11
5	144	6	13	10
5	34	7	13	11
5	54	6	13	10
5	90	7	13	11
5	67	6	13	11
5	12	5	13	10
5	86	6	13	10
5	103	5	13	10
5	50	6	13	11
5	21	7	13	10
140	6	7	13	10
78	112	7	13	11
78	119	7	13	10
78	107	8	13	11
142	66	7	13	11
142	148	7	13	11
55	99	6	13	11
55	120	7	13	10
55	94	6	13	10
55	132	7	13	11
55	37	7	13	11
55	126	6	13	11
55	36	6	13	11
55	64	6	13	11
55	128	6	13	11
55	87	6	13	11
55	135	6	13	11
118	145	6	13	10
116	136	7	13	10
116	112	7	13	10
116	140	7	13	10
116	146	7	13	11
63	72	7	13	10
63	65	7	13	11
63	87	7	13	11
40	26	7	13	11
40	85	5	13	11
40	125	6	13	11
40	100	6	13	11
40	96	5	13	11
40	13	7	13	11
40	60	7	13	10
40	75	7	13	11
40	54	5	13	11
40	97	7	13	11
40	149	5	13	11
40	41	6	13	11
40	22	7	13	10
40	50	5	13	10
40	143	7	13	10
40	57	6	13	10
40	71	6	13	11
33	66	6	13	10
33	94	6	13	10
33	55	6	13	11
33	1	6	13	10
33	23	6	13	11
33	74	6	13	11
33	126	6	13	11
33	64	6	13	10
33	128	5	13	11
33	87	6	13	11
33	59	6	13	11
33	95	6	13	11
33	135	7	13	11
33	41	5	13	11
33	10	7	13	11
33	43	6	13	10
33	110	6	13	11
33	106	6	13	11
33	113	6	13	11
1	66	7	13	10
1	91	8	13	10
6	102	7	13	11
6	136	7	13	10
6	88	7	13	11
6	116	7	13	10
6	70	7	13	11
6	139	7	13	10
23	27	7	13	10
23	19	6	13	11
23	119	6	13	11
23	55	6	13	10
23	63	6	13	10
23	75	6	13	11
23	126	6	13	11
23	64	6	13	10
23	128	6	13	11
23	28	6	13	10
23	89	6	13	11
23	65	6	13	11
23	87	7	13	10
23	67	6	13	10
23	145	6	13	10
23	123	6	13	10
23	135	6	13	11
23	52	6	13	10
23	110	6	13	10
23	24	6	13	10
2	122	6	13	10
2	26	7	13	11
2	133	7	13	11
2	12	6	13	10
2	145	6	13	11
2	56	7	13	11
2	135	6	13	10
2	68	6	13	10
2	108	6	13	11
75	65	7	13	10
144	26	7	13	10
144	118	7	13	10
144	34	7	13	10
144	145	7	13	11
34	118	6	13	11
34	23	8	13	10
34	89	7	13	11
34	72	7	13	10
34	145	6	13	10
34	56	7	13	11
34	79	7	13	10
34	71	7	13	10
31	26	7	13	10
31	44	6	13	11
31	94	6	13	10
31	119	7	13	10
31	96	6	13	11
31	55	7	13	11
31	33	7	13	11
31	2	7	13	11
31	128	6	13	11
31	72	6	13	10
31	130	6	13	11
31	150	7	13	11
31	104	7	13	10
31	87	7	13	10
31	58	6	13	11
31	59	6	13	11
31	145	7	13	11
31	141	7	13	10
31	135	6	13	11
31	41	6	13	11
31	10	5	14	11
31	79	6	13	10
31	93	7	13	10
31	30	6	13	10
31	92	7	13	11
31	49	6	13	10
31	106	6	13	11
31	50	6	13	11
31	57	7	13	10
31	113	7	13	11
37	120	7	13	11
37	36	7	13	10
37	107	6	13	11
126	66	6	13	10
126	1	6	13	11
126	128	6	13	11
126	150	7	13	11
126	87	6	13	10
126	14	7	13	10
126	145	6	13	11
126	135	7	13	11
126	10	6	13	10
126	43	6	13	11
62	100	6	13	11
62	40	6	13	10
62	8	6	13	10
62	149	5	13	11
62	14	7	13	11
62	41	6	13	11
62	127	6	13	11
54	33	7	13	11
54	62	7	13	10
54	131	7	13	11
54	128	6	13	10
54	97	7	13	11
54	18	7	13	11
54	90	7	13	11
54	93	7	13	11
54	52	7	13	10
54	110	6	13	11
131	125	8	13	10
131	27	7	13	11
131	5	7	13	10
131	40	8	13	11
131	8	8	13	10
131	90	7	13	10
131	50	8	13	10
36	120	6	13	11
36	111	7	13	10
9	45	8	13	11
9	76	7	13	11
9	132	7	13	11
64	66	6	13	10
64	142	6	13	10
64	126	6	13	11
64	54	6	13	10
64	128	6	13	10
64	150	6	13	10
64	97	7	13	10
64	87	6	13	11
64	148	6	13	10
64	86	6	13	10
64	135	6	13	10
64	52	7	13	10
64	110	6	13	11
64	113	6	13	10
16	66	7	13	11
16	99	7	13	10
16	142	6	13	10
16	64	6	13	10
16	18	7	13	11
16	148	7	13	10
16	86	7	13	10
128	17	6	13	10
128	66	6	13	11
128	26	6	13	10
128	125	7	13	11
128	134	6	13	10
128	63	6	13	10
128	150	6	13	11
128	90	7	13	11
128	107	6	13	10
128	145	6	13	11
128	86	7	13	10
128	135	6	13	10
128	10	6	13	10
128	111	6	13	10
128	24	7	13	11
98	120	7	13	10
98	133	7	13	11
98	33	8	13	10
98	128	6	13	11
98	145	7	13	11
28	122	7	13	11
28	66	7	13	11
28	26	7	13	10
28	99	7	13	10
28	120	6	13	11
28	63	7	13	10
28	64	6	13	11
28	16	7	13	10
28	128	5	13	11
28	98	7	13	10
28	115	8	13	11
28	89	7	13	11
28	72	7	13	11
28	67	7	13	10
28	148	7	13	11
28	111	7	13	10
28	110	7	13	11
28	51	7	13	10
82	132	6	13	10
82	37	6	13	11
82	9	6	13	11
115	125	5	13	10
89	142	6	13	10
89	118	7	13	10
89	144	7	13	11
89	62	7	13	11
89	72	7	13	11
89	97	7	13	11
89	147	7	13	11
89	145	7	13	10
89	101	7	13	10
89	91	8	13	11
89	108	7	13	10
89	51	8	13	11
70	102	7	13	11
70	136	6	13	11
70	112	7	13	11
70	88	6	13	10
70	140	7	13	11
70	116	6	13	10
70	97	6	13	11
70	139	7	13	11
70	25	6	13	10
70	141	6	13	10
70	61	7	13	10
70	39	6	13	11
70	79	7	13	11
70	73	7	13	10
70	69	6	13	10
70	91	7	13	11
70	146	7	13	10
8	102	7	13	10
8	85	6	13	10
8	100	7	13	10
8	60	6	13	10
8	40	7	13	10
8	59	6	13	11
8	149	6	13	10
8	14	6	13	10
8	41	6	13	10
8	22	6	13	10
8	127	7	13	10
8	29	6	13	10
8	143	7	13	10
72	144	7	13	10
72	128	6	13	10
72	145	6	13	11
72	50	8	13	10
130	109	8	13	10
130	84	8	13	10
130	138	6	13	10
130	117	8	13	11
130	114	7	13	11
130	93	7	13	11
130	49	7	13	10
130	57	7	13	11
65	100	6	13	11
65	131	8	13	10
65	123	6	13	10
81	109	7	13	10
81	46	7	13	11
81	96	6	13	11
81	130	7	13	11
81	104	7	13	11
81	84	7	13	11
81	138	6	13	11
81	95	7	13	10
81	117	7	13	11
81	114	7	13	10
81	20	8	13	10
81	49	7	13	11
81	42	7	13	11
105	132	7	13	11
105	9	6	13	11
105	130	7	13	11
18	142	7	13	11
18	55	7	13	11
18	23	7	13	11
18	64	6	13	11
18	128	7	13	10
18	87	7	13	10
18	145	7	13	11
18	148	7	13	10
18	86	6	13	11
18	135	7	13	10
18	11	7	13	11
18	110	6	13	10
18	50	6	13	10
90	2	7	13	10
90	18	8	13	11
90	21	8	13	11
104	109	7	13	10
104	46	7	13	11
104	130	7	13	11
104	138	6	13	11
104	117	7	13	11
104	114	7	13	11
104	49	7	13	11
104	42	7	13	10
139	112	7	13	10
87	66	7	13	11
87	26	7	13	10
87	121	7	13	11
87	134	7	13	10
87	46	7	13	11
87	94	7	13	10
87	119	8	13	10
87	60	7	13	11
87	40	7	13	11
87	1	7	13	10
87	128	6	13	10
87	98	7	13	10
87	150	8	13	10
87	90	7	13	10
87	7	7	13	11
87	4	7	13	10
87	14	7	13	10
87	107	8	13	11
87	145	7	13	11
87	95	6	13	11
87	141	7	13	11
87	123	7	13	11
87	135	7	13	11
87	10	7	13	10
87	43	7	13	11
87	111	7	13	10
87	22	7	13	11
87	110	6	13	10
87	91	7	13	10
87	143	5	13	10
84	109	7	13	11
84	46	7	13	10
84	96	6	13	11
84	104	7	13	10
84	138	7	13	11
84	117	7	13	11
84	114	7	13	10
84	20	7	13	11
84	49	7	13	11
84	57	7	13	11
84	42	7	13	10
58	102	7	13	11
58	136	7	13	10
58	44	6	13	10
58	88	6	13	11
58	72	7	13	11
58	150	7	13	11
58	97	6	13	10
58	32	6	13	11
58	59	7	13	10
58	25	6	13	11
58	145	7	13	10
58	141	6	13	11
58	135	6	13	10
58	39	7	13	11
58	10	6	13	11
58	43	7	13	10
58	79	6	13	10
58	69	6	13	11
58	30	6	13	11
58	106	6	13	11
35	102	7	13	11
35	136	7	13	11
35	44	7	13	11
35	112	7	13	11
35	132	7	13	10
35	119	7	13	10
35	60	7	13	11
35	78	7	13	11
35	37	7	13	11
35	97	7	13	10
35	107	7	13	10
35	79	7	13	11
7	40	7	13	11
7	62	7	13	10
32	136	6	13	10
32	112	7	13	10
32	140	7	13	10
32	116	6	13	10
32	6	6	13	11
32	70	6	13	10
32	97	6	13	10
32	141	6	13	10
32	73	6	13	11
32	146	7	13	11
59	85	6	13	11
59	27	6	13	11
59	94	6	13	10
59	100	6	13	11
59	60	5	13	10
59	40	6	13	11
59	23	6	13	10
59	74	6	13	10
59	126	6	13	11
59	62	6	13	11
59	64	6	13	10
59	128	6	13	10
59	150	6	13	11
59	87	5	13	10
59	7	7	13	10
59	149	5	13	10
59	95	6	13	11
59	135	6	13	10
59	10	6	13	11
59	43	6	13	10
59	11	6	13	10
59	22	6	13	10
59	110	6	13	11
59	127	5	13	10
59	29	7	13	10
59	106	5	13	10
59	124	6	13	10
59	143	5	13	10
59	113	6	13	11
149	66	6	13	10
149	100	5	13	11
149	13	6	13	11
149	1	6	13	11
149	64	6	13	10
149	87	5	13	11
149	7	4	13	10
149	127	5	13	10
149	29	6	13	10
149	124	5	13	10
4	26	6	13	10
4	118	7	13	11
4	40	6	13	11
4	34	7	13	11
4	89	7	13	10
4	47	7	13	11
4	71	7	13	11
67	17	7	13	11
67	99	7	13	11
67	118	7	13	10
67	75	7	13	10
67	65	7	13	10
147	2	7	13	10
12	133	6	13	10
12	118	6	13	10
12	144	6	13	11
12	34	6	13	11
12	89	8	13	11
12	72	7	13	11
12	147	7	13	11
12	145	6	13	10
12	56	7	13	10
12	135	6	13	10
12	103	6	13	10
12	79	6	13	11
12	68	6	13	10
12	50	6	13	11
12	108	6	13	10
14	46	6	13	11
14	60	6	13	10
14	23	8	13	11
14	74	7	13	11
14	59	5	13	11
14	149	4	13	10
14	41	6	13	10
138	95	7	13	10
138	117	7	13	11
138	114	7	13	10
138	49	6	13	10
138	42	7	13	11
107	112	6	13	10
107	119	6	13	10
107	98	6	13	11
107	150	6	13	11
107	111	6	13	10
145	26	7	13	10
145	133	6	13	11
145	62	7	13	11
145	64	7	13	10
145	97	7	13	11
145	90	8	13	11
145	4	7	13	11
145	25	7	13	11
145	147	7	13	11
145	68	6	13	10
145	51	8	13	11
95	66	6	13	10
95	46	7	13	10
95	1	6	13	10
95	126	6	13	11
95	128	6	13	11
95	43	6	13	10
95	106	6	13	10
95	113	6	13	10
141	44	8	13	10
141	134	7	13	11
141	72	7	13	10
141	25	7	13	10
141	145	7	13	11
61	140	7	13	10
61	32	6	13	10
61	146	7	13	11
56	17	7	13	11
56	26	7	13	10
56	120	7	13	11
56	13	7	13	11
56	5	7	13	10
56	142	7	13	11
56	118	7	13	11
56	144	7	13	10
56	72	7	13	10
56	97	7	13	11
56	18	7	13	10
56	25	7	13	11
56	147	7	13	11
56	145	6	13	11
56	86	7	13	11
56	79	7	13	11
56	110	7	13	11
56	108	7	13	11
123	75	6	13	10
123	149	6	13	11
123	24	6	13	11
117	40	7	13	10
117	2	7	13	11
117	101	7	13	10
86	99	7	13	11
86	126	6	13	11
86	87	6	13	10
86	149	6	13	11
86	145	6	13	11
86	83	6	13	10
86	108	6	13	11
135	66	6	13	10
135	26	7	13	10
135	133	6	13	10
135	118	6	13	11
135	34	6	13	11
135	28	6	13	11
135	72	6	13	11
135	149	7	13	10
135	4	7	13	11
135	147	6	13	10
135	145	6	13	11
135	56	6	13	10
135	41	6	13	11
135	10	6	13	11
135	79	6	13	10
135	11	7	13	10
135	20	7	13	10
135	68	6	13	11
135	50	7	13	11
103	17	6	13	11
103	142	7	13	10
103	63	6	13	11
103	2	7	13	11
103	75	7	13	11
103	144	6	13	11
103	89	6	13	11
103	65	7	13	11
103	67	7	13	11
103	56	7	13	11
103	123	7	13	10
103	108	7	13	11
39	6	8	13	11
39	32	6	13	10
39	79	7	13	11
80	121	7	13	10
80	31	8	13	10
41	122	6	13	11
41	85	6	13	11
41	94	5	13	10
41	60	5	13	10
41	74	6	13	10
41	128	6	13	10
41	150	5	13	11
41	87	6	13	11
41	58	6	13	10
41	7	6	13	11
41	59	5	13	10
41	149	4	13	10
41	95	5	13	11
41	10	5	13	10
41	43	7	13	10
41	106	5	13	11
41	143	7	13	10
41	24	6	13	10
10	93	7	13	10
10	92	7	13	11
10	106	6	13	11
43	94	6	13	10
43	128	6	13	11
101	125	6	13	11
101	133	6	13	11
101	118	6	13	10
101	2	6	13	10
101	34	6	13	10
101	12	6	13	11
101	145	6	13	11
101	135	6	13	11
101	68	6	13	11
101	71	6	13	11
101	108	6	13	11
79	128	7	13	11
79	145	6	13	10
77	13	6	13	11
77	142	6	13	11
77	144	6	13	11
77	28	6	13	10
77	89	6	13	10
77	103	6	13	11
77	91	7	13	10
77	50	6	13	10
114	11	7	13	11
114	49	7	13	10
114	57	8	13	11
93	94	7	13	10
93	33	6	13	10
93	74	7	13	10
93	128	7	13	10
93	59	7	13	11
93	95	6	13	10
93	43	7	13	10
93	11	7	13	11
93	92	6	13	10
93	106	5	13	11
93	113	6	13	11
73	102	7	13	11
73	112	7	13	10
73	140	7	13	10
73	116	7	13	11
73	6	7	13	11
11	66	7	13	10
11	26	6	13	10
11	45	7	13	10
11	53	5	13	11
11	19	5	13	10
11	94	6	13	10
11	13	5	13	10
11	5	5	13	10
11	78	7	13	11
11	55	6	13	10
11	33	6	13	11
11	75	5	13	11
11	144	6	13	10
11	34	5	13	10
11	126	5	13	10
11	128	5	13	10
11	82	5	13	10
11	89	5	13	11
11	90	7	13	10
11	87	6	13	10
11	149	7	13	10
11	95	6	13	11
11	56	5	13	11
11	86	7	13	11
11	103	5	13	10
11	43	6	13	11
11	77	6	13	10
11	91	5	13	10
11	106	6	13	10
11	50	5	13	11
11	71	5	13	11
11	24	7	13	11
11	113	6	13	11
52	99	7	13	11
52	94	7	13	11
52	126	6	13	10
52	16	7	13	10
52	87	7	13	10
52	110	6	13	11
22	85	5	13	11
22	100	5	13	10
22	60	5	13	11
22	1	5	13	11
22	75	6	13	11
22	62	7	13	10
22	64	5	13	11
22	150	7	13	10
22	97	6	13	11
22	18	6	13	10
22	7	5	13	11
22	149	4	13	10
22	14	6	13	11
22	148	6	13	11
22	41	5	13	11
22	110	5	13	11
22	29	6	13	10
22	124	5	13	11
22	143	5	14	11
83	125	5	13	10
83	13	7	13	10
83	18	7	13	11
110	122	6	13	11
110	17	6	13	11
110	99	6	13	10
110	125	5	13	10
110	55	6	13	11
110	126	6	13	10
110	62	7	13	11
110	16	7	13	11
110	128	6	13	10
110	115	6	13	11
110	89	7	13	10
110	90	8	13	11
110	145	6	13	10
110	148	6	13	11
110	86	6	13	10
110	135	6	13	11
110	83	6	13	10
110	48	6	13	11
110	21	6	13	10
110	51	7	13	10
69	102	7	13	10
69	136	7	13	11
69	121	8	13	11
69	88	7	13	11
69	25	7	13	10
69	141	7	13	11
69	79	7	13	11
30	121	7	13	10
30	46	7	13	11
30	38	7	13	10
30	96	5	13	10
30	130	8	13	11
30	81	7	13	10
30	104	7	13	10
30	84	7	13	11
30	138	6	13	10
30	114	6	13	10
30	49	7	13	11
30	57	7	13	10
30	42	7	13	10
92	66	6	13	10
92	26	6	13	11
92	44	6	13	11
92	46	6	13	11
92	94	6	13	10
92	33	6	13	10
92	1	6	13	11
92	74	6	13	10
92	126	6	13	11
92	128	6	13	11
92	150	6	13	11
92	87	6	13	10
92	58	6	13	10
92	149	7	13	11
92	4	7	13	11
92	95	6	13	10
92	43	6	13	11
92	114	6	13	10
92	11	6	13	10
92	110	6	13	10
92	20	6	13	10
92	106	6	13	11
92	113	6	13	10
127	99	7	13	10
127	75	7	13	10
127	22	7	13	11
20	45	6	13	10
20	46	6	13	10
20	96	6	13	11
20	33	6	13	10
20	126	7	13	11
20	128	7	13	11
20	130	7	13	11
20	104	7	13	10
20	95	7	13	10
20	43	7	13	11
20	114	6	13	10
20	93	6	13	10
20	30	6	13	10
20	49	6	13	10
20	106	6	13	11
20	42	7	13	10
20	113	7	13	10
29	125	8	13	10
29	119	8	13	10
29	60	7	13	10
29	40	7	13	11
29	62	7	13	10
29	7	7	13	11
29	123	7	13	10
29	69	8	13	10
49	117	7	13	10
106	66	6	13	10
106	74	6	13	10
106	2	7	13	10
106	126	6	13	10
106	128	6	13	10
106	87	7	13	11
106	14	6	13	10
106	145	7	13	11
106	135	6	13	11
106	43	6	13	11
106	79	6	13	11
106	114	7	13	10
106	110	7	13	10
106	30	6	13	11
146	6	7	13	11
146	73	7	13	11
124	125	8	13	11
124	7	7	13	11
124	29	7	13	10
124	143	5	13	11
48	125	5	13	11
48	127	6	13	11
50	26	7	13	10
50	46	6	13	10
50	38	6	13	11
50	96	5	13	10
50	13	6	13	10
50	142	6	13	10
50	82	7	13	10
50	130	6	13	11
50	105	7	13	11
50	104	5	13	11
50	84	6	13	10
50	138	6	13	11
50	145	6	13	11
50	56	6	13	10
50	30	6	13	11
50	49	6	13	10
47	26	7	13	11
47	100	7	13	11
47	118	7	13	11
47	40	7	13	11
47	34	7	13	11
47	97	7	13	10
47	71	7	13	10
143	66	6	13	11
143	26	5	13	10
143	134	6	13	10
143	100	5	13	11
143	13	6	13	10
143	55	5	13	11
143	75	7	13	10
143	126	6	13	10
143	62	7	13	10
143	64	6	13	11
143	128	5	13	11
143	98	6	13	10
143	150	6	13	11
143	7	5	14	11
143	149	4	14	11
143	148	6	13	11
143	141	6	13	11
143	114	6	13	11
143	127	5	13	11
143	29	6	13	11
143	106	5	13	11
57	109	7	13	11
57	96	6	13	10
57	81	7	13	10
57	105	7	13	10
57	104	7	13	11
57	138	7	13	11
57	117	8	13	10
57	49	7	13	11
57	42	7	13	10
71	26	7	13	11
71	50	7	13	10
24	33	7	13	11
24	93	7	13	11
108	55	7	13	11
108	118	7	13	11
108	34	6	13	10
108	72	7	13	11
108	97	7	13	10
108	67	6	13	10
108	147	7	13	10
108	145	6	13	11
108	135	6	13	10
108	68	7	13	11
108	50	7	13	11
42	46	7	13	10
42	130	7	13	11
42	114	6	13	11
42	49	7	13	11
42	50	7	13	11
21	16	7	13	10
21	91	6	13	11
21	113	6	13	10
113	66	7	13	11
113	45	7	13	11
113	46	7	13	11
113	55	7	13	10
113	1	6	13	11
113	23	6	13	10
113	126	6	13	11
113	54	6	13	10
113	128	6	13	10
113	150	6	13	11
113	81	6	13	10
113	87	6	13	11
113	10	6	13	10
113	43	6	13	11
113	30	6	13	10
113	106	6	13	10
113	42	6	13	11
51	13	8	13	10
51	63	7	13	10
51	16	7	13	10
51	52	7	13	10
128	4	-100	-100	-100
87	116	-100	-100	-100
87	17	-100	-100	-100
87	29	-100	-100	-100
128	53	-100	-100	-100
128	115	-100	-100	-100
128	80	-100	-100	-100
128	45	-100	-100	-100
128	75	-100	-100	-100
128	46	-100	-100	-100
94	53	-100	-100	-100
94	30	-100	-100	-100
94	72	-100	-100	-100
94	85	-100	-100	-100
94	103	-100	-100	-100
94	67	-100	-100	-100
94	32	-100	-100	-100
94	122	-100	-100	-100
94	116	-100	-100	-100
94	21	-100	-100	-100
11	83	-100	-100	-100
11	130	-100	-100	-100
11	142	-100	-100	-100
11	46	-100	-100	-100
11	85	-100	-100	-100
11	145	-100	-100	-100
11	35	-100	-100	-100
11	54	-100	-100	-100
11	107	-100	-100	-100
11	121	-100	-100	-100
11	72	-100	-100	-100
11	17	-100	-100	-100
145	88	-100	-100	-100
145	123	-100	-100	-100
145	138	-100	-100	-100
145	21	-100	-100	-100
145	65	-100	-100	-100
145	83	-100	-100	-100
145	29	-100	-100	-100
145	9	-100	-100	-100
145	17	-100	-100	-100
145	52	-100	-100	-100
145	38	-100	-100	-100
145	124	-100	-100	-100
135	14	-100	-100	-100
135	131	-100	-100	-100
135	107	-100	-100	-100
135	69	-100	-100	-100
135	73	-100	-100	-100
135	90	-100	-100	-100
135	71	-100	-100	-100
135	114	-100	-100	-100
135	95	-100	-100	-100
135	24	-100	-100	-100
135	102	-100	-100	-100
135	13	-100	-100	-100
135	36	-100	-100	-100
135	19	-100	-100	-100
110	61	-100	-100	-100
110	84	-100	-100	-100
110	91	-100	-100	-100
110	85	-100	-100	-100
110	143	-100	-100	-100
110	24	-100	-100	-100
110	38	-100	-100	-100
110	67	-100	-100	-100
110	103	-100	-100	-100
110	130	-100	-100	-100
110	97	-100	-100	-100
110	40	-100	-100	-100
110	141	-100	-100	-100
110	147	-100	-100	-100
110	88	-100	-100	-100
59	36	-100	-100	-100
59	44	-100	-100	-100
59	123	-100	-100	-100
59	51	-100	-100	-100
59	32	-100	-100	-100
59	63	-100	-100	-100
59	17	-100	-100	-100
59	61	-100	-100	-100
59	70	-100	-100	-100
59	115	-100	-100	-100
59	89	-100	-100	-100
59	77	-100	-100	-100
59	142	-100	-100	-100
59	130	-100	-100	-100
59	141	-100	-100	-100
31	95	-100	-100	-100
31	25	-100	-100	-100
31	5	-100	-100	-100
31	60	-100	-100	-100
31	149	-100	-100	-100
31	85	-100	-100	-100
31	132	-100	-100	-100
31	114	-100	-100	-100
31	53	-100	-100	-100
31	51	-100	-100	-100
31	23	-100	-100	-100
31	108	-100	-100	-100
31	64	-100	-100	-100
31	36	-100	-100	-100
31	144	-100	-100	-100
31	123	-100	-100	-100
31	47	-100	-100	-100
31	103	-100	-100	-100
31	43	-100	-100	-100
50	28	-100	-100	-100
50	4	-100	-100	-100
50	126	-100	-100	-100
50	147	-100	-100	-100
50	148	-100	-100	-100
50	118	-100	-100	-100
50	45	-100	-100	-100
50	51	-100	-100	-100
50	6	-100	-100	-100
50	117	-100	-100	-100
50	133	-100	-100	-100
50	17	-100	-100	-100
50	68	-100	-100	-100
50	36	-100	-100	-100
50	1	-100	-100	-100
50	109	-100	-100	-100
50	25	-100	-100	-100
50	143	-100	-100	-100
50	32	-100	-100	-100
143	5	-100	-100	-100
143	51	-100	-100	-100
143	45	-100	-100	-100
143	82	-100	-100	-100
143	2	-100	-100	-100
143	1	-100	-100	-100
143	99	-100	-100	-100
143	107	-100	-100	-100
143	73	-100	-100	-100
143	112	-100	-100	-100
143	61	-100	-100	-100
143	133	-100	-100	-100
143	125	-100	-100	-100
143	147	-100	-100	-100
143	10	-100	-100	-100
143	21	-100	-100	-100
143	24	-100	-100	-100
143	54	-100	-100	-100
23	97	-100	-100	-100
23	51	-100	-100	-100
23	101	-100	-100	-100
23	32	-100	-100	-100
23	5	-100	-100	-100
23	109	-100	-100	-100
23	83	-100	-100	-100
23	43	-100	-100	-100
23	91	-100	-100	-100
23	41	-100	-100	-100
23	112	-100	-100	-100
23	100	-100	-100	-100
23	42	-100	-100	-100
23	84	-100	-100	-100
23	10	-100	-100	-100
23	72	-100	-100	-100
23	25	-100	-100	-100
23	104	-100	-100	-100
23	73	-100	-100	-100
23	79	-100	-100	-100
23	148	-100	-100	-100
113	123	-100	-100	-100
113	3	-100	-100	-100
113	98	-100	-100	-100
113	85	-100	-100	-100
113	35	-100	-100	-100
113	27	-100	-100	-100
113	88	-100	-100	-100
113	22	-100	-100	-100
113	76	-100	-100	-100
113	107	-100	-100	-100
113	130	-100	-100	-100
113	47	-100	-100	-100
113	90	-100	-100	-100
113	71	-100	-100	-100
113	4	-100	-100	-100
113	44	-100	-100	-100
113	57	-100	-100	-100
113	141	-100	-100	-100
113	37	-100	-100	-100
113	114	-100	-100	-100
113	16	-100	-100	-100
113	62	-100	-100	-100
41	3	-100	-100	-100
41	115	-100	-100	-100
41	117	-100	-100	-100
41	144	-100	-100	-100
41	119	-100	-100	-100
41	29	-100	-100	-100
41	63	-100	-100	-100
41	12	-100	-100	-100
41	65	-100	-100	-100
41	108	-100	-100	-100
41	18	-100	-100	-100
41	21	-100	-100	-100
41	133	-100	-100	-100
41	71	-100	-100	-100
41	100	-100	-100	-100
41	52	-100	-100	-100
41	125	-100	-100	-100
41	114	-100	-100	-100
41	70	-100	-100	-100
41	136	-100	-100	-100
41	1	-100	-100	-100
41	80	-100	-100	-100
40	69	-100	-100	-100
40	19	-100	-100	-100
40	34	-100	-100	-100
40	37	-100	-100	-100
40	9	-100	-100	-100
40	33	-100	-100	-100
40	81	-100	-100	-100
40	45	-100	-100	-100
40	90	-100	-100	-100
40	3	-100	-100	-100
40	38	-100	-100	-100
40	89	-100	-100	-100
40	136	-100	-100	-100
40	108	-100	-100	-100
40	25	-100	-100	-100
40	132	-100	-100	-100
40	10	-100	-100	-100
40	68	-100	-100	-100
40	1	-100	-100	-100
40	114	-100	-100	-100
40	146	-100	-100	-100
40	43	-100	-100	-100
33	25	-100	-100	-100
33	81	-100	-100	-100
33	30	-100	-100	-100
33	34	-100	-100	-100
33	89	-100	-100	-100
33	3	-100	-100	-100
33	139	-100	-100	-100
33	26	-100	-100	-100
33	19	-100	-100	-100
33	72	-100	-100	-100
33	75	-100	-100	-100
33	70	-100	-100	-100
33	44	-100	-100	-100
33	27	-100	-100	-100
33	45	-100	-100	-100
33	37	-100	-100	-100
33	69	-100	-100	-100
33	61	-100	-100	-100
33	111	-100	-100	-100
33	77	-100	-100	-100
33	96	-100	-100	-100
33	83	-100	-100	-100
64	132	-100	-100	-100
149	56	-100	-100	-100
126	119	-100	-100	-100
126	2	-100	-100	-100
60	34	-100	-100	-100
60	28	-100	-100	-100
60	39	-100	-100	-100
56	73	-100	-100	-100
56	114	-100	-100	-100
56	58	-100	-100	-100
89	134	-100	-100	-100
89	66	-100	-100	-100
89	27	-100	-100	-100
92	53	-100	-100	-100
92	3	-100	-100	-100
92	103	-100	-100	-100
100	133	-100	-100	-100
100	118	-100	-100	-100
100	144	-100	-100	-100
100	95	-100	-100	-100
22	10	-100	-100	-100
22	39	-100	-100	-100
22	107	-100	-100	-100
22	118	-100	-100	-100
125	77	-100	-100	-100
125	141	-100	-100	-100
125	114	-100	-100	-100
125	2	-100	-100	-100
28	79	-100	-100	-100
28	147	-100	-100	-100
28	2	-100	-100	-100
28	70	-100	-100	-100
28	132	-100	-100	-100
114	74	-100	-100	-100
114	97	-100	-100	-100
114	5	-100	-100	-100
114	34	-100	-100	-100
114	95	-100	-100	-100
70	16	-100	-100	-100
70	21	-100	-100	-100
70	2	-100	-100	-100
70	95	-100	-100	-100
70	27	-100	-100	-100
95	5	-100	-100	-100
95	74	-100	-100	-100
95	19	-100	-100	-100
95	111	-100	-100	-100
58	55	-100	-100	-100
58	77	-100	-100	-100
58	112	-100	-100	-100
58	140	-100	-100	-100
58	1	-100	-100	-100
66	86	-100	-100	-100
102	19	-100	-100	-100
102	82	-100	-100	-100
18	44	-100	-100	-100
18	91	-100	-100	-100
27	119	-100	-100	-100
27	84	-100	-100	-100
34	91	-100	-100	-100
34	21	-100	-100	-100
130	85	-100	-100	-100
130	133	-100	-100	-100
108	132	-100	-100	-100
108	139	-100	-100	-100
5	146	-100	-100	-100
5	96	-100	-100	-100
20	63	-100	-100	-100
20	32	-100	-100	-100
20	99	-100	-100	-100
103	62	-100	-100	-100
103	69	-100	-100	-100
103	120	-100	-100	-100
12	81	-100	-100	-100
12	24	-100	-100	-100
12	104	-100	-100	-100
2	42	-100	-100	-100
2	67	-100	-100	-100
2	3	-100	-100	-100
30	24	-100	-100	-100
30	53	-100	-100	-100
30	147	-100	-100	-100
55	136	-100	-100	-100
55	104	-100	-100	-100
55	146	-100	-100	-100
72	4	-100	-100	-100
72	116	-100	-100	-100
72	81	-100	-100	-100
72	150	-100	-100	-100
85	10	-100	-100	-100
136	105	-100	-100	-100
141	51	-100	-100	-100
104	67	-100	-100	-100
62	123	-100	-100	-100
13	46	-100	-100	-100
13	68	-100	-100	-100
90	7	-100	-100	-100
90	8	-100	-100	-100
32	98	-100	-100	-100
32	133	-100	-100	-100
84	48	-100	-100	-100
84	99	-100	-100	-100
93	138	-100	-100	-100
93	48	-100	-100	-100
46	44	-100	-100	-100
46	120	-100	-100	-100
19	109	-100	-100	-100
19	83	-100	-100	-100
97	29	-100	-100	-100
97	4	-100	-100	-100
29	98	-100	-100	-100
86	148	-100	-100	-100
44	133	-100	-100	-100
150	101	-100	-100	-100
43	148	-100	-100	-100
8	132	-100	-100	-100
8	123	-100	-100	-100
57	45	-100	-100	-100
57	6	-100	-100	-100
119	73	-100	-100	-100
119	120	-100	-100	-100
38	99	-100	-100	-100
38	148	-100	-100	-100
54	123	-100	-100	-100
54	127	-100	-100	-100
120	47	-100	-100	-100
120	121	-100	-100	-100
99	144	-100	-100	-100
99	42	-100	-100	-100
123	124	-100	-100	-100
123	63	-100	-100	-100
121	48	-100	-100	-100
121	112	-100	-100	-100
42	131	-100	-100	-100
42	98	-100	-100	-100
79	88	-100	-100	-100
138	140	-100	-100	-100
51	37	-100	-100	-100
133	35	-100	-100	-100
133	73	-100	-100	-100
73	7	-100	-100	-100
7	88	-100	-100	-100
7	142	-100	-100	-100
45	118	-100	-100	-100
45	63	-100	-100	-100
118	109	-100	-100	-100
109	131	-100	-100	-100
109	69	-100	-100	-100
69	24	-100	-100	-100
35	117	-100	-100	-100
35	17	-100	-100	-100
17	6	-100	-100	-100
14	36	-100	-100	-100
116	24	-100	-100	-100
148	21	-100	-100	-100
6	25	-100	-100	-100
75	36	-100	-100	-100
131	37	-100	-100	-100
134	39	-100	-100	-100
147	48	-100	-100	-100
83	82	-100	-100	-100
146	80	-100	-100	-100
36	3	-100	-100	-100
36	115	-100	-100	-100
111	80	-100	-100	-100
74	105	-100	-100	-100
39	61	-100	-100	-100
61	139	-100	-100	-100
76	139	-100	-100	-100
76	82	-100	-100	-100
82	48	-100	-100	-100
68	78	-100	-100	-100
68	139	-100	-100	-100
139	78	-100	-100	-100
48	115	-100	-100	-100
48	80	-100	-100	-100
115	80	-100	-100	-100
115	78	-100	-100	-100
80	9	-100	-100	-100
105	78	-100	-100	-100
105	17	-100	-100	-100
17	48	-100	-100	-100
107	76	-100	-100	-100
107	140	-100	-100	-100
24	39	-100	-100	-100
24	75	-100	-100	-100
75	63	-100	-100	-100
63	61	-100	-100	-100
98	1	-100	-100	-100
98	117	-100	-100	-100
117	6	-100	-100	-100
6	48	-100	-100	-100
1	105	-100	-100	-100
142	61	-100	-100	-100
142	9	-100	-100	-100
77	101	-100	-100	-100
77	39	-100	-100	-100
101	82	-100	-100	-100
116	47	-100	-100	-100
116	67	-100	-100	-100
67	139	-100	-100	-100
14	78	-100	-100	-100
14	76	-100	-100	-100
148	53	-100	-100	-100
148	111	-100	-100	-100
53	111	-100	-100	-100
140	80	-100	-100	-100
48	68	-100	-100	-100
82	74	-100	-100	-100
47	139	-100	-100	-100
80	124	-100	-100	-100
68	9	-100	-100	-100
74	3	-100	-100	-100
124	3	-100	-100	-100
115	105	-100	-100	-100
115	9	-100	-100	-100
105	146	-100	-100	-100
53	115	-100	-100	-100
74	80	-100	-100	-100
111	82	-100	-100	-100
47	36	-100	-100	-100
88	134	-100	-100	-100
124	52	-100	-100	-100
127	140	-100	-100	-100
9	78	-100	-100	-100
9	52	-100	-100	-100
47	122	-100	-100	-100
115	83	-100	-100	-100
122	39	-100	-100	-100
82	134	-100	-100	-100
74	91	-100	-100	-100
39	78	-100	-100	-100
111	37	-100	-100	-100
53	21	-100	-100	-100
83	25	-100	-100	-100
36	139	-100	-100	-100
91	140	-100	-100	-100
127	78	-100	-100	-100
88	71	-100	-100	-100
147	9	-100	-100	-100
3	61	-100	-100	-100
76	65	-100	-100	-100
68	105	-100	-100	-100
131	78	-100	-100	-100
