87	48
56	25
95	20
59	38
90	16
65	11
51	10
103	17
49	17
104	17
50	32
105	8
48	8
102	22
46	16
97	16
53	8
98	11
55	20
93	19
61	8
92	27
60	25
91	9
63	10
88	8
62	18
89	23
64	27
29	16
125	23
27	18
126	27
28	22
127	12
26	25
124	9
25	8
117	12
35	12
119	14
32	14
123	10
20	22
133	8
17	8
136	17
16	15
138	14
7	13
148	9
3	8
145	38
4	14
147	8
5	17
149	27
1	10
128	48
23	32
129	8
24	8
106	29
47	8
100	23
52	11
101	13
42	14
109	11
43	15
110	38
34	18
118	12
31	32
122	12
13	19
140	9
11	48
141	16
12	20
142	12
8	16
146	9
6	11
150	17
