1000
6052
2
1	2	9	3
1	3	3	7
1	4	1	7
1	5	9	8
1	6	5	7
1	7	10	9
1	8	8	2
1	9	10	6
1	10	9	8
1	11	4	7
1	12	10	4
1	13	1	2
1	14	10	2
1	15	10	7
1	16	6	7
1	17	10	4
1	18	7	10
1	19	5	6
1	20	1	5
1	21	7	9
1	22	2	5
1	23	1	8
1	24	4	6
1	25	1	5
1	26	5	1
1	27	9	8
1	28	1	4
1	29	9	10
1	30	7	3
1	31	6	3
1	32	9	8
1	33	4	3
1	34	5	3
1	35	9	8
1	36	1	3
1	37	8	10
1	38	7	8
1	39	2	4
1	40	4	8
1	41	3	2
1	42	1	9
1	43	3	1
1	44	3	6
1	45	9	4
1	46	2	1
1	47	2	4
1	48	9	8
1	49	3	5
1	50	5	7
1	51	10	8
1	52	7	5
1	53	5	2
1	54	4	2
1	55	2	9
1	56	3	5
1	57	4	9
1	58	5	4
1	59	3	5
1	60	3	4
1	61	3	4
1	62	1	8
1	63	2	6
1	64	7	4
1	65	6	10
1	66	2	4
1	67	10	9
1	68	6	5
1	69	8	5
1	70	3	5
1	71	9	7
1	72	6	5
2	73	6	3
2	74	5	3
2	75	7	5
2	76	7	8
2	77	1	5
2	78	6	10
2	79	1	6
3	80	9	8
3	81	8	2
3	82	2	9
3	83	6	2
3	84	9	7
3	85	2	4
3	86	6	7
3	87	4	7
3	88	7	10
3	89	6	10
3	90	6	10
3	91	3	1
3	92	1	10
3	93	5	9
3	94	7	3
3	95	4	7
3	96	1	4
3	97	7	6
3	98	3	5
3	99	6	8
3	100	4	1
3	101	5	2
3	102	5	4
3	103	2	1
3	104	5	2
3	105	7	4
3	106	8	1
3	107	4	9
3	108	5	7
3	109	2	4
3	110	9	2
3	111	1	8
3	112	2	6
3	113	7	3
3	114	1	3
3	115	6	1
3	116	5	4
3	117	1	7
3	118	6	4
3	119	1	5
3	120	4	2
3	121	1	4
3	122	7	5
3	123	8	9
3	124	7	9
3	125	2	9
3	126	9	8
3	127	3	4
3	128	10	3
3	129	8	10
3	130	5	7
3	131	1	5
3	132	9	4
3	133	4	3
3	134	5	8
3	135	6	4
3	136	2	9
3	137	3	6
3	138	10	7
3	139	3	9
3	140	5	4
3	141	9	6
3	142	5	10
3	143	4	7
3	144	10	9
3	145	4	6
3	146	6	4
3	147	10	2
3	148	1	6
3	149	7	6
3	150	4	10
3	151	1	7
3	152	9	2
3	153	4	9
3	154	2	1
3	155	4	5
3	156	10	6
3	157	3	7
3	158	9	4
3	159	9	7
3	160	5	8
3	161	3	5
3	162	2	1
3	163	8	7
3	164	5	2
3	165	9	8
3	166	6	2
3	167	3	9
3	168	5	1
3	169	9	5
4	170	2	6
4	171	2	4
4	172	6	4
4	173	8	10
4	174	6	4
4	175	7	5
4	176	2	8
4	177	1	8
4	178	1	8
4	179	3	4
4	180	5	1
4	181	6	8
4	182	10	6
4	183	10	7
4	184	9	3
4	185	4	3
4	186	9	4
4	187	1	5
4	188	8	3
4	189	2	5
4	190	6	5
4	191	9	2
4	192	5	7
4	193	3	2
4	194	3	2
4	195	2	1
4	196	2	10
4	197	1	6
4	198	9	3
4	199	5	3
4	200	7	2
4	201	8	10
4	202	7	4
4	203	1	3
4	204	2	1
4	205	2	4
5	206	8	1
5	207	10	5
5	208	7	4
5	209	2	10
5	210	1	4
5	211	4	7
5	212	8	10
5	213	5	4
5	214	9	3
5	215	6	8
5	216	10	9
5	217	8	10
5	218	7	8
5	219	1	4
5	220	4	7
5	221	9	8
5	222	5	7
5	223	8	7
5	224	8	2
5	225	9	5
5	226	2	4
5	227	3	4
5	228	1	7
5	229	7	3
5	230	8	2
5	231	7	8
5	232	4	1
5	233	5	10
5	234	9	4
5	235	3	5
5	236	5	10
5	237	6	3
5	238	9	4
5	239	8	7
5	240	8	3
5	241	9	4
5	242	8	4
5	243	4	2
5	244	9	1
5	245	7	3
5	246	7	1
5	33	9	5
5	247	6	4
5	248	2	1
5	249	2	4
5	250	6	5
5	251	9	2
5	252	6	4
5	253	4	5
5	254	8	10
5	255	2	6
5	256	7	2
5	257	9	5
5	258	2	4
5	259	3	8
5	260	1	6
5	261	5	10
5	262	5	2
5	263	3	10
5	264	4	1
5	265	7	4
5	266	8	10
5	267	3	8
5	268	7	1
5	269	1	8
5	270	1	5
5	271	1	5
5	272	9	6
5	273	9	7
5	274	6	1
5	275	3	9
5	276	4	1
5	277	2	3
5	278	6	2
5	279	3	4
5	280	8	5
5	281	1	7
5	282	2	8
5	283	7	6
5	284	2	3
5	285	1	5
5	286	3	10
5	287	8	7
6	288	9	8
6	289	3	9
6	290	7	6
6	291	10	3
6	292	1	2
6	293	9	6
6	294	5	9
6	295	2	8
6	296	7	6
6	297	3	1
6	298	8	3
6	299	2	4
6	300	10	9
6	301	1	6
6	302	9	10
6	303	5	7
6	304	7	8
6	305	10	9
6	306	3	5
6	307	3	6
6	308	6	3
6	309	6	5
6	310	2	5
6	311	2	3
6	312	1	8
6	313	9	1
6	314	6	8
6	315	6	2
6	316	1	6
6	317	5	7
6	318	4	8
6	319	2	4
6	320	6	9
6	321	8	2
6	322	3	10
6	323	7	4
6	324	8	4
6	325	8	4
6	326	7	4
6	327	6	8
6	328	6	5
6	329	1	8
6	330	9	8
6	8	10	3
6	331	5	9
6	332	3	2
6	333	2	3
6	334	5	2
6	335	3	2
6	336	4	7
6	337	2	9
6	10	5	8
6	338	8	9
6	339	8	1
6	340	1	7
6	341	7	10
6	342	4	1
6	343	1	9
6	344	2	5
6	345	8	6
6	346	5	9
6	347	4	2
6	348	1	5
6	349	7	2
6	350	1	7
6	351	8	7
6	14	6	8
6	352	7	6
6	353	9	7
6	354	10	6
6	355	2	8
6	356	7	6
6	357	1	3
6	358	10	5
6	179	1	2
6	359	2	4
6	360	2	4
6	361	4	7
6	362	2	4
6	363	3	5
6	364	8	6
6	239	8	2
6	365	7	1
6	366	7	10
6	367	7	6
6	368	5	2
6	369	9	1
6	22	6	9
6	370	2	4
6	371	7	5
6	372	3	4
6	373	10	5
6	374	6	9
6	375	3	8
6	376	7	2
6	377	8	10
6	378	10	1
6	379	7	9
6	380	6	1
6	381	8	4
6	382	10	5
6	383	5	7
6	384	6	5
6	242	7	6
6	385	5	4
6	386	1	7
6	387	5	6
6	388	10	2
6	389	2	8
6	390	1	6
6	391	2	9
6	33	4	3
6	392	2	3
6	393	8	4
6	394	7	6
6	395	2	8
6	396	10	7
6	397	8	7
6	398	8	7
6	399	10	5
6	400	5	3
6	401	9	10
6	402	10	8
6	403	10	1
6	404	4	3
6	405	6	10
6	406	2	6
6	407	2	1
6	408	3	9
6	42	9	5
6	409	5	2
6	410	7	8
6	411	5	7
6	412	1	5
6	413	8	5
6	414	8	4
6	415	9	2
6	416	2	1
6	43	8	10
6	417	9	8
6	418	5	8
6	419	7	10
6	420	7	6
6	421	6	10
6	422	10	1
6	423	4	10
6	424	3	1
6	425	1	7
6	426	10	1
6	427	10	5
6	428	2	6
6	429	5	10
6	430	10	8
6	431	9	4
6	432	8	1
6	433	5	10
6	434	8	3
6	435	8	9
6	436	3	8
6	437	7	3
6	438	5	10
6	439	3	9
6	440	8	6
6	441	5	8
6	442	8	4
6	443	2	10
6	444	10	3
6	445	4	1
6	446	6	2
6	447	4	8
6	448	6	2
6	449	9	2
6	450	6	5
6	451	5	8
7	452	2	10
7	453	1	9
7	454	4	3
7	455	3	6
7	456	9	6
7	457	2	5
7	458	2	9
7	459	8	1
7	460	9	3
7	461	5	8
7	462	4	5
7	463	10	5
7	464	6	8
7	33	10	5
7	465	1	2
7	466	8	10
7	467	1	8
7	56	7	2
7	468	9	8
7	469	10	7
7	470	8	4
7	471	2	7
8	472	7	9
8	473	4	1
8	474	2	9
8	475	4	7
8	476	9	10
8	477	7	1
8	478	8	3
8	479	3	2
8	480	9	4
8	481	7	1
8	482	10	5
8	483	8	3
8	484	8	6
8	485	5	2
8	486	3	8
8	487	8	3
8	488	5	3
8	489	9	1
8	490	3	10
8	491	6	4
8	492	2	1
8	493	1	10
8	494	2	8
8	221	3	1
8	495	6	10
8	496	10	6
8	497	8	1
8	498	4	7
8	499	10	7
8	500	5	4
8	501	4	6
8	502	9	1
8	503	4	2
8	504	5	7
8	505	7	4
8	506	1	3
8	507	8	3
8	508	8	1
8	509	9	4
8	510	9	7
8	511	7	3
8	512	7	10
8	13	8	7
8	513	6	7
8	514	1	7
8	515	8	9
8	516	5	8
8	517	7	6
8	518	2	3
8	356	8	9
8	519	8	3
8	520	6	8
8	521	3	9
8	522	8	3
8	523	7	4
8	524	9	1
8	525	2	8
8	526	1	9
8	527	10	6
8	528	3	9
8	529	9	7
8	530	2	5
8	531	2	9
8	532	3	2
8	533	1	8
8	534	2	4
8	535	6	9
8	536	3	4
8	373	8	7
8	537	9	3
8	538	2	7
8	539	10	4
8	540	10	5
8	541	6	8
8	542	8	9
8	543	7	2
8	544	6	5
8	545	5	4
8	546	1	3
8	244	4	10
8	547	7	3
8	548	7	3
8	549	7	9
8	550	4	8
8	551	5	4
8	552	5	1
8	553	7	6
8	554	5	7
8	555	8	10
8	556	2	6
8	557	2	6
8	558	4	10
8	559	8	2
8	560	3	9
8	400	6	2
8	561	10	8
8	562	4	3
8	563	3	2
8	564	2	6
8	565	8	10
8	566	10	6
8	567	3	2
8	568	8	2
8	569	8	7
8	570	1	4
8	571	3	8
8	572	1	2
8	573	9	10
8	574	9	4
8	575	10	5
8	255	3	6
8	576	4	7
8	577	3	10
8	578	5	8
8	579	6	3
8	580	7	4
8	581	6	7
8	582	9	10
8	583	10	7
8	584	5	7
8	585	3	8
8	586	4	9
8	587	6	5
8	588	2	6
8	423	7	9
8	589	1	7
8	590	8	5
8	591	10	3
8	592	9	10
8	593	10	6
8	594	4	8
8	595	8	6
8	596	3	4
8	597	6	3
8	598	6	9
8	599	1	5
8	600	3	5
8	601	10	9
8	602	3	7
8	603	5	2
8	604	5	9
8	605	8	3
8	606	8	5
8	607	1	9
8	608	1	8
8	609	9	6
8	610	10	2
8	611	2	1
8	55	1	10
8	612	9	3
8	613	3	10
8	614	7	2
8	615	1	2
8	616	2	7
8	617	4	2
8	618	6	9
8	60	7	5
8	619	3	6
8	620	2	9
8	621	10	1
8	622	1	10
8	623	9	5
8	624	6	2
8	625	3	8
8	626	10	5
8	627	9	7
8	628	8	7
8	629	1	9
8	69	6	2
8	630	7	2
8	631	10	1
9	632	2	8
9	633	4	7
9	634	8	1
9	635	1	10
9	636	1	4
9	637	9	4
9	638	7	5
9	639	7	10
9	640	8	5
9	641	6	4
9	642	9	4
9	643	8	9
9	644	7	4
9	645	5	2
9	646	3	10
9	647	9	1
9	648	5	3
9	649	2	1
9	650	9	5
9	651	9	1
9	652	9	10
9	653	5	6
9	654	10	6
9	655	4	6
9	656	4	1
9	657	10	6
9	658	7	2
9	659	4	1
9	660	1	5
9	661	7	5
9	662	8	4
9	663	1	9
9	664	9	5
9	665	8	5
9	666	5	7
9	667	5	4
9	668	9	5
9	669	3	2
9	670	10	3
9	671	2	4
9	672	9	7
9	673	7	3
9	674	9	1
9	675	9	2
9	676	10	9
9	677	10	3
9	678	8	5
9	679	7	3
9	680	1	7
9	681	9	2
9	682	7	4
9	683	3	8
9	684	6	1
9	685	1	5
9	686	4	1
9	172	3	7
9	687	10	9
9	688	8	7
9	689	8	7
9	690	10	5
9	691	3	2
9	692	3	7
9	693	4	5
9	694	4	6
9	695	4	5
9	696	6	2
9	697	2	10
9	698	4	9
9	699	4	3
9	700	6	5
9	701	2	4
9	702	9	2
9	703	6	4
9	704	2	6
9	705	5	3
9	706	9	1
9	707	7	4
9	708	6	1
9	709	10	2
9	710	5	8
9	711	6	4
9	712	1	10
9	713	1	4
9	714	6	7
9	715	10	7
9	716	9	8
9	717	7	2
9	718	10	9
9	719	4	10
9	720	6	2
9	721	3	4
9	722	2	9
9	723	8	7
9	724	9	3
9	725	8	3
9	726	8	3
9	727	5	2
9	728	7	5
9	495	7	5
9	729	6	3
9	730	2	10
9	731	5	4
9	732	10	4
9	733	7	5
9	734	1	8
9	735	2	7
9	736	1	6
9	737	6	2
9	738	4	3
9	739	8	1
9	740	1	9
9	741	2	4
9	742	3	9
9	743	9	6
9	744	6	7
9	745	7	10
9	746	6	9
9	747	1	7
9	748	6	2
9	749	8	2
9	750	5	9
9	751	3	4
9	752	4	7
9	753	8	10
9	754	7	5
9	755	6	1
9	756	9	2
9	757	2	9
9	758	7	4
9	759	10	4
9	502	10	9
9	760	1	6
9	761	2	3
9	762	2	8
9	763	10	7
9	764	5	10
9	765	2	8
9	766	8	6
9	767	3	9
9	768	1	3
9	769	9	1
9	770	2	8
9	771	8	6
9	772	7	5
9	773	10	8
9	774	2	5
9	775	2	4
9	776	6	4
9	777	10	3
9	778	9	3
9	779	2	7
9	780	9	7
9	336	4	2
9	781	3	4
9	782	6	7
9	783	6	8
9	784	4	8
9	785	3	9
9	786	8	4
9	787	2	9
9	788	8	6
9	789	6	5
9	790	5	8
9	791	2	7
9	792	7	1
9	793	8	7
9	794	3	8
9	795	10	3
9	796	5	4
9	797	7	10
9	798	3	10
9	799	4	2
9	800	2	1
9	801	7	3
9	802	10	6
9	803	8	4
9	804	5	4
9	805	8	6
9	806	6	3
9	807	5	6
9	808	3	8
9	809	4	8
9	810	7	1
9	811	6	2
9	812	7	5
9	813	10	3
9	814	10	1
9	815	7	10
9	816	4	7
9	817	3	1
9	818	10	8
9	819	5	6
9	820	6	5
9	821	5	7
9	822	9	1
9	823	9	6
9	233	5	7
9	824	1	6
9	825	2	8
9	517	10	1
9	826	2	3
9	827	1	9
9	828	5	6
9	829	1	3
9	830	4	7
9	831	7	9
9	832	7	6
9	833	5	6
9	834	5	1
9	835	5	2
9	836	5	4
9	837	3	9
9	838	1	2
9	839	4	9
9	840	7	3
9	841	4	3
9	842	9	5
9	843	1	8
9	844	2	9
9	845	1	8
9	846	6	1
9	847	6	4
9	848	2	3
9	849	5	1
9	850	2	8
9	851	10	8
9	852	3	2
9	853	7	2
9	854	3	10
9	855	9	5
9	856	2	4
9	857	5	9
9	858	8	4
9	859	9	10
9	860	8	3
9	861	8	10
9	862	3	10
9	863	6	4
9	864	4	9
9	239	1	2
9	865	9	1
9	866	4	8
9	867	10	1
9	868	4	2
9	869	3	6
9	870	5	2
9	871	5	6
9	872	6	2
9	873	7	3
9	874	4	9
9	875	5	8
9	876	4	7
9	877	9	7
9	878	6	7
9	879	7	5
9	880	4	9
9	881	1	3
9	882	4	5
9	883	2	7
9	884	6	9
9	885	2	1
9	886	6	9
9	887	1	6
9	888	2	9
9	889	9	5
9	890	7	8
9	891	8	4
9	892	6	9
9	893	6	9
9	894	9	3
9	895	6	9
9	896	8	2
9	897	2	3
9	898	1	9
9	899	2	7
9	900	3	9
9	901	2	5
9	902	10	7
9	903	4	7
9	904	4	9
9	905	4	1
9	906	2	4
9	907	8	10
9	908	9	7
9	909	3	8
9	910	2	5
9	911	1	3
9	912	3	9
9	242	10	3
9	913	1	3
9	914	2	6
9	915	1	6
9	916	4	8
9	917	2	7
9	918	3	10
9	919	2	3
9	920	5	7
9	921	8	10
9	922	2	9
9	923	1	8
9	924	4	5
9	925	9	8
9	926	5	2
9	927	9	10
9	928	4	5
9	929	5	3
9	930	6	10
9	931	7	2
9	932	2	6
9	933	3	6
9	934	4	8
9	33	9	6
9	935	1	3
9	936	8	5
9	937	4	3
9	938	2	4
9	939	8	9
9	940	8	1
9	941	3	8
9	942	6	2
9	943	2	4
9	944	10	9
9	945	10	1
9	946	6	10
9	947	10	9
9	948	6	5
9	949	7	2
9	950	7	2
9	951	4	6
9	952	3	8
9	953	8	1
9	954	8	3
9	955	6	1
9	956	3	7
9	957	3	7
9	958	8	3
9	959	2	6
9	960	2	3
9	961	10	8
9	962	1	4
9	963	10	1
9	964	9	10
9	965	7	6
9	966	7	1
9	967	8	5
9	968	1	6
9	969	7	5
9	970	1	7
9	971	5	8
9	972	5	10
9	973	7	2
9	974	1	5
9	975	2	5
9	976	4	6
9	977	3	10
9	978	7	9
9	979	9	2
9	980	6	1
9	981	10	3
9	982	4	9
9	983	2	6
9	984	3	10
9	255	3	9
9	985	1	4
9	986	9	2
9	987	4	2
9	988	2	8
9	989	6	9
9	990	6	9
9	991	10	4
9	992	1	8
9	993	3	8
9	994	3	6
9	995	2	10
9	996	7	10
9	997	4	5
9	998	3	4
9	999	8	6
9	1000	10	8
6	631	-100	-100
6	853	-100	-100
6	757	-100	-100
6	906	-100	-100
6	215	-100	-100
6	530	-100	-100
6	977	-100	-100
6	978	-100	-100
6	240	-100	-100
6	735	-100	-100
6	65	-100	-100
6	865	-100	-100
6	251	-100	-100
6	13	-100	-100
6	189	-100	-100
6	141	-100	-100
6	667	-100	-100
6	724	-100	-100
6	887	-100	-100
6	219	-100	-100
6	849	-100	-100
6	996	-100	-100
6	854	-100	-100
6	802	-100	-100
6	197	-100	-100
6	991	-100	-100
6	781	-100	-100
6	807	-100	-100
6	950	-100	-100
6	997	-100	-100
6	131	-100	-100
6	533	-100	-100
6	88	-100	-100
6	580	-100	-100
6	874	-100	-100
6	777	-100	-100
6	876	-100	-100
6	893	-100	-100
6	926	-100	-100
6	469	-100	-100
6	264	-100	-100
6	546	-100	-100
6	525	-100	-100
6	259	-100	-100
6	78	-100	-100
6	129	-100	-100
6	910	-100	-100
6	728	-100	-100
6	642	-100	-100
6	702	-100	-100
6	609	-100	-100
6	19	-100	-100
6	621	-100	-100
6	986	-100	-100
6	751	-100	-100
6	804	-100	-100
6	740	-100	-100
6	279	-100	-100
6	165	-100	-100
6	866	-100	-100
6	482	-100	-100
6	864	-100	-100
6	805	-100	-100
6	481	-100	-100
6	686	-100	-100
6	244	-100	-100
6	168	-100	-100
6	603	-100	-100
6	576	-100	-100
6	459	-100	-100
6	544	-100	-100
6	602	-100	-100
6	93	-100	-100
6	641	-100	-100
6	82	-100	-100
6	230	-100	-100
6	255	-100	-100
6	665	-100	-100
6	100	-100	-100
6	721	-100	-100
6	592	-100	-100
6	657	-100	-100
6	775	-100	-100
6	898	-100	-100
6	832	-100	-100
6	646	-100	-100
6	632	-100	-100
6	797	-100	-100
6	652	-100	-100
6	600	-100	-100
6	907	-100	-100
6	127	-100	-100
6	170	-100	-100
6	547	-100	-100
6	138	-100	-100
6	985	-100	-100
6	249	-100	-100
6	625	-100	-100
6	946	-100	-100
6	32	-100	-100
6	117	-100	-100
6	916	-100	-100
6	99	-100	-100
6	476	-100	-100
6	265	-100	-100
6	792	-100	-100
6	948	-100	-100
6	960	-100	-100
6	229	-100	-100
6	466	-100	-100
6	949	-100	-100
6	564	-100	-100
6	679	-100	-100
6	825	-100	-100
6	454	-100	-100
6	76	-100	-100
6	968	-100	-100
6	747	-100	-100
6	81	-100	-100
6	965	-100	-100
6	111	-100	-100
6	16	-100	-100
6	511	-100	-100
6	655	-100	-100
6	607	-100	-100
6	654	-100	-100
6	493	-100	-100
6	716	-100	-100
6	801	-100	-100
6	633	-100	-100
6	937	-100	-100
6	730	-100	-100
6	645	-100	-100
6	682	-100	-100
6	473	-100	-100
6	191	-100	-100
6	102	-100	-100
6	692	-100	-100
6	711	-100	-100
6	701	-100	-100
6	583	-100	-100
6	164	-100	-100
6	554	-100	-100
6	74	-100	-100
6	782	-100	-100
6	518	-100	-100
6	180	-100	-100
6	478	-100	-100
6	280	-100	-100
6	195	-100	-100
6	992	-100	-100
6	114	-100	-100
6	509	-100	-100
6	570	-100	-100
6	236	-100	-100
6	214	-100	-100
6	118	-100	-100
6	515	-100	-100
6	480	-100	-100
6	578	-100	-100
6	169	-100	-100
6	64	-100	-100
6	885	-100	-100
6	810	-100	-100
6	790	-100	-100
6	911	-100	-100
6	124	-100	-100
6	924	-100	-100
6	67	-100	-100
6	21	-100	-100
6	748	-100	-100
6	134	-100	-100
6	990	-100	-100
6	888	-100	-100
6	912	-100	-100
6	45	-100	-100
6	663	-100	-100
6	97	-100	-100
6	218	-100	-100
6	627	-100	-100
6	49	-100	-100
6	159	-100	-100
6	693	-100	-100
6	477	-100	-100
6	763	-100	-100
6	47	-100	-100
6	981	-100	-100
6	651	-100	-100
6	541	-100	-100
6	971	-100	-100
6	470	-100	-100
6	537	-100	-100
6	205	-100	-100
6	507	-100	-100
6	852	-100	-100
6	872	-100	-100
6	510	-100	-100
6	556	-100	-100
6	266	-100	-100
6	725	-100	-100
6	20	-100	-100
6	770	-100	-100
6	237	-100	-100
6	726	-100	-100
6	483	-100	-100
8	63	-100	-100
8	412	-100	-100
8	984	-100	-100
8	106	-100	-100
8	751	-100	-100
8	765	-100	-100
8	951	-100	-100
8	406	-100	-100
8	43	-100	-100
8	823	-100	-100
8	122	-100	-100
8	224	-100	-100
8	758	-100	-100
8	321	-100	-100
8	739	-100	-100
8	967	-100	-100
8	53	-100	-100
8	975	-100	-100
8	825	-100	-100
8	209	-100	-100
8	208	-100	-100
8	979	-100	-100
8	71	-100	-100
8	4	-100	-100
8	814	-100	-100
8	892	-100	-100
8	108	-100	-100
8	636	-100	-100
8	786	-100	-100
8	453	-100	-100
8	80	-100	-100
8	361	-100	-100
8	776	-100	-100
8	263	-100	-100
8	803	-100	-100
8	709	-100	-100
8	113	-100	-100
8	183	-100	-100
8	783	-100	-100
8	743	-100	-100
8	251	-100	-100
8	300	-100	-100
8	116	-100	-100
8	993	-100	-100
8	413	-100	-100
8	927	-100	-100
8	198	-100	-100
8	338	-100	-100
8	817	-100	-100
8	188	-100	-100
8	894	-100	-100
8	721	-100	-100
8	832	-100	-100
8	258	-100	-100
8	725	-100	-100
8	961	-100	-100
8	694	-100	-100
8	460	-100	-100
8	350	-100	-100
8	385	-100	-100
8	933	-100	-100
8	105	-100	-100
8	382	-100	-100
8	27	-100	-100
8	49	-100	-100
8	249	-100	-100
8	914	-100	-100
8	337	-100	-100
8	974	-100	-100
8	254	-100	-100
8	229	-100	-100
8	415	-100	-100
8	925	-100	-100
8	98	-100	-100
8	51	-100	-100
8	421	-100	-100
8	386	-100	-100
8	467	-100	-100
8	872	-100	-100
8	352	-100	-100
8	438	-100	-100
8	455	-100	-100
8	658	-100	-100
8	644	-100	-100
8	146	-100	-100
8	655	-100	-100
8	331	-100	-100
8	812	-100	-100
8	883	-100	-100
8	842	-100	-100
8	697	-100	-100
8	968	-100	-100
8	848	-100	-100
8	362	-100	-100
8	153	-100	-100
8	736	-100	-100
8	107	-100	-100
8	39	-100	-100
8	132	-100	-100
8	178	-100	-100
8	454	-100	-100
8	681	-100	-100
8	793	-100	-100
8	799	-100	-100
8	237	-100	-100
8	426	-100	-100
8	193	-100	-100
8	381	-100	-100
8	648	-100	-100
8	70	-100	-100
8	383	-100	-100
8	773	-100	-100
8	885	-100	-100
8	641	-100	-100
8	891	-100	-100
8	187	-100	-100
8	941	-100	-100
8	952	-100	-100
8	296	-100	-100
8	85	-100	-100
8	738	-100	-100
8	828	-100	-100
8	804	-100	-100
8	940	-100	-100
8	166	-100	-100
8	829	-100	-100
8	232	-100	-100
8	158	-100	-100
8	92	-100	-100
8	354	-100	-100
8	103	-100	-100
8	700	-100	-100
8	112	-100	-100
8	683	-100	-100
8	11	-100	-100
8	284	-100	-100
8	239	-100	-100
8	723	-100	-100
8	265	-100	-100
8	155	-100	-100
8	422	-100	-100
8	97	-100	-100
8	416	-100	-100
8	449	-100	-100
8	701	-100	-100
8	2	-100	-100
8	807	-100	-100
8	674	-100	-100
8	366	-100	-100
8	207	-100	-100
8	942	-100	-100
8	906	-100	-100
8	770	-100	-100
8	893	-100	-100
8	235	-100	-100
8	344	-100	-100
8	938	-100	-100
8	225	-100	-100
8	688	-100	-100
8	151	-100	-100
8	966	-100	-100
8	461	-100	-100
8	642	-100	-100
8	261	-100	-100
8	686	-100	-100
8	809	-100	-100
8	315	-100	-100
8	934	-100	-100
8	84	-100	-100
8	419	-100	-100
8	297	-100	-100
8	679	-100	-100
8	827	-100	-100
8	806	-100	-100
8	311	-100	-100
8	465	-100	-100
8	78	-100	-100
8	389	-100	-100
8	865	-100	-100
8	718	-100	-100
8	766	-100	-100
8	276	-100	-100
8	165	-100	-100
8	302	-100	-100
8	312	-100	-100
8	24	-100	-100
8	427	-100	-100
8	434	-100	-100
8	94	-100	-100
8	915	-100	-100
8	678	-100	-100
8	87	-100	-100
8	215	-100	-100
8	855	-100	-100
8	67	-100	-100
8	144	-100	-100
8	190	-100	-100
8	52	-100	-100
8	900	-100	-100
8	324	-100	-100
8	908	-100	-100
8	722	-100	-100
8	380	-100	-100
8	858	-100	-100
8	645	-100	-100
8	775	-100	-100
8	424	-100	-100
3	570	-100	-100
3	819	-100	-100
3	207	-100	-100
3	292	-100	-100
3	714	-100	-100
3	61	-100	-100
3	454	-100	-100
3	683	-100	-100
3	720	-100	-100
3	818	-100	-100
3	371	-100	-100
3	409	-100	-100
3	360	-100	-100
3	203	-100	-100
3	528	-100	-100
3	884	-100	-100
3	487	-100	-100
3	245	-100	-100
3	807	-100	-100
3	15	-100	-100
3	660	-100	-100
3	843	-100	-100
3	813	-100	-100
3	14	-100	-100
3	31	-100	-100
3	828	-100	-100
3	864	-100	-100
3	959	-100	-100
3	711	-100	-100
3	803	-100	-100
3	21	-100	-100
3	367	-100	-100
3	262	-100	-100
3	656	-100	-100
3	474	-100	-100
3	369	-100	-100
3	515	-100	-100
3	936	-100	-100
3	999	-100	-100
3	666	-100	-100
3	206	-100	-100
3	598	-100	-100
3	425	-100	-100
3	555	-100	-100
3	307	-100	-100
3	810	-100	-100
3	919	-100	-100
3	328	-100	-100
3	755	-100	-100
3	850	-100	-100
3	983	-100	-100
3	892	-100	-100
3	738	-100	-100
3	181	-100	-100
3	521	-100	-100
3	693	-100	-100
3	605	-100	-100
3	187	-100	-100
3	211	-100	-100
3	410	-100	-100
3	10	-100	-100
3	440	-100	-100
3	72	-100	-100
3	493	-100	-100
3	637	-100	-100
3	835	-100	-100
3	469	-100	-100
3	48	-100	-100
3	694	-100	-100
3	398	-100	-100
3	920	-100	-100
3	193	-100	-100
3	812	-100	-100
3	957	-100	-100
3	596	-100	-100
3	226	-100	-100
3	224	-100	-100
3	511	-100	-100
3	601	-100	-100
3	499	-100	-100
3	988	-100	-100
3	917	-100	-100
3	342	-100	-100
3	725	-100	-100
3	775	-100	-100
3	909	-100	-100
3	729	-100	-100
3	174	-100	-100
3	69	-100	-100
3	906	-100	-100
3	908	-100	-100
3	627	-100	-100
3	255	-100	-100
3	953	-100	-100
3	230	-100	-100
3	826	-100	-100
3	502	-100	-100
3	717	-100	-100
3	718	-100	-100
3	905	-100	-100
3	426	-100	-100
3	547	-100	-100
3	659	-100	-100
3	924	-100	-100
3	643	-100	-100
3	742	-100	-100
3	735	-100	-100
3	195	-100	-100
3	677	-100	-100
3	277	-100	-100
3	558	-100	-100
3	749	-100	-100
3	199	-100	-100
3	507	-100	-100
3	18	-100	-100
3	50	-100	-100
3	771	-100	-100
3	428	-100	-100
3	557	-100	-100
3	74	-100	-100
3	75	-100	-100
3	757	-100	-100
3	939	-100	-100
3	584	-100	-100
3	635	-100	-100
3	865	-100	-100
3	866	-100	-100
3	951	-100	-100
3	414	-100	-100
3	33	-100	-100
3	639	-100	-100
3	504	-100	-100
3	816	-100	-100
3	261	-100	-100
3	876	-100	-100
3	612	-100	-100
3	943	-100	-100
3	732	-100	-100
3	458	-100	-100
3	170	-100	-100
3	263	-100	-100
3	867	-100	-100
3	592	-100	-100
3	304	-100	-100
3	685	-100	-100
3	22	-100	-100
3	593	-100	-100
3	723	-100	-100
3	667	-100	-100
3	811	-100	-100
3	937	-100	-100
3	509	-100	-100
3	433	-100	-100
3	837	-100	-100
3	964	-100	-100
3	790	-100	-100
3	34	-100	-100
3	416	-100	-100
3	949	-100	-100
3	522	-100	-100
3	976	-100	-100
3	680	-100	-100
3	309	-100	-100
3	661	-100	-100
3	413	-100	-100
3	880	-100	-100
3	616	-100	-100
3	910	-100	-100
3	993	-100	-100
3	740	-100	-100
3	966	-100	-100
3	532	-100	-100
3	26	-100	-100
3	204	-100	-100
3	981	-100	-100
3	997	-100	-100
3	744	-100	-100
3	516	-100	-100
3	498	-100	-100
3	349	-100	-100
3	423	-100	-100
3	318	-100	-100
3	464	-100	-100
3	583	-100	-100
3	990	-100	-100
3	904	-100	-100
3	750	-100	-100
3	559	-100	-100
3	841	-100	-100
3	489	-100	-100
3	546	-100	-100
3	438	-100	-100
3	815	-100	-100
3	28	-100	-100
3	591	-100	-100
3	561	-100	-100
3	531	-100	-100
3	652	-100	-100
3	814	-100	-100
3	20	-100	-100
3	586	-100	-100
3	847	-100	-100
3	679	-100	-100
3	827	-100	-100
3	638	-100	-100
3	253	-100	-100
3	545	-100	-100
3	578	-100	-100
3	272	-100	-100
3	406	-100	-100
3	38	-100	-100
3	197	-100	-100
3	887	-100	-100
3	459	-100	-100
3	800	-100	-100
3	344	-100	-100
3	352	-100	-100
3	960	-100	-100
3	899	-100	-100
3	933	-100	-100
3	227	-100	-100
3	319	-100	-100
3	219	-100	-100
3	16	-100	-100
3	580	-100	-100
3	961	-100	-100
3	668	-100	-100
3	945	-100	-100
3	901	-100	-100
3	208	-100	-100
3	954	-100	-100
3	728	-100	-100
3	556	-100	-100
3	488	-100	-100
3	759	-100	-100
3	484	-100	-100
3	645	-100	-100
3	519	-100	-100
3	987	-100	-100
3	260	-100	-100
3	922	-100	-100
3	13	-100	-100
3	883	-100	-100
3	186	-100	-100
3	470	-100	-100
3	329	-100	-100
3	534	-100	-100
3	266	-100	-100
3	173	-100	-100
3	995	-100	-100
3	415	-100	-100
3	618	-100	-100
3	523	-100	-100
3	752	-100	-100
3	2	-100	-100
3	419	-100	-100
3	387	-100	-100
3	562	-100	-100
3	765	-100	-100
3	730	-100	-100
3	399	-100	-100
3	424	-100	-100
3	782	-100	-100
3	183	-100	-100
3	603	-100	-100
3	417	-100	-100
3	311	-100	-100
3	624	-100	-100
3	278	-100	-100
3	610	-100	-100
3	444	-100	-100
3	777	-100	-100
3	766	-100	-100
3	885	-100	-100
3	494	-100	-100
3	239	-100	-100
3	630	-100	-100
3	560	-100	-100
3	53	-100	-100
3	295	-100	-100
3	437	-100	-100
3	911	-100	-100
3	479	-100	-100
3	791	-100	-100
3	236	-100	-100
3	763	-100	-100
3	647	-100	-100
3	457	-100	-100
3	483	-100	-100
5	28	-100	-100
5	355	-100	-100
5	67	-100	-100
5	611	-100	-100
5	201	-100	-100
5	403	-100	-100
5	528	-100	-100
5	71	-100	-100
5	775	-100	-100
5	884	-100	-100
5	892	-100	-100
5	817	-100	-100
5	920	-100	-100
5	559	-100	-100
5	7	-100	-100
5	367	-100	-100
5	380	-100	-100
5	718	-100	-100
5	703	-100	-100
5	381	-100	-100
5	646	-100	-100
5	398	-100	-100
5	18	-100	-100
5	130	-100	-100
5	945	-100	-100
5	926	-100	-100
5	895	-100	-100
5	417	-100	-100
5	375	-100	-100
5	72	-100	-100
5	456	-100	-100
5	295	-100	-100
5	875	-100	-100
5	95	-100	-100
5	625	-100	-100
5	331	-100	-100
5	854	-100	-100
5	725	-100	-100
5	802	-100	-100
5	736	-100	-100
5	592	-100	-100
5	543	-100	-100
5	401	-100	-100
5	147	-100	-100
5	580	-100	-100
5	832	-100	-100
5	20	-100	-100
5	672	-100	-100
5	361	-100	-100
5	632	-100	-100
5	770	-100	-100
5	373	-100	-100
5	657	-100	-100
5	34	-100	-100
5	862	-100	-100
5	107	-100	-100
5	32	-100	-100
5	583	-100	-100
5	145	-100	-100
5	673	-100	-100
5	780	-100	-100
5	316	-100	-100
5	146	-100	-100
5	957	-100	-100
5	787	-100	-100
5	362	-100	-100
5	349	-100	-100
5	535	-100	-100
5	768	-100	-100
5	933	-100	-100
5	915	-100	-100
5	471	-100	-100
5	65	-100	-100
5	664	-100	-100
5	576	-100	-100
5	952	-100	-100
5	693	-100	-100
5	806	-100	-100
5	692	-100	-100
5	52	-100	-100
5	595	-100	-100
5	954	-100	-100
5	792	-100	-100
5	603	-100	-100
5	835	-100	-100
5	608	-100	-100
5	477	-100	-100
5	916	-100	-100
5	429	-100	-100
5	192	-100	-100
5	343	-100	-100
5	542	-100	-100
5	365	-100	-100
5	679	-100	-100
5	757	-100	-100
5	120	-100	-100
5	364	-100	-100
5	557	-100	-100
5	623	-100	-100
5	597	-100	-100
5	615	-100	-100
5	194	-100	-100
5	669	-100	-100
5	137	-100	-100
5	311	-100	-100
5	732	-100	-100
5	675	-100	-100
5	889	-100	-100
5	61	-100	-100
5	84	-100	-100
5	320	-100	-100
5	790	-100	-100
5	16	-100	-100
5	383	-100	-100
5	497	-100	-100
5	415	-100	-100
5	702	-100	-100
5	394	-100	-100
5	514	-100	-100
5	436	-100	-100
5	761	-100	-100
5	921	-100	-100
5	939	-100	-100
5	648	-100	-100
5	13	-100	-100
5	843	-100	-100
5	473	-100	-100
5	507	-100	-100
5	842	-100	-100
5	569	-100	-100
5	197	-100	-100
5	43	-100	-100
5	492	-100	-100
5	986	-100	-100
5	486	-100	-100
5	560	-100	-100
5	357	-100	-100
5	121	-100	-100
5	593	-100	-100
5	488	-100	-100
5	85	-100	-100
5	767	-100	-100
5	759	-100	-100
5	798	-100	-100
5	564	-100	-100
5	571	-100	-100
5	961	-100	-100
5	737	-100	-100
5	288	-100	-100
5	991	-100	-100
5	857	-100	-100
5	150	-100	-100
5	551	-100	-100
5	37	-100	-100
5	609	-100	-100
5	10	-100	-100
5	424	-100	-100
5	141	-100	-100
5	974	-100	-100
5	338	-100	-100
5	205	-100	-100
5	918	-100	-100
5	691	-100	-100
5	100	-100	-100
5	129	-100	-100
5	512	-100	-100
5	2	-100	-100
5	386	-100	-100
5	64	-100	-100
5	92	-100	-100
5	561	-100	-100
5	27	-100	-100
5	499	-100	-100
5	98	-100	-100
5	901	-100	-100
5	637	-100	-100
5	867	-100	-100
5	532	-100	-100
5	549	-100	-100
5	927	-100	-100
5	422	-100	-100
5	733	-100	-100
5	590	-100	-100
5	618	-100	-100
5	707	-100	-100
5	505	-100	-100
5	932	-100	-100
5	826	-100	-100
5	786	-100	-100
5	520	-100	-100
5	645	-100	-100
5	610	-100	-100
5	297	-100	-100
5	90	-100	-100
5	781	-100	-100
5	642	-100	-100
5	487	-100	-100
5	548	-100	-100
5	94	-100	-100
5	36	-100	-100
5	371	-100	-100
5	45	-100	-100
5	716	-100	-100
5	814	-100	-100
5	335	-100	-100
5	462	-100	-100
5	138	-100	-100
5	170	-100	-100
5	301	-100	-100
5	741	-100	-100
5	719	-100	-100
5	158	-100	-100
5	389	-100	-100
5	74	-100	-100
5	460	-100	-100
5	999	-100	-100
5	173	-100	-100
5	304	-100	-100
5	153	-100	-100
5	538	-100	-100
5	57	-100	-100
5	185	-100	-100
5	726	-100	-100
5	340	-100	-100
5	612	-100	-100
5	423	-100	-100
5	116	-100	-100
5	616	-100	-100
5	294	-100	-100
5	469	-100	-100
5	345	-100	-100
5	880	-100	-100
5	360	-100	-100
5	558	-100	-100
5	113	-100	-100
5	607	-100	-100
5	40	-100	-100
5	496	-100	-100
5	807	-100	-100
5	356	-100	-100
5	47	-100	-100
5	359	-100	-100
5	337	-100	-100
5	966	-100	-100
5	119	-100	-100
5	450	-100	-100
5	993	-100	-100
5	650	-100	-100
5	831	-100	-100
5	735	-100	-100
5	599	-100	-100
5	299	-100	-100
5	156	-100	-100
5	432	-100	-100
5	169	-100	-100
5	484	-100	-100
5	60	-100	-100
5	751	-100	-100
5	680	-100	-100
5	291	-100	-100
5	540	-100	-100
5	14	-100	-100
5	160	-100	-100
5	524	-100	-100
5	541	-100	-100
5	449	-100	-100
5	818	-100	-100
5	105	-100	-100
5	416	-100	-100
5	418	-100	-100
5	315	-100	-100
5	452	-100	-100
5	352	-100	-100
5	151	-100	-100
5	506	-100	-100
5	466	-100	-100
5	508	-100	-100
5	793	-100	-100
5	654	-100	-100
5	879	-100	-100
5	861	-100	-100
5	574	-100	-100
5	698	-100	-100
5	815	-100	-100
5	983	-100	-100
5	997	-100	-100
5	189	-100	-100
5	494	-100	-100
5	602	-100	-100
5	196	-100	-100
5	734	-100	-100
5	193	-100	-100
5	936	-100	-100
5	656	-100	-100
5	89	-100	-100
5	437	-100	-100
1	577	-100	-100
1	456	-100	-100
1	452	-100	-100
1	179	-100	-100
1	170	-100	-100
1	634	-100	-100
1	876	-100	-100
1	210	-100	-100
1	496	-100	-100
1	391	-100	-100
1	215	-100	-100
1	906	-100	-100
1	567	-100	-100
1	552	-100	-100
1	323	-100	-100
1	390	-100	-100
1	74	-100	-100
1	139	-100	-100
1	849	-100	-100
1	419	-100	-100
1	774	-100	-100
1	763	-100	-100
1	534	-100	-100
1	629	-100	-100
1	211	-100	-100
1	512	-100	-100
1	638	-100	-100
1	159	-100	-100
1	695	-100	-100
1	772	-100	-100
1	281	-100	-100
1	916	-100	-100
1	844	-100	-100
1	746	-100	-100
1	720	-100	-100
1	482	-100	-100
1	871	-100	-100
1	799	-100	-100
1	124	-100	-100
1	797	-100	-100
1	866	-100	-100
1	129	-100	-100
1	997	-100	-100
1	619	-100	-100
1	493	-100	-100
1	223	-100	-100
1	955	-100	-100
1	175	-100	-100
1	77	-100	-100
1	291	-100	-100
1	663	-100	-100
1	511	-100	-100
1	255	-100	-100
1	283	-100	-100
1	762	-100	-100
1	250	-100	-100
1	318	-100	-100
1	975	-100	-100
1	966	-100	-100
1	280	-100	-100
1	605	-100	-100
1	769	-100	-100
1	246	-100	-100
1	253	-100	-100
1	659	-100	-100
1	460	-100	-100
1	494	-100	-100
1	308	-100	-100
1	607	-100	-100
1	488	-100	-100
1	381	-100	-100
1	910	-100	-100
1	600	-100	-100
1	145	-100	-100
1	854	-100	-100
1	850	-100	-100
1	380	-100	-100
1	679	-100	-100
1	202	-100	-100
1	875	-100	-100
1	960	-100	-100
1	795	-100	-100
1	828	-100	-100
1	815	-100	-100
1	501	-100	-100
1	317	-100	-100
1	649	-100	-100
1	213	-100	-100
1	954	-100	-100
1	547	-100	-100
1	859	-100	-100
1	268	-100	-100
1	930	-100	-100
1	675	-100	-100
1	895	-100	-100
1	939	-100	-100
1	909	-100	-100
1	646	-100	-100
1	105	-100	-100
1	370	-100	-100
1	757	-100	-100
1	747	-100	-100
1	461	-100	-100
1	840	-100	-100
1	98	-100	-100
1	835	-100	-100
1	135	-100	-100
1	337	-100	-100
1	718	-100	-100
1	121	-100	-100
1	506	-100	-100
1	243	-100	-100
1	81	-100	-100
1	522	-100	-100
1	293	-100	-100
1	514	-100	-100
1	911	-100	-100
1	636	-100	-100
1	971	-100	-100
1	538	-100	-100
1	301	-100	-100
1	544	-100	-100
1	429	-100	-100
1	310	-100	-100
1	742	-100	-100
1	548	-100	-100
1	325	-100	-100
1	618	-100	-100
1	439	-100	-100
1	727	-100	-100
1	94	-100	-100
1	137	-100	-100
1	717	-100	-100
1	697	-100	-100
1	150	-100	-100
1	899	-100	-100
1	877	-100	-100
1	185	-100	-100
1	768	-100	-100
1	977	-100	-100
1	274	-100	-100
1	668	-100	-100
1	148	-100	-100
1	893	-100	-100
1	234	-100	-100
1	586	-100	-100
1	165	-100	-100
1	962	-100	-100
1	728	-100	-100
1	948	-100	-100
1	176	-100	-100
1	546	-100	-100
1	571	-100	-100
1	447	-100	-100
1	399	-100	-100
1	316	-100	-100
1	85	-100	-100
1	113	-100	-100
1	827	-100	-100
1	503	-100	-100
1	99	-100	-100
1	731	-100	-100
1	740	-100	-100
1	531	-100	-100
1	271	-100	-100
1	369	-100	-100
1	563	-100	-100
1	188	-100	-100
1	207	-100	-100
1	671	-100	-100
1	819	-100	-100
1	739	-100	-100
1	464	-100	-100
1	498	-100	-100
1	949	-100	-100
1	397	-100	-100
1	725	-100	-100
1	418	-100	-100
1	723	-100	-100
1	463	-100	-100
1	449	-100	-100
1	469	-100	-100
1	444	-100	-100
1	103	-100	-100
1	981	-100	-100
1	299	-100	-100
1	365	-100	-100
1	161	-100	-100
1	459	-100	-100
1	467	-100	-100
1	101	-100	-100
1	276	-100	-100
1	313	-100	-100
1	998	-100	-100
1	681	-100	-100
1	428	-100	-100
1	812	-100	-100
1	942	-100	-100
1	782	-100	-100
1	107	-100	-100
1	423	-100	-100
1	236	-100	-100
1	558	-100	-100
1	985	-100	-100
1	154	-100	-100
1	738	-100	-100
1	956	-100	-100
1	807	-100	-100
1	979	-100	-100
1	644	-100	-100
1	856	-100	-100
1	184	-100	-100
1	80	-100	-100
1	384	-100	-100
1	853	-100	-100
1	167	-100	-100
1	653	-100	-100
1	958	-100	-100
1	374	-100	-100
1	993	-100	-100
1	342	-100	-100
1	245	-100	-100
1	339	-100	-100
1	509	-100	-100
1	846	-100	-100
1	541	-100	-100
1	923	-100	-100
1	751	-100	-100
1	172	-100	-100
1	748	-100	-100
1	279	-100	-100
1	96	-100	-100
1	499	-100	-100
1	122	-100	-100
1	204	-100	-100
1	126	-100	-100
1	354	-100	-100
1	181	-100	-100
1	450	-100	-100
1	222	-100	-100
1	193	-100	-100
1	269	-100	-100
1	389	-100	-100
1	361	-100	-100
1	171	-100	-100
1	885	-100	-100
1	825	-100	-100
1	709	-100	-100
1	845	-100	-100
1	947	-100	-100
1	272	-100	-100
1	115	-100	-100
1	346	-100	-100
1	857	-100	-100
1	838	-100	-100
1	412	-100	-100
1	984	-100	-100
1	91	-100	-100
1	164	-100	-100
1	970	-100	-100
1	355	-100	-100
1	756	-100	-100
1	372	-100	-100
1	86	-100	-100
1	382	-100	-100
1	471	-100	-100
1	652	-100	-100
1	303	-100	-100
1	217	-100	-100
1	879	-100	-100
1	208	-100	-100
1	714	-100	-100
1	392	-100	-100
1	716	-100	-100
1	513	-100	-100
1	302	-100	-100
1	286	-100	-100
1	438	-100	-100
1	858	-100	-100
1	520	-100	-100
1	92	-100	-100
1	560	-100	-100
1	834	-100	-100
1	789	-100	-100
1	437	-100	-100
1	526	-100	-100
1	640	-100	-100
1	788	-100	-100
1	315	-100	-100
1	922	-100	-100
1	643	-100	-100
1	109	-100	-100
1	913	-100	-100
1	536	-100	-100
1	270	-100	-100
1	888	-100	-100
1	416	-100	-100
1	331	-100	-100
1	426	-100	-100
1	417	-100	-100
1	191	-100	-100
1	95	-100	-100
1	405	-100	-100
1	404	-100	-100
1	891	-100	-100
1	182	-100	-100
1	608	-100	-100
1	117	-100	-100
1	334	-100	-100
4	625	-100	-100
4	900	-100	-100
4	516	-100	-100
4	364	-100	-100
4	852	-100	-100
4	303	-100	-100
4	870	-100	-100
4	280	-100	-100
4	369	-100	-100
4	337	-100	-100
4	655	-100	-100
4	800	-100	-100
4	358	-100	-100
4	302	-100	-100
4	966	-100	-100
4	469	-100	-100
4	454	-100	-100
4	666	-100	-100
4	476	-100	-100
4	723	-100	-100
4	449	-100	-100
4	458	-100	-100
4	631	-100	-100
4	919	-100	-100
4	665	-100	-100
4	370	-100	-100
4	44	-100	-100
4	127	-100	-100
4	950	-100	-100
4	905	-100	-100
4	507	-100	-100
4	700	-100	-100
4	509	-100	-100
4	21	-100	-100
4	433	-100	-100
4	729	-100	-100
4	43	-100	-100
4	677	-100	-100
4	756	-100	-100
4	984	-100	-100
4	477	-100	-100
4	987	-100	-100
4	899	-100	-100
4	301	-100	-100
4	234	-100	-100
4	699	-100	-100
4	100	-100	-100
4	957	-100	-100
4	140	-100	-100
4	330	-100	-100
4	105	-100	-100
4	834	-100	-100
4	39	-100	-100
4	24	-100	-100
4	102	-100	-100
4	815	-100	-100
4	538	-100	-100
4	30	-100	-100
4	459	-100	-100
4	582	-100	-100
4	604	-100	-100
4	583	-100	-100
4	92	-100	-100
4	975	-100	-100
4	218	-100	-100
4	810	-100	-100
4	842	-100	-100
4	832	-100	-100
4	437	-100	-100
4	450	-100	-100
4	947	-100	-100
4	471	-100	-100
4	406	-100	-100
4	775	-100	-100
4	798	-100	-100
4	717	-100	-100
4	422	-100	-100
4	67	-100	-100
4	705	-100	-100
4	83	-100	-100
4	227	-100	-100
4	108	-100	-100
4	399	-100	-100
4	746	-100	-100
4	286	-100	-100
4	131	-100	-100
4	353	-100	-100
4	412	-100	-100
4	608	-100	-100
4	671	-100	-100
4	141	-100	-100
4	909	-100	-100
4	51	-100	-100
4	2	-100	-100
4	698	-100	-100
4	701	-100	-100
4	733	-100	-100
4	553	-100	-100
4	566	-100	-100
4	426	-100	-100
4	550	-100	-100
4	686	-100	-100
4	257	-100	-100
4	421	-100	-100
4	935	-100	-100
4	994	-100	-100
4	632	-100	-100
4	696	-100	-100
4	276	-100	-100
4	328	-100	-100
4	360	-100	-100
4	409	-100	-100
4	937	-100	-100
4	91	-100	-100
4	348	-100	-100
4	597	-100	-100
4	155	-100	-100
4	508	-100	-100
4	560	-100	-100
4	960	-100	-100
4	232	-100	-100
4	783	-100	-100
4	692	-100	-100
4	413	-100	-100
4	104	-100	-100
4	713	-100	-100
4	869	-100	-100
4	221	-100	-100
4	820	-100	-100
4	225	-100	-100
4	403	-100	-100
4	350	-100	-100
4	759	-100	-100
4	474	-100	-100
4	547	-100	-100
4	214	-100	-100
4	922	-100	-100
4	793	-100	-100
4	825	-100	-100
4	983	-100	-100
4	971	-100	-100
4	831	-100	-100
4	393	-100	-100
4	656	-100	-100
4	546	-100	-100
4	40	-100	-100
4	281	-100	-100
4	901	-100	-100
4	817	-100	-100
4	603	-100	-100
4	694	-100	-100
4	123	-100	-100
4	958	-100	-100
4	757	-100	-100
4	933	-100	-100
4	124	-100	-100
4	641	-100	-100
4	525	-100	-100
4	361	-100	-100
4	598	-100	-100
4	585	-100	-100
4	882	-100	-100
4	744	-100	-100
4	520	-100	-100
4	489	-100	-100
4	939	-100	-100
4	142	-100	-100
4	621	-100	-100
4	611	-100	-100
4	113	-100	-100
4	572	-100	-100
4	571	-100	-100
4	879	-100	-100
4	528	-100	-100
4	786	-100	-100
4	946	-100	-100
4	220	-100	-100
4	439	-100	-100
4	494	-100	-100
4	47	-100	-100
4	129	-100	-100
4	495	-100	-100
4	858	-100	-100
4	492	-100	-100
4	539	-100	-100
4	804	-100	-100
4	678	-100	-100
4	90	-100	-100
4	556	-100	-100
4	115	-100	-100
4	615	-100	-100
4	893	-100	-100
4	689	-100	-100
4	398	-100	-100
4	653	-100	-100
4	500	-100	-100
4	670	-100	-100
4	579	-100	-100
4	65	-100	-100
4	274	-100	-100
4	299	-100	-100
4	157	-100	-100
4	368	-100	-100
4	778	-100	-100
4	11	-100	-100
4	722	-100	-100
4	503	-100	-100
4	669	-100	-100
4	931	-100	-100
4	456	-100	-100
4	605	-100	-100
4	440	-100	-100
4	505	-100	-100
4	715	-100	-100
4	857	-100	-100
4	298	-100	-100
4	277	-100	-100
4	928	-100	-100
4	750	-100	-100
4	522	-100	-100
4	996	-100	-100
4	497	-100	-100
4	75	-100	-100
4	576	-100	-100
4	894	-100	-100
4	761	-100	-100
4	389	-100	-100
4	846	-100	-100
4	452	-100	-100
4	12	-100	-100
4	246	-100	-100
4	534	-100	-100
4	365	-100	-100
4	890	-100	-100
4	130	-100	-100
4	297	-100	-100
4	952	-100	-100
4	889	-100	-100
4	714	-100	-100
4	397	-100	-100
4	56	-100	-100
4	380	-100	-100
4	394	-100	-100
4	243	-100	-100
4	381	-100	-100
4	836	-100	-100
4	166	-100	-100
4	292	-100	-100
4	209	-100	-100
4	154	-100	-100
4	903	-100	-100
4	612	-100	-100
4	515	-100	-100
4	883	-100	-100
4	77	-100	-100
4	116	-100	-100
4	753	-100	-100
4	125	-100	-100
4	838	-100	-100
4	506	-100	-100
4	331	-100	-100
4	136	-100	-100
4	667	-100	-100
4	404	-100	-100
4	526	-100	-100
4	457	-100	-100
4	57	-100	-100
4	687	-100	-100
4	837	-100	-100
4	38	-100	-100
4	638	-100	-100
4	293	-100	-100
4	559	-100	-100
4	965	-100	-100
4	684	-100	-100
4	728	-100	-100
4	343	-100	-100
4	568	-100	-100
4	529	-100	-100
4	548	-100	-100
4	339	-100	-100
4	367	-100	-100
4	26	-100	-100
4	424	-100	-100
4	781	-100	-100
4	164	-100	-100
4	954	-100	-100
4	279	-100	-100
4	683	-100	-100
4	451	-100	-100
4	791	-100	-100
4	745	-100	-100
4	860	-100	-100
4	111	-100	-100
4	161	-100	-100
4	345	-100	-100
4	76	-100	-100
4	48	-100	-100
4	254	-100	-100
4	487	-100	-100
4	613	-100	-100
4	250	-100	-100
4	352	-100	-100
4	867	-100	-100
4	584	-100	-100
4	765	-100	-100
4	854	-100	-100
4	372	-100	-100
4	486	-100	-100
4	779	-100	-100
4	813	-100	-100
4	501	-100	-100
4	432	-100	-100
4	327	-100	-100
4	134	-100	-100
4	738	-100	-100
4	315	-100	-100
4	979	-100	-100
4	167	-100	-100
4	466	-100	-100
4	936	-100	-100
4	697	-100	-100
4	780	-100	-100
4	662	-100	-100
4	963	-100	-100
4	554	-100	-100
4	829	-100	-100
4	789	-100	-100
4	953	-100	-100
4	447	-100	-100
4	988	-100	-100
4	788	-100	-100
4	811	-100	-100
4	799	-100	-100
4	675	-100	-100
4	674	-100	-100
4	751	-100	-100
4	408	-100	-100
4	215	-100	-100
4	967	-100	-100
4	379	-100	-100
4	596	-100	-100
7	450	-100	-100
7	747	-100	-100
7	932	-100	-100
7	143	-100	-100
7	878	-100	-100
7	266	-100	-100
7	737	-100	-100
7	661	-100	-100
7	188	-100	-100
7	252	-100	-100
7	719	-100	-100
7	910	-100	-100
7	331	-100	-100
7	355	-100	-100
7	62	-100	-100
7	793	-100	-100
7	314	-100	-100
7	115	-100	-100
7	395	-100	-100
7	26	-100	-100
7	660	-100	-100
7	171	-100	-100
7	691	-100	-100
7	934	-100	-100
7	540	-100	-100
7	713	-100	-100
7	348	-100	-100
7	106	-100	-100
7	235	-100	-100
7	319	-100	-100
7	39	-100	-100
7	687	-100	-100
7	734	-100	-100
7	65	-100	-100
7	759	-100	-100
7	371	-100	-100
7	567	-100	-100
7	78	-100	-100
7	805	-100	-100
7	337	-100	-100
7	847	-100	-100
7	589	-100	-100
7	991	-100	-100
7	626	-100	-100
7	242	-100	-100
7	321	-100	-100
7	443	-100	-100
7	882	-100	-100
7	49	-100	-100
7	941	-100	-100
7	277	-100	-100
7	580	-100	-100
7	972	-100	-100
7	776	-100	-100
7	127	-100	-100
7	87	-100	-100
7	633	-100	-100
7	961	-100	-100
7	342	-100	-100
7	794	-100	-100
7	949	-100	-100
7	187	-100	-100
7	64	-100	-100
7	13	-100	-100
7	764	-100	-100
7	289	-100	-100
7	963	-100	-100
7	70	-100	-100
7	702	-100	-100
7	520	-100	-100
7	410	-100	-100
7	542	-100	-100
7	212	-100	-100
7	750	-100	-100
7	362	-100	-100
7	930	-100	-100
7	636	-100	-100
7	989	-100	-100
7	317	-100	-100
7	311	-100	-100
7	189	-100	-100
7	751	-100	-100
7	27	-100	-100
7	644	-100	-100
7	831	-100	-100
7	706	-100	-100
7	37	-100	-100
7	384	-100	-100
7	36	-100	-100
7	385	-100	-100
7	300	-100	-100
7	707	-100	-100
7	433	-100	-100
7	889	-100	-100
7	53	-100	-100
7	507	-100	-100
7	153	-100	-100
7	312	-100	-100
7	239	-100	-100
7	281	-100	-100
7	782	-100	-100
7	162	-100	-100
7	617	-100	-100
7	103	-100	-100
7	515	-100	-100
7	52	-100	-100
7	498	-100	-100
7	624	-100	-100
7	727	-100	-100
7	912	-100	-100
7	200	-100	-100
7	945	-100	-100
7	579	-100	-100
7	132	-100	-100
7	10	-100	-100
7	61	-100	-100
7	532	-100	-100
7	864	-100	-100
7	692	-100	-100
7	224	-100	-100
7	75	-100	-100
7	369	-100	-100
7	139	-100	-100
7	822	-100	-100
7	654	-100	-100
7	522	-100	-100
7	478	-100	-100
7	658	-100	-100
7	43	-100	-100
7	581	-100	-100
7	179	-100	-100
7	698	-100	-100
7	841	-100	-100
7	799	-100	-100
7	720	-100	-100
7	109	-100	-100
7	24	-100	-100
7	573	-100	-100
7	477	-100	-100
7	795	-100	-100
7	206	-100	-100
7	609	-100	-100
7	870	-100	-100
7	563	-100	-100
7	435	-100	-100
7	17	-100	-100
7	958	-100	-100
7	887	-100	-100
7	527	-100	-100
7	585	-100	-100
7	76	-100	-100
7	907	-100	-100
7	974	-100	-100
7	45	-100	-100
7	229	-100	-100
7	748	-100	-100
7	695	-100	-100
7	530	-100	-100
7	708	-100	-100
7	605	-100	-100
7	491	-100	-100
7	261	-100	-100
7	287	-100	-100
7	672	-100	-100
7	940	-100	-100
7	690	-100	-100
7	731	-100	-100
7	123	-100	-100
7	666	-100	-100
7	726	-100	-100
7	943	-100	-100
7	408	-100	-100
7	16	-100	-100
7	590	-100	-100
7	769	-100	-100
7	618	-100	-100
7	415	-100	-100
7	673	-100	-100
7	601	-100	-100
7	643	-100	-100
7	895	-100	-100
7	262	-100	-100
7	834	-100	-100
7	728	-100	-100
7	927	-100	-100
7	839	-100	-100
7	998	-100	-100
7	409	-100	-100
7	440	-100	-100
7	256	-100	-100
7	538	-100	-100
7	218	-100	-100
7	403	-100	-100
7	38	-100	-100
7	554	-100	-100
7	874	-100	-100
7	575	-100	-100
7	703	-100	-100
7	569	-100	-100
7	366	-100	-100
7	517	-100	-100
7	325	-100	-100
7	733	-100	-100
7	196	-100	-100
7	79	-100	-100
7	161	-100	-100
7	427	-100	-100
7	983	-100	-100
7	260	-100	-100
7	717	-100	-100
7	754	-100	-100
7	679	-100	-100
7	950	-100	-100
7	671	-100	-100
7	390	-100	-100
7	899	-100	-100
7	100	-100	-100
7	437	-100	-100
7	320	-100	-100
7	526	-100	-100
7	664	-100	-100
7	1000	-100	-100
7	343	-100	-100
7	785	-100	-100
7	434	-100	-100
7	982	-100	-100
7	701	-100	-100
7	420	-100	-100
7	333	-100	-100
7	905	-100	-100
7	861	-100	-100
7	216	-100	-100
7	98	-100	-100
7	25	-100	-100
7	207	-100	-100
7	973	-100	-100
7	292	-100	-100
7	382	-100	-100
7	736	-100	-100
7	829	-100	-100
7	872	-100	-100
7	709	-100	-100
7	903	-100	-100
7	592	-100	-100
7	203	-100	-100
7	288	-100	-100
7	208	-100	-100
7	962	-100	-100
7	543	-100	-100
7	622	-100	-100
7	284	-100	-100
7	74	-100	-100
7	422	-100	-100
7	89	-100	-100
7	721	-100	-100
7	596	-100	-100
7	326	-100	-100
7	378	-100	-100
7	844	-100	-100
7	273	-100	-100
7	360	-100	-100
7	894	-100	-100
7	715	-100	-100
7	623	-100	-100
7	347	-100	-100
7	163	-100	-100
7	423	-100	-100
7	908	-100	-100
7	630	-100	-100
7	168	-100	-100
7	879	-100	-100
7	867	-100	-100
7	743	-100	-100
7	863	-100	-100
7	490	-100	-100
7	294	-100	-100
7	375	-100	-100
7	547	-100	-100
7	811	-100	-100
7	32	-100	-100
7	451	-100	-100
7	215	-100	-100
7	295	-100	-100
7	121	-100	-100
7	432	-100	-100
7	639	-100	-100
7	279	-100	-100
7	901	-100	-100
7	116	-100	-100
7	716	-100	-100
7	869	-100	-100
7	502	-100	-100
7	583	-100	-100
7	309	-100	-100
7	586	-100	-100
7	147	-100	-100
7	884	-100	-100
7	836	-100	-100
7	766	-100	-100
7	544	-100	-100
7	40	-100	-100
7	290	-100	-100
7	830	-100	-100
7	95	-100	-100
7	345	-100	-100
7	480	-100	-100
7	431	-100	-100
7	193	-100	-100
7	23	-100	-100
7	135	-100	-100
7	28	-100	-100
7	680	-100	-100
7	86	-100	-100
7	400	-100	-100
7	756	-100	-100
7	914	-100	-100
7	160	-100	-100
7	247	-100	-100
7	407	-100	-100
7	489	-100	-100
7	253	-100	-100
7	584	-100	-100
7	657	-100	-100
7	221	-100	-100
7	313	-100	-100
7	336	-100	-100
7	885	-100	-100
7	849	-100	-100
7	555	-100	-100
7	430	-100	-100
7	214	-100	-100
7	258	-100	-100
7	980	-100	-100
7	117	-100	-100
7	141	-100	-100
7	845	-100	-100
7	790	-100	-100
7	315	-100	-100
7	411	-100	-100
7	122	-100	-100
7	140	-100	-100
7	102	-100	-100
7	595	-100	-100
7	119	-100	-100
7	649	-100	-100
7	394	-100	-100
7	201	-100	-100
7	553	-100	-100
7	303	-100	-100
7	254	-100	-100
7	646	-100	-100
7	635	-100	-100
7	718	-100	-100
7	725	-100	-100
7	150	-100	-100
7	80	-100	-100
2	253	-100	-100
2	188	-100	-100
2	459	-100	-100
2	646	-100	-100
2	665	-100	-100
2	557	-100	-100
2	664	-100	-100
2	945	-100	-100
2	674	-100	-100
2	262	-100	-100
2	651	-100	-100
2	309	-100	-100
2	84	-100	-100
2	445	-100	-100
2	555	-100	-100
2	688	-100	-100
2	755	-100	-100
2	632	-100	-100
2	777	-100	-100
2	451	-100	-100
2	971	-100	-100
2	493	-100	-100
2	466	-100	-100
2	485	-100	-100
2	322	-100	-100
2	624	-100	-100
2	629	-100	-100
2	210	-100	-100
2	342	-100	-100
2	494	-100	-100
2	215	-100	-100
2	438	-100	-100
2	879	-100	-100
2	328	-100	-100
2	244	-100	-100
2	147	-100	-100
2	533	-100	-100
2	189	-100	-100
2	14	-100	-100
2	905	-100	-100
2	54	-100	-100
2	982	-100	-100
2	174	-100	-100
2	296	-100	-100
2	426	-100	-100
2	601	-100	-100
2	25	-100	-100
2	135	-100	-100
2	333	-100	-100
2	546	-100	-100
2	72	-100	-100
2	961	-100	-100
2	844	-100	-100
2	988	-100	-100
2	480	-100	-100
2	667	-100	-100
2	760	-100	-100
2	242	-100	-100
2	933	-100	-100
2	432	-100	-100
2	643	-100	-100
2	960	-100	-100
2	661	-100	-100
2	80	-100	-100
2	514	-100	-100
2	380	-100	-100
2	338	-100	-100
2	413	-100	-100
2	532	-100	-100
2	886	-100	-100
2	600	-100	-100
2	116	-100	-100
2	768	-100	-100
2	127	-100	-100
2	995	-100	-100
2	992	-100	-100
2	364	-100	-100
2	800	-100	-100
2	526	-100	-100
2	548	-100	-100
2	293	-100	-100
2	862	-100	-100
2	957	-100	-100
2	31	-100	-100
2	471	-100	-100
2	920	-100	-100
2	113	-100	-100
2	124	-100	-100
2	820	-100	-100
2	673	-100	-100
2	475	-100	-100
2	586	-100	-100
2	256	-100	-100
2	150	-100	-100
2	50	-100	-100
2	582	-100	-100
2	411	-100	-100
2	133	-100	-100
2	710	-100	-100
2	803	-100	-100
2	149	-100	-100
2	498	-100	-100
2	123	-100	-100
2	192	-100	-100
2	773	-100	-100
2	220	-100	-100
2	763	-100	-100
2	588	-100	-100
2	55	-100	-100
2	175	-100	-100
2	708	-100	-100
2	324	-100	-100
2	369	-100	-100
2	407	-100	-100
2	872	-100	-100
2	539	-100	-100
2	68	-100	-100
2	877	-100	-100
2	993	-100	-100
2	504	-100	-100
2	859	-100	-100
2	645	-100	-100
2	138	-100	-100
2	1000	-100	-100
2	583	-100	-100
2	541	-100	-100
2	441	-100	-100
2	231	-100	-100
2	89	-100	-100
2	510	-100	-100
2	412	-100	-100
2	547	-100	-100
2	187	-100	-100
2	160	-100	-100
2	156	-100	-100
2	405	-100	-100
2	425	-100	-100
2	812	-100	-100
2	465	-100	-100
2	927	-100	-100
2	845	-100	-100
2	45	-100	-100
2	973	-100	-100
2	810	-100	-100
2	305	-100	-100
2	490	-100	-100
2	519	-100	-100
2	401	-100	-100
2	433	-100	-100
2	470	-100	-100
2	839	-100	-100
2	98	-100	-100
2	870	-100	-100
2	88	-100	-100
2	410	-100	-100
2	904	-100	-100
2	379	-100	-100
2	911	-100	-100
2	907	-100	-100
2	826	-100	-100
2	306	-100	-100
2	766	-100	-100
2	833	-100	-100
2	910	-100	-100
2	265	-100	-100
2	858	-100	-100
2	984	-100	-100
2	495	-100	-100
2	317	-100	-100
2	964	-100	-100
2	553	-100	-100
2	703	-100	-100
2	249	-100	-100
2	809	-100	-100
2	207	-100	-100
2	924	-100	-100
2	602	-100	-100
2	942	-100	-100
2	36	-100	-100
2	683	-100	-100
2	732	-100	-100
2	239	-100	-100
2	567	-100	-100
2	399	-100	-100
2	515	-100	-100
2	817	-100	-100
2	796	-100	-100
2	365	-100	-100
2	939	-100	-100
2	835	-100	-100
2	516	-100	-100
2	427	-100	-100
2	357	-100	-100
2	109	-100	-100
2	991	-100	-100
2	579	-100	-100
2	857	-100	-100
2	791	-100	-100
2	82	-100	-100
2	290	-100	-100
2	828	-100	-100
2	972	-100	-100
2	741	-100	-100
2	214	-100	-100
2	770	-100	-100
2	970	-100	-100
2	453	-100	-100
2	630	-100	-100
2	936	-100	-100
2	66	-100	-100
2	860	-100	-100
2	472	-100	-100
2	13	-100	-100
2	107	-100	-100
2	823	-100	-100
2	647	-100	-100
2	449	-100	-100
2	724	-100	-100
2	561	-100	-100
2	792	-100	-100
2	202	-100	-100
2	609	-100	-100
2	985	-100	-100
2	869	-100	-100
2	534	-100	-100
2	560	-100	-100
2	129	-100	-100
2	876	-100	-100
2	11	-100	-100
2	41	-100	-100
2	776	-100	-100
2	563	-100	-100
2	785	-100	-100
2	228	-100	-100
2	275	-100	-100
2	259	-100	-100
2	318	-100	-100
2	444	-100	-100
2	197	-100	-100
2	576	-100	-100
2	114	-100	-100
2	880	-100	-100
2	578	-100	-100
2	195	-100	-100
2	128	-100	-100
2	92	-100	-100
2	540	-100	-100
2	134	-100	-100
2	853	-100	-100
2	255	-100	-100
2	854	-100	-100
2	307	-100	-100
2	10	-100	-100
2	841	-100	-100
2	569	-100	-100
2	881	-100	-100
2	831	-100	-100
2	634	-100	-100
2	397	-100	-100
2	660	-100	-100
2	95	-100	-100
2	362	-100	-100
2	243	-100	-100
2	527	-100	-100
2	395	-100	-100
2	726	-100	-100
2	750	-100	-100
2	788	-100	-100
2	229	-100	-100
2	979	-100	-100
2	171	-100	-100
2	811	-100	-100
2	656	-100	-100
2	30	-100	-100
2	842	-100	-100
2	700	-100	-100
2	878	-100	-100
2	94	-100	-100
2	250	-100	-100
2	217	-100	-100
2	241	-100	-100
2	48	-100	-100
2	27	-100	-100
2	767	-100	-100
2	604	-100	-100
2	952	-100	-100
2	394	-100	-100
2	818	-100	-100
2	310	-100	-100
2	623	-100	-100
2	908	-100	-100
2	543	-100	-100
2	786	-100	-100
2	313	-100	-100
2	967	-100	-100
2	439	-100	-100
2	415	-100	-100
2	43	-100	-100
2	892	-100	-100
2	780	-100	-100
2	40	-100	-100
2	975	-100	-100
2	341	-100	-100
2	713	-100	-100
2	421	-100	-100
2	727	-100	-100
2	334	-100	-100
2	19	-100	-100
2	571	-100	-100
2	219	-100	-100
2	468	-100	-100
2	211	-100	-100
2	929	-100	-100
2	808	-100	-100
2	26	-100	-100
2	500	-100	-100
2	542	-100	-100
2	450	-100	-100
2	742	-100	-100
2	529	-100	-100
2	42	-100	-100
2	151	-100	-100
2	363	-100	-100
2	39	-100	-100
2	662	-100	-100
2	648	-100	-100
2	143	-100	-100
2	288	-100	-100
2	224	-100	-100
2	902	-100	-100
2	640	-100	-100
2	130	-100	-100
2	615	-100	-100
2	492	-100	-100
2	106	-100	-100
2	182	-100	-100
2	167	-100	-100
2	720	-100	-100
2	22	-100	-100
2	521	-100	-100
2	628	-100	-100
2	21	-100	-100
2	917	-100	-100
2	685	-100	-100
2	497	-100	-100
2	775	-100	-100
2	349	-100	-100
2	99	-100	-100
2	682	-100	-100
2	278	-100	-100
2	281	-100	-100
2	279	-100	-100
2	765	-100	-100
2	346	-100	-100
2	446	-100	-100
2	93	-100	-100
2	340	-100	-100
2	518	-100	-100
2	382	-100	-100
2	456	-100	-100
2	212	-100	-100
2	953	-100	-100
2	856	-100	-100
2	414	-100	-100
2	832	-100	-100
2	204	-100	-100
2	257	-100	-100
2	376	-100	-100
583	159	-100	-100
583	348	-100	-100
583	702	-100	-100
583	269	-100	-100
583	610	-100	-100
583	323	-100	-100
583	120	-100	-100
583	894	-100	-100
583	290	-100	-100
583	466	-100	-100
583	390	-100	-100
583	152	-100	-100
583	682	-100	-100
583	83	-100	-100
583	228	-100	-100
583	838	-100	-100
583	978	-100	-100
583	43	-100	-100
583	365	-100	-100
583	782	-100	-100
583	518	-100	-100
583	481	-100	-100
583	16	-100	-100
583	662	-100	-100
583	175	-100	-100
583	713	-100	-100
583	739	-100	-100
583	707	-100	-100
583	454	-100	-100
583	376	-100	-100
583	901	-100	-100
583	149	-100	-100
583	92	-100	-100
583	718	-100	-100
583	720	-100	-100
583	598	-100	-100
583	706	-100	-100
583	49	-100	-100
583	407	-100	-100
583	604	-100	-100
583	589	-100	-100
583	818	-100	-100
583	873	-100	-100
583	402	-100	-100
583	660	-100	-100
583	618	-100	-100
583	553	-100	-100
583	601	-100	-100
583	602	-100	-100
583	705	-100	-100
583	800	-100	-100
583	284	-100	-100
583	515	-100	-100
583	468	-100	-100
583	476	-100	-100
583	133	-100	-100
583	783	-100	-100
583	431	-100	-100
583	33	-100	-100
583	960	-100	-100
583	109	-100	-100
583	811	-100	-100
583	242	-100	-100
583	919	-100	-100
583	444	-100	-100
583	560	-100	-100
583	936	-100	-100
583	462	-100	-100
583	369	-100	-100
583	432	-100	-100
583	856	-100	-100
583	428	-100	-100
583	257	-100	-100
583	888	-100	-100
583	18	-100	-100
583	729	-100	-100
583	526	-100	-100
583	255	-100	-100
583	256	-100	-100
583	245	-100	-100
583	575	-100	-100
583	502	-100	-100
583	166	-100	-100
583	611	-100	-100
583	70	-100	-100
583	35	-100	-100
583	624	-100	-100
583	370	-100	-100
583	503	-100	-100
583	340	-100	-100
583	36	-100	-100
583	834	-100	-100
583	186	-100	-100
583	686	-100	-100
583	287	-100	-100
583	355	-100	-100
583	538	-100	-100
583	631	-100	-100
583	716	-100	-100
583	17	-100	-100
583	235	-100	-100
583	377	-100	-100
583	426	-100	-100
583	915	-100	-100
583	741	-100	-100
583	424	-100	-100
583	694	-100	-100
583	56	-100	-100
583	118	-100	-100
583	277	-100	-100
583	193	-100	-100
583	225	-100	-100
583	803	-100	-100
583	440	-100	-100
583	891	-100	-100
583	344	-100	-100
583	832	-100	-100
583	790	-100	-100
583	320	-100	-100
583	566	-100	-100
583	261	-100	-100
583	687	-100	-100
583	224	-100	-100
583	339	-100	-100
583	921	-100	-100
583	215	-100	-100
583	861	-100	-100
583	787	-100	-100
583	843	-100	-100
583	438	-100	-100
583	447	-100	-100
583	539	-100	-100
583	94	-100	-100
583	740	-100	-100
583	222	-100	-100
583	15	-100	-100
583	548	-100	-100
583	732	-100	-100
583	914	-100	-100
583	545	-100	-100
583	60	-100	-100
583	448	-100	-100
583	635	-100	-100
583	795	-100	-100
583	801	-100	-100
583	169	-100	-100
583	908	-100	-100
583	767	-100	-100
583	969	-100	-100
583	698	-100	-100
583	1000	-100	-100
583	437	-100	-100
583	522	-100	-100
583	781	-100	-100
583	465	-100	-100
583	661	-100	-100
583	267	-100	-100
583	849	-100	-100
583	690	-100	-100
583	238	-100	-100
583	414	-100	-100
583	204	-100	-100
583	359	-100	-100
583	625	-100	-100
583	467	-100	-100
583	911	-100	-100
583	385	-100	-100
583	202	-100	-100
583	21	-100	-100
583	297	-100	-100
583	595	-100	-100
583	423	-100	-100
583	311	-100	-100
583	12	-100	-100
583	857	-100	-100
583	954	-100	-100
583	246	-100	-100
583	514	-100	-100
583	788	-100	-100
583	972	-100	-100
583	578	-100	-100
583	268	-100	-100
583	916	-100	-100
583	164	-100	-100
583	630	-100	-100
583	649	-100	-100
583	925	-100	-100
583	876	-100	-100
583	533	-100	-100
583	719	-100	-100
583	507	-100	-100
583	519	-100	-100
583	639	-100	-100
583	592	-100	-100
583	336	-100	-100
583	32	-100	-100
583	442	-100	-100
583	942	-100	-100
583	105	-100	-100
583	31	-100	-100
583	704	-100	-100
583	898	-100	-100
583	55	-100	-100
583	282	-100	-100
583	456	-100	-100
583	179	-100	-100
583	752	-100	-100
583	657	-100	-100
583	140	-100	-100
583	958	-100	-100
583	804	-100	-100
583	498	-100	-100
583	728	-100	-100
583	137	-100	-100
583	241	-100	-100
583	155	-100	-100
583	183	-100	-100
583	400	-100	-100
583	884	-100	-100
583	90	-100	-100
583	119	-100	-100
583	362	-100	-100
583	226	-100	-100
583	535	-100	-100
583	917	-100	-100
583	880	-100	-100
583	445	-100	-100
583	866	-100	-100
583	302	-100	-100
583	617	-100	-100
583	974	-100	-100
583	98	-100	-100
583	500	-100	-100
583	591	-100	-100
583	567	-100	-100
583	415	-100	-100
583	350	-100	-100
583	620	-100	-100
583	550	-100	-100
583	802	-100	-100
583	184	-100	-100
583	877	-100	-100
583	23	-100	-100
583	557	-100	-100
583	25	-100	-100
583	293	-100	-100
583	797	-100	-100
583	513	-100	-100
583	303	-100	-100
583	138	-100	-100
583	579	-100	-100
583	997	-100	-100
583	285	-100	-100
583	504	-100	-100
583	543	-100	-100
583	941	-100	-100
583	91	-100	-100
583	679	-100	-100
583	906	-100	-100
583	926	-100	-100
583	585	-100	-100
583	902	-100	-100
583	479	-100	-100
583	837	-100	-100
583	852	-100	-100
583	251	-100	-100
583	528	-100	-100
583	54	-100	-100
583	540	-100	-100
583	489	-100	-100
583	194	-100	-100
583	830	-100	-100
583	406	-100	-100
583	334	-100	-100
583	659	-100	-100
583	329	-100	-100
583	766	-100	-100
583	697	-100	-100
583	789	-100	-100
583	264	-100	-100
583	181	-100	-100
583	192	-100	-100
583	253	-100	-100
583	392	-100	-100
583	979	-100	-100
583	107	-100	-100
583	342	-100	-100
583	420	-100	-100
583	483	-100	-100
583	247	-100	-100
583	281	-100	-100
583	393	-100	-100
583	122	-100	-100
583	929	-100	-100
583	844	-100	-100
583	520	-100	-100
583	882	-100	-100
583	115	-100	-100
583	69	-100	-100
583	761	-100	-100
583	26	-100	-100
583	24	-100	-100
583	291	-100	-100
583	903	-100	-100
583	174	-100	-100
583	335	-100	-100
583	947	-100	-100
583	674	-100	-100
583	160	-100	-100
583	730	-100	-100
583	237	-100	-100
583	780	-100	-100
583	453	-100	-100
583	73	-100	-100
583	946	-100	-100
583	858	-100	-100
583	516	-100	-100
583	564	-100	-100
583	168	-100	-100
583	360	-100	-100
583	647	-100	-100
583	623	-100	-100
583	259	-100	-100
583	892	-100	-100
583	419	-100	-100
583	590	-100	-100
583	87	-100	-100
583	177	-100	-100
583	231	-100	-100
583	710	-100	-100
583	833	-100	-100
583	835	-100	-100
583	129	-100	-100
583	470	-100	-100
583	573	-100	-100
583	912	-100	-100
583	517	-100	-100
583	63	-100	-100
583	523	-100	-100
583	270	-100	-100
583	75	-100	-100
583	993	-100	-100
583	923	-100	-100
583	309	-100	-100
583	814	-100	-100
583	19	-100	-100
583	125	-100	-100
583	673	-100	-100
583	130	-100	-100
583	187	-100	-100
583	743	-100	-100
583	885	-100	-100
583	236	-100	-100
583	472	-100	-100
583	295	-100	-100
583	726	-100	-100
583	452	-100	-100
583	717	-100	-100
583	909	-100	-100
583	609	-100	-100
583	161	-100	-100
583	409	-100	-100
583	266	-100	-100
583	250	-100	-100
583	196	-100	-100
583	525	-100	-100
583	977	-100	-100
583	823	-100	-100
583	924	-100	-100
583	695	-100	-100
583	957	-100	-100
583	357	-100	-100
583	586	-100	-100
255	90	-100	-100
255	207	-100	-100
255	348	-100	-100
255	739	-100	-100
255	389	-100	-100
255	718	-100	-100
255	549	-100	-100
255	291	-100	-100
255	64	-100	-100
255	400	-100	-100
255	219	-100	-100
255	716	-100	-100
255	972	-100	-100
255	503	-100	-100
255	581	-100	-100
255	461	-100	-100
255	492	-100	-100
255	381	-100	-100
255	53	-100	-100
255	45	-100	-100
255	690	-100	-100
255	268	-100	-100
255	256	-100	-100
255	652	-100	-100
255	608	-100	-100
255	263	-100	-100
255	623	-100	-100
255	281	-100	-100
255	372	-100	-100
255	131	-100	-100
255	92	-100	-100
255	614	-100	-100
255	56	-100	-100
255	679	-100	-100
255	758	-100	-100
255	269	-100	-100
255	728	-100	-100
255	447	-100	-100
255	52	-100	-100
255	392	-100	-100
255	339	-100	-100
255	896	-100	-100
255	984	-100	-100
255	914	-100	-100
255	919	-100	-100
255	386	-100	-100
255	478	-100	-100
255	1000	-100	-100
255	944	-100	-100
255	539	-100	-100
255	150	-100	-100
255	302	-100	-100
255	38	-100	-100
255	545	-100	-100
255	445	-100	-100
255	112	-100	-100
255	39	-100	-100
255	654	-100	-100
255	462	-100	-100
255	877	-100	-100
255	528	-100	-100
255	851	-100	-100
255	865	-100	-100
255	550	-100	-100
255	732	-100	-100
255	604	-100	-100
255	454	-100	-100
255	722	-100	-100
255	195	-100	-100
255	89	-100	-100
255	506	-100	-100
255	141	-100	-100
255	397	-100	-100
255	948	-100	-100
255	832	-100	-100
255	971	-100	-100
255	93	-100	-100
255	125	-100	-100
255	153	-100	-100
255	180	-100	-100
255	595	-100	-100
255	118	-100	-100
255	266	-100	-100
255	544	-100	-100
255	14	-100	-100
255	942	-100	-100
255	655	-100	-100
255	777	-100	-100
255	422	-100	-100
255	800	-100	-100
255	610	-100	-100
255	300	-100	-100
255	208	-100	-100
255	148	-100	-100
255	713	-100	-100
255	685	-100	-100
255	274	-100	-100
255	379	-100	-100
255	218	-100	-100
255	364	-100	-100
255	540	-100	-100
255	840	-100	-100
255	870	-100	-100
255	837	-100	-100
255	909	-100	-100
255	356	-100	-100
255	714	-100	-100
255	452	-100	-100
255	522	-100	-100
255	116	-100	-100
255	137	-100	-100
255	658	-100	-100
255	881	-100	-100
255	997	-100	-100
255	296	-100	-100
255	941	-100	-100
255	28	-100	-100
255	928	-100	-100
255	521	-100	-100
255	964	-100	-100
255	830	-100	-100
255	235	-100	-100
255	975	-100	-100
255	156	-100	-100
255	342	-100	-100
255	645	-100	-100
255	198	-100	-100
255	258	-100	-100
255	188	-100	-100
255	318	-100	-100
255	151	-100	-100
255	666	-100	-100
255	715	-100	-100
255	701	-100	-100
255	124	-100	-100
255	176	-100	-100
255	248	-100	-100
255	524	-100	-100
255	606	-100	-100
255	822	-100	-100
255	901	-100	-100
255	967	-100	-100
255	772	-100	-100
255	734	-100	-100
255	574	-100	-100
255	825	-100	-100
255	965	-100	-100
255	579	-100	-100
255	231	-100	-100
255	821	-100	-100
255	930	-100	-100
255	247	-100	-100
255	50	-100	-100
255	26	-100	-100
255	80	-100	-100
255	485	-100	-100
255	979	-100	-100
255	594	-100	-100
255	429	-100	-100
255	703	-100	-100
255	717	-100	-100
255	994	-100	-100
255	808	-100	-100
255	995	-100	-100
255	956	-100	-100
255	69	-100	-100
255	154	-100	-100
255	88	-100	-100
255	890	-100	-100
255	949	-100	-100
255	769	-100	-100
255	555	-100	-100
255	646	-100	-100
255	675	-100	-100
255	378	-100	-100
255	779	-100	-100
255	931	-100	-100
255	866	-100	-100
255	963	-100	-100
255	861	-100	-100
255	875	-100	-100
255	40	-100	-100
255	791	-100	-100
255	230	-100	-100
255	57	-100	-100
255	776	-100	-100
255	621	-100	-100
255	234	-100	-100
255	273	-100	-100
255	894	-100	-100
255	884	-100	-100
255	516	-100	-100
255	262	-100	-100
255	157	-100	-100
255	596	-100	-100
255	706	-100	-100
255	575	-100	-100
255	211	-100	-100
255	627	-100	-100
255	434	-100	-100
255	795	-100	-100
255	473	-100	-100
255	682	-100	-100
255	993	-100	-100
255	662	-100	-100
255	418	-100	-100
255	842	-100	-100
255	569	-100	-100
255	593	-100	-100
255	365	-100	-100
255	177	-100	-100
255	726	-100	-100
255	659	-100	-100
255	253	-100	-100
255	747	-100	-100
255	951	-100	-100
255	95	-100	-100
255	145	-100	-100
255	990	-100	-100
255	55	-100	-100
255	543	-100	-100
255	836	-100	-100
255	336	-100	-100
255	486	-100	-100
255	83	-100	-100
255	567	-100	-100
255	309	-100	-100
255	667	-100	-100
255	261	-100	-100
255	49	-100	-100
255	613	-100	-100
255	280	-100	-100
255	322	-100	-100
255	337	-100	-100
255	818	-100	-100
255	187	-100	-100
255	927	-100	-100
255	370	-100	-100
255	194	-100	-100
255	469	-100	-100
255	72	-100	-100
255	210	-100	-100
255	251	-100	-100
255	511	-100	-100
255	343	-100	-100
255	660	-100	-100
255	243	-100	-100
255	530	-100	-100
255	368	-100	-100
255	603	-100	-100
255	108	-100	-100
255	939	-100	-100
255	895	-100	-100
255	18	-100	-100
255	471	-100	-100
255	546	-100	-100
255	41	-100	-100
255	63	-100	-100
255	952	-100	-100
255	639	-100	-100
255	144	-100	-100
255	376	-100	-100
255	81	-100	-100
255	867	-100	-100
255	226	-100	-100
255	762	-100	-100
255	950	-100	-100
255	876	-100	-100
255	859	-100	-100
255	634	-100	-100
255	288	-100	-100
255	168	-100	-100
255	626	-100	-100
255	203	-100	-100
255	186	-100	-100
255	913	-100	-100
255	440	-100	-100
255	417	-100	-100
255	132	-100	-100
255	369	-100	-100
255	383	-100	-100
255	509	-100	-100
255	271	-100	-100
255	33	-100	-100
255	295	-100	-100
255	232	-100	-100
255	477	-100	-100
255	992	-100	-100
255	27	-100	-100
255	599	-100	-100
255	929	-100	-100
255	172	-100	-100
255	797	-100	-100
255	693	-100	-100
255	303	-100	-100
255	308	-100	-100
255	628	-100	-100
255	140	-100	-100
255	436	-100	-100
255	761	-100	-100
255	674	-100	-100
255	171	-100	-100
255	605	-100	-100
255	25	-100	-100
255	36	-100	-100
255	333	-100	-100
255	134	-100	-100
255	748	-100	-100
255	43	-100	-100
255	451	-100	-100
255	719	-100	-100
255	611	-100	-100
255	920	-100	-100
255	689	-100	-100
255	142	-100	-100
255	413	-100	-100
255	361	-100	-100
255	515	-100	-100
255	351	-100	-100
255	657	-100	-100
255	684	-100	-100
255	824	-100	-100
255	759	-100	-100
255	788	-100	-100
255	270	-100	-100
255	676	-100	-100
255	114	-100	-100
255	724	-100	-100
255	845	-100	-100
255	670	-100	-100
255	986	-100	-100
255	155	-100	-100
255	708	-100	-100
255	625	-100	-100
255	320	-100	-100
255	48	-100	-100
255	37	-100	-100
255	671	-100	-100
255	75	-100	-100
255	683	-100	-100
255	796	-100	-100
255	869	-100	-100
255	702	-100	-100
255	47	-100	-100
255	284	-100	-100
255	653	-100	-100
255	893	-100	-100
255	54	-100	-100
255	310	-100	-100
255	130	-100	-100
255	905	-100	-100
255	803	-100	-100
255	480	-100	-100
255	315	-100	-100
255	878	-100	-100
255	644	-100	-100
255	237	-100	-100
255	883	-100	-100
255	227	-100	-100
255	11	-100	-100
255	514	-100	-100
255	162	-100	-100
255	760	-100	-100
255	67	-100	-100
255	900	-100	-100
255	712	-100	-100
255	962	-100	-100
255	862	-100	-100
255	122	-100	-100
255	13	-100	-100
255	191	-100	-100
255	785	-100	-100
679	649	-100	-100
679	69	-100	-100
679	424	-100	-100
679	843	-100	-100
679	828	-100	-100
679	144	-100	-100
679	792	-100	-100
679	33	-100	-100
679	83	-100	-100
679	346	-100	-100
679	430	-100	-100
679	868	-100	-100
679	477	-100	-100
679	175	-100	-100
679	780	-100	-100
679	340	-100	-100
679	202	-100	-100
679	600	-100	-100
679	495	-100	-100
679	700	-100	-100
679	748	-100	-100
679	993	-100	-100
679	199	-100	-100
679	308	-100	-100
679	615	-100	-100
679	516	-100	-100
679	629	-100	-100
679	459	-100	-100
679	829	-100	-100
679	436	-100	-100
679	762	-100	-100
679	536	-100	-100
679	311	-100	-100
679	428	-100	-100
679	218	-100	-100
679	425	-100	-100
679	995	-100	-100
679	334	-100	-100
679	673	-100	-100
679	147	-100	-100
679	166	-100	-100
679	414	-100	-100
679	546	-100	-100
679	984	-100	-100
679	397	-100	-100
679	200	-100	-100
679	282	-100	-100
679	68	-100	-100
679	887	-100	-100
679	298	-100	-100
679	405	-100	-100
679	331	-100	-100
679	896	-100	-100
679	833	-100	-100
679	894	-100	-100
679	286	-100	-100
679	339	-100	-100
679	399	-100	-100
679	704	-100	-100
679	614	-100	-100
679	728	-100	-100
679	784	-100	-100
679	523	-100	-100
679	936	-100	-100
679	691	-100	-100
679	661	-100	-100
679	377	-100	-100
679	991	-100	-100
679	620	-100	-100
679	178	-100	-100
679	15	-100	-100
679	383	-100	-100
679	18	-100	-100
679	335	-100	-100
679	21	-100	-100
679	40	-100	-100
679	101	-100	-100
679	808	-100	-100
679	463	-100	-100
679	560	-100	-100
679	107	-100	-100
679	911	-100	-100
679	966	-100	-100
679	580	-100	-100
679	938	-100	-100
679	742	-100	-100
679	22	-100	-100
679	666	-100	-100
679	63	-100	-100
679	969	-100	-100
679	243	-100	-100
679	729	-100	-100
679	557	-100	-100
679	603	-100	-100
679	342	-100	-100
679	891	-100	-100
679	89	-100	-100
679	96	-100	-100
679	426	-100	-100
679	82	-100	-100
679	654	-100	-100
679	604	-100	-100
679	827	-100	-100
679	974	-100	-100
679	99	-100	-100
679	323	-100	-100
679	355	-100	-100
679	616	-100	-100
679	635	-100	-100
679	366	-100	-100
679	976	-100	-100
679	16	-100	-100
679	332	-100	-100
679	773	-100	-100
679	813	-100	-100
679	52	-100	-100
679	799	-100	-100
679	375	-100	-100
679	545	-100	-100
679	939	-100	-100
679	810	-100	-100
679	482	-100	-100
679	697	-100	-100
679	387	-100	-100
679	877	-100	-100
679	882	-100	-100
679	370	-100	-100
679	941	-100	-100
679	39	-100	-100
679	859	-100	-100
679	800	-100	-100
679	379	-100	-100
679	788	-100	-100
679	455	-100	-100
679	261	-100	-100
679	745	-100	-100
679	110	-100	-100
679	70	-100	-100
679	152	-100	-100
679	440	-100	-100
679	128	-100	-100
679	466	-100	-100
679	651	-100	-100
679	611	-100	-100
679	50	-100	-100
679	163	-100	-100
679	968	-100	-100
679	954	-100	-100
679	957	-100	-100
679	445	-100	-100
679	834	-100	-100
679	396	-100	-100
679	78	-100	-100
679	198	-100	-100
679	852	-100	-100
679	771	-100	-100
679	126	-100	-100
679	794	-100	-100
679	239	-100	-100
679	416	-100	-100
679	752	-100	-100
679	320	-100	-100
679	485	-100	-100
679	760	-100	-100
679	155	-100	-100
679	988	-100	-100
679	588	-100	-100
679	550	-100	-100
679	267	-100	-100
679	556	-100	-100
679	930	-100	-100
679	403	-100	-100
679	206	-100	-100
679	870	-100	-100
679	582	-100	-100
679	359	-100	-100
679	928	-100	-100
679	171	-100	-100
679	805	-100	-100
679	874	-100	-100
679	634	-100	-100
679	802	-100	-100
679	750	-100	-100
679	912	-100	-100
679	724	-100	-100
679	725	-100	-100
679	66	-100	-100
679	521	-100	-100
679	972	-100	-100
679	462	-100	-100
679	145	-100	-100
679	730	-100	-100
679	733	-100	-100
679	804	-100	-100
679	365	-100	-100
679	289	-100	-100
679	245	-100	-100
679	667	-100	-100
679	465	-100	-100
679	53	-100	-100
679	959	-100	-100
679	642	-100	-100
679	769	-100	-100
679	330	-100	-100
679	153	-100	-100
679	890	-100	-100
679	471	-100	-100
679	277	-100	-100
679	381	-100	-100
679	496	-100	-100
679	367	-100	-100
679	824	-100	-100
679	714	-100	-100
679	962	-100	-100
679	873	-100	-100
679	540	-100	-100
679	589	-100	-100
679	188	-100	-100
679	360	-100	-100
679	849	-100	-100
679	190	-100	-100
679	410	-100	-100
679	865	-100	-100
679	87	-100	-100
679	12	-100	-100
679	504	-100	-100
679	612	-100	-100
679	981	-100	-100
679	167	-100	-100
679	572	-100	-100
679	13	-100	-100
679	11	-100	-100
679	456	-100	-100
679	982	-100	-100
679	831	-100	-100
679	803	-100	-100
679	529	-100	-100
679	417	-100	-100
679	905	-100	-100
679	721	-100	-100
679	415	-100	-100
679	786	-100	-100
679	490	-100	-100
679	347	-100	-100
679	386	-100	-100
679	571	-100	-100
679	195	-100	-100
679	76	-100	-100
679	208	-100	-100
679	569	-100	-100
679	853	-100	-100
679	656	-100	-100
679	121	-100	-100
679	452	-100	-100
679	578	-100	-100
679	67	-100	-100
679	351	-100	-100
679	628	-100	-100
679	400	-100	-100
679	427	-100	-100
679	597	-100	-100
679	149	-100	-100
679	653	-100	-100
679	825	-100	-100
679	994	-100	-100
679	820	-100	-100
679	902	-100	-100
679	420	-100	-100
679	307	-100	-100
679	266	-100	-100
679	623	-100	-100
679	54	-100	-100
679	576	-100	-100
679	999	-100	-100
679	345	-100	-100
679	987	-100	-100
679	514	-100	-100
679	538	-100	-100
679	413	-100	-100
679	404	-100	-100
679	236	-100	-100
679	720	-100	-100
679	910	-100	-100
679	923	-100	-100
679	992	-100	-100
679	272	-100	-100
679	508	-100	-100
679	173	-100	-100
679	135	-100	-100
679	898	-100	-100
679	329	-100	-100
679	44	-100	-100
679	229	-100	-100
679	461	-100	-100
679	895	-100	-100
679	407	-100	-100
679	726	-100	-100
679	746	-100	-100
679	249	-100	-100
679	579	-100	-100
679	904	-100	-100
679	660	-100	-100
679	391	-100	-100
679	139	-100	-100
679	180	-100	-100
679	627	-100	-100
679	497	-100	-100
679	637	-100	-100
679	348	-100	-100
679	90	-100	-100
679	62	-100	-100
679	782	-100	-100
679	336	-100	-100
679	247	-100	-100
679	136	-100	-100
679	875	-100	-100
679	131	-100	-100
679	929	-100	-100
679	472	-100	-100
679	971	-100	-100
679	668	-100	-100
679	254	-100	-100
679	731	-100	-100
679	491	-100	-100
679	638	-100	-100
679	114	-100	-100
679	680	-100	-100
679	233	-100	-100
679	470	-100	-100
679	310	-100	-100
679	695	-100	-100
679	741	-100	-100
679	609	-100	-100
679	669	-100	-100
679	51	-100	-100
679	694	-100	-100
679	182	-100	-100
679	809	-100	-100
679	631	-100	-100
679	889	-100	-100
679	486	-100	-100
679	907	-100	-100
679	271	-100	-100
679	892	-100	-100
679	975	-100	-100
679	915	-100	-100
679	421	-100	-100
679	20	-100	-100
679	295	-100	-100
679	475	-100	-100
679	479	-100	-100
679	408	-100	-100
679	927	-100	-100
679	712	-100	-100
679	768	-100	-100
679	228	-100	-100
679	168	-100	-100
679	328	-100	-100
679	591	-100	-100
679	851	-100	-100
679	643	-100	-100
679	232	-100	-100
679	25	-100	-100
679	220	-100	-100
679	24	-100	-100
679	863	-100	-100
679	432	-100	-100
679	732	-100	-100
679	551	-100	-100
679	842	-100	-100
679	509	-100	-100
728	699	-100	-100
728	171	-100	-100
728	106	-100	-100
728	12	-100	-100
728	120	-100	-100
728	402	-100	-100
728	975	-100	-100
728	795	-100	-100
728	50	-100	-100
728	632	-100	-100
728	974	-100	-100
728	684	-100	-100
728	57	-100	-100
728	909	-100	-100
728	397	-100	-100
728	991	-100	-100
728	854	-100	-100
728	422	-100	-100
728	346	-100	-100
728	121	-100	-100
728	154	-100	-100
728	358	-100	-100
728	732	-100	-100
728	129	-100	-100
728	383	-100	-100
728	577	-100	-100
728	867	-100	-100
728	617	-100	-100
728	363	-100	-100
728	53	-100	-100
728	811	-100	-100
728	213	-100	-100
728	755	-100	-100
728	797	-100	-100
728	67	-100	-100
728	192	-100	-100
728	451	-100	-100
728	690	-100	-100
728	376	-100	-100
728	385	-100	-100
728	85	-100	-100
728	387	-100	-100
728	277	-100	-100
728	393	-100	-100
728	609	-100	-100
728	932	-100	-100
728	922	-100	-100
728	319	-100	-100
728	454	-100	-100
728	623	-100	-100
728	282	-100	-100
728	99	-100	-100
728	805	-100	-100
728	794	-100	-100
728	497	-100	-100
728	602	-100	-100
728	792	-100	-100
728	90	-100	-100
728	326	-100	-100
728	700	-100	-100
728	157	-100	-100
728	866	-100	-100
728	401	-100	-100
728	658	-100	-100
728	329	-100	-100
728	447	-100	-100
728	846	-100	-100
728	448	-100	-100
728	508	-100	-100
728	147	-100	-100
728	372	-100	-100
728	501	-100	-100
728	562	-100	-100
728	754	-100	-100
728	411	-100	-100
728	220	-100	-100
728	288	-100	-100
728	985	-100	-100
728	916	-100	-100
728	259	-100	-100
728	517	-100	-100
728	766	-100	-100
728	592	-100	-100
728	321	-100	-100
728	344	-100	-100
728	963	-100	-100
728	287	-100	-100
728	793	-100	-100
728	978	-100	-100
728	369	-100	-100
728	474	-100	-100
728	588	-100	-100
728	82	-100	-100
728	880	-100	-100
728	921	-100	-100
728	705	-100	-100
728	349	-100	-100
728	962	-100	-100
728	205	-100	-100
728	706	-100	-100
728	222	-100	-100
728	480	-100	-100
728	493	-100	-100
728	821	-100	-100
728	404	-100	-100
728	472	-100	-100
728	884	-100	-100
728	610	-100	-100
728	31	-100	-100
728	776	-100	-100
728	758	-100	-100
728	649	-100	-100
728	546	-100	-100
728	324	-100	-100
728	899	-100	-100
728	904	-100	-100
728	929	-100	-100
728	803	-100	-100
728	796	-100	-100
728	830	-100	-100
728	987	-100	-100
728	37	-100	-100
728	834	-100	-100
728	225	-100	-100
728	13	-100	-100
728	733	-100	-100
728	865	-100	-100
728	167	-100	-100
728	245	-100	-100
728	414	-100	-100
728	858	-100	-100
728	500	-100	-100
728	430	-100	-100
728	236	-100	-100
728	738	-100	-100
728	435	-100	-100
728	186	-100	-100
728	22	-100	-100
728	516	-100	-100
728	143	-100	-100
728	528	-100	-100
728	238	-100	-100
728	551	-100	-100
728	641	-100	-100
728	428	-100	-100
728	816	-100	-100
728	971	-100	-100
728	169	-100	-100
728	125	-100	-100
728	415	-100	-100
728	352	-100	-100
728	485	-100	-100
728	960	-100	-100
728	954	-100	-100
728	481	-100	-100
728	197	-100	-100
728	596	-100	-100
728	571	-100	-100
728	722	-100	-100
728	889	-100	-100
728	353	-100	-100
728	473	-100	-100
728	566	-100	-100
728	78	-100	-100
728	672	-100	-100
728	939	-100	-100
728	873	-100	-100
728	316	-100	-100
728	44	-100	-100
728	764	-100	-100
728	598	-100	-100
728	268	-100	-100
728	935	-100	-100
728	249	-100	-100
728	223	-100	-100
728	21	-100	-100
728	179	-100	-100
728	252	-100	-100
728	663	-100	-100
728	204	-100	-100
728	841	-100	-100
728	560	-100	-100
728	43	-100	-100
728	606	-100	-100
728	587	-100	-100
728	919	-100	-100
728	661	-100	-100
728	783	-100	-100
728	823	-100	-100
728	244	-100	-100
728	274	-100	-100
728	312	-100	-100
728	737	-100	-100
728	671	-100	-100
728	296	-100	-100
728	959	-100	-100
728	76	-100	-100
728	214	-100	-100
728	890	-100	-100
728	594	-100	-100
728	925	-100	-100
728	466	-100	-100
728	304	-100	-100
728	461	-100	-100
728	832	-100	-100
728	650	-100	-100
728	471	-100	-100
728	283	-100	-100
728	240	-100	-100
728	210	-100	-100
728	760	-100	-100
728	759	-100	-100
728	711	-100	-100
728	58	-100	-100
728	612	-100	-100
728	370	-100	-100
728	879	-100	-100
728	145	-100	-100
728	669	-100	-100
728	438	-100	-100
728	840	-100	-100
728	381	-100	-100
728	18	-100	-100
728	673	-100	-100
728	52	-100	-100
728	479	-100	-100
728	375	-100	-100
728	943	-100	-100
728	233	-100	-100
728	582	-100	-100
728	100	-100	-100
728	956	-100	-100
728	208	-100	-100
728	656	-100	-100
728	747	-100	-100
728	231	-100	-100
728	730	-100	-100
728	271	-100	-100
728	992	-100	-100
728	452	-100	-100
728	912	-100	-100
728	111	-100	-100
728	468	-100	-100
728	872	-100	-100
728	569	-100	-100
728	95	-100	-100
728	431	-100	-100
728	655	-100	-100
728	541	-100	-100
728	784	-100	-100
728	923	-100	-100
728	207	-100	-100
728	937	-100	-100
728	141	-100	-100
728	224	-100	-100
728	382	-100	-100
728	152	-100	-100
728	175	-100	-100
728	334	-100	-100
728	162	-100	-100
728	505	-100	-100
728	270	-100	-100
728	188	-100	-100
728	561	-100	-100
728	944	-100	-100
728	530	-100	-100
728	607	-100	-100
728	490	-100	-100
728	848	-100	-100
728	499	-100	-100
728	332	-100	-100
728	997	-100	-100
728	491	-100	-100
728	331	-100	-100
728	514	-100	-100
728	502	-100	-100
728	163	-100	-100
728	897	-100	-100
728	384	-100	-100
728	578	-100	-100
728	128	-100	-100
728	405	-100	-100
728	861	-100	-100
728	59	-100	-100
728	966	-100	-100
728	941	-100	-100
728	229	-100	-100
728	409	-100	-100
728	178	-100	-100
728	247	-100	-100
728	185	-100	-100
728	380	-100	-100
728	555	-100	-100
728	689	-100	-100
728	735	-100	-100
728	465	-100	-100
728	506	-100	-100
728	209	-100	-100
728	567	-100	-100
728	522	-100	-100
728	994	-100	-100
728	350	-100	-100
728	774	-100	-100
728	825	-100	-100
728	957	-100	-100
728	257	-100	-100
728	174	-100	-100
728	802	-100	-100
728	291	-100	-100
728	273	-100	-100
728	537	-100	-100
728	289	-100	-100
728	32	-100	-100
728	148	-100	-100
728	628	-100	-100
728	908	-100	-100
728	782	-100	-100
728	624	-100	-100
728	829	-100	-100
728	593	-100	-100
728	133	-100	-100
728	717	-100	-100
728	460	-100	-100
728	364	-100	-100
728	526	-100	-100
728	330	-100	-100
728	65	-100	-100
728	599	-100	-100
728	71	-100	-100
728	920	-100	-100
728	195	-100	-100
728	549	-100	-100
728	850	-100	-100
728	399	-100	-100
728	680	-100	-100
728	338	-100	-100
728	453	-100	-100
728	250	-100	-100
728	579	-100	-100
728	342	-100	-100
728	565	-100	-100
728	907	-100	-100
728	343	-100	-100
728	936	-100	-100
728	675	-100	-100
728	441	-100	-100
728	924	-100	-100
728	470	-100	-100
728	285	-100	-100
728	527	-100	-100
728	88	-100	-100
728	635	-100	-100
728	800	-100	-100
728	898	-100	-100
728	27	-100	-100
728	788	-100	-100
728	201	-100	-100
728	389	-100	-100
728	902	-100	-100
728	278	-100	-100
728	227	-100	-100
728	299	-100	-100
728	340	-100	-100
728	520	-100	-100
728	176	-100	-100
728	333	-100	-100
728	727	-100	-100
728	906	-100	-100
728	751	-100	-100
728	839	-100	-100
728	806	-100	-100
43	918	-100	-100
43	439	-100	-100
43	365	-100	-100
43	161	-100	-100
43	465	-100	-100
43	671	-100	-100
43	754	-100	-100
43	280	-100	-100
43	41	-100	-100
43	408	-100	-100
43	970	-100	-100
43	226	-100	-100
43	172	-100	-100
43	26	-100	-100
43	123	-100	-100
43	850	-100	-100
43	673	-100	-100
43	391	-100	-100
43	437	-100	-100
43	325	-100	-100
43	756	-100	-100
43	711	-100	-100
43	179	-100	-100
43	410	-100	-100
43	462	-100	-100
43	798	-100	-100
43	601	-100	-100
43	569	-100	-100
43	886	-100	-100
43	999	-100	-100
43	10	-100	-100
43	493	-100	-100
43	301	-100	-100
43	491	-100	-100
43	658	-100	-100
43	868	-100	-100
43	537	-100	-100
43	36	-100	-100
43	11	-100	-100
43	127	-100	-100
43	164	-100	-100
43	521	-100	-100
43	939	-100	-100
43	889	-100	-100
43	406	-100	-100
43	724	-100	-100
43	470	-100	-100
43	508	-100	-100
43	85	-100	-100
43	799	-100	-100
43	991	-100	-100
43	196	-100	-100
43	432	-100	-100
43	484	-100	-100
43	132	-100	-100
43	821	-100	-100
43	500	-100	-100
43	173	-100	-100
43	189	-100	-100
43	224	-100	-100
43	759	-100	-100
43	96	-100	-100
43	562	-100	-100
43	547	-100	-100
43	233	-100	-100
43	992	-100	-100
43	819	-100	-100
43	362	-100	-100
43	816	-100	-100
43	212	-100	-100
43	888	-100	-100
43	105	-100	-100
43	920	-100	-100
43	981	-100	-100
43	581	-100	-100
43	247	-100	-100
43	587	-100	-100
43	607	-100	-100
43	396	-100	-100
43	644	-100	-100
43	263	-100	-100
43	112	-100	-100
43	588	-100	-100
43	371	-100	-100
43	553	-100	-100
43	653	-100	-100
43	829	-100	-100
43	552	-100	-100
43	368	-100	-100
43	612	-100	-100
43	683	-100	-100
43	528	-100	-100
43	419	-100	-100
43	159	-100	-100
43	228	-100	-100
43	987	-100	-100
43	240	-100	-100
43	609	-100	-100
43	794	-100	-100
43	307	-100	-100
43	779	-100	-100
43	339	-100	-100
43	873	-100	-100
43	925	-100	-100
43	895	-100	-100
43	617	-100	-100
43	191	-100	-100
43	907	-100	-100
43	949	-100	-100
43	416	-100	-100
43	861	-100	-100
43	635	-100	-100
43	905	-100	-100
43	997	-100	-100
43	125	-100	-100
43	424	-100	-100
43	604	-100	-100
43	245	-100	-100
43	243	-100	-100
43	772	-100	-100
43	893	-100	-100
43	454	-100	-100
43	87	-100	-100
43	782	-100	-100
43	390	-100	-100
43	790	-100	-100
43	199	-100	-100
43	356	-100	-100
43	637	-100	-100
43	585	-100	-100
43	639	-100	-100
43	446	-100	-100
43	555	-100	-100
43	235	-100	-100
43	982	-100	-100
43	593	-100	-100
43	650	-100	-100
43	718	-100	-100
43	319	-100	-100
43	546	-100	-100
43	256	-100	-100
43	205	-100	-100
43	833	-100	-100
43	921	-100	-100
43	442	-100	-100
43	214	-100	-100
43	157	-100	-100
43	122	-100	-100
43	571	-100	-100
43	694	-100	-100
43	904	-100	-100
43	377	-100	-100
43	579	-100	-100
43	114	-100	-100
43	573	-100	-100
43	945	-100	-100
43	404	-100	-100
43	567	-100	-100
43	885	-100	-100
43	12	-100	-100
43	831	-100	-100
43	817	-100	-100
43	222	-100	-100
43	135	-100	-100
43	146	-100	-100
43	580	-100	-100
43	367	-100	-100
43	113	-100	-100
43	689	-100	-100
43	769	-100	-100
43	687	-100	-100
43	947	-100	-100
43	246	-100	-100
43	223	-100	-100
43	357	-100	-100
43	347	-100	-100
43	926	-100	-100
43	272	-100	-100
43	563	-100	-100
43	710	-100	-100
43	558	-100	-100
43	529	-100	-100
43	629	-100	-100
43	150	-100	-100
43	646	-100	-100
43	802	-100	-100
43	523	-100	-100
43	473	-100	-100
43	126	-100	-100
43	128	-100	-100
43	31	-100	-100
43	372	-100	-100
43	990	-100	-100
43	755	-100	-100
43	875	-100	-100
43	35	-100	-100
43	168	-100	-100
43	998	-100	-100
43	322	-100	-100
43	704	-100	-100
43	656	-100	-100
43	335	-100	-100
43	594	-100	-100
43	633	-100	-100
43	732	-100	-100
43	499	-100	-100
43	13	-100	-100
43	974	-100	-100
43	287	-100	-100
43	603	-100	-100
43	519	-100	-100
43	968	-100	-100
43	326	-100	-100
43	570	-100	-100
43	190	-100	-100
43	67	-100	-100
43	481	-100	-100
43	906	-100	-100
43	825	-100	-100
43	549	-100	-100
43	592	-100	-100
43	545	-100	-100
43	898	-100	-100
43	294	-100	-100
43	265	-100	-100
43	297	-100	-100
43	283	-100	-100
43	631	-100	-100
43	717	-100	-100
43	667	-100	-100
43	407	-100	-100
43	441	-100	-100
43	253	-100	-100
43	883	-100	-100
43	74	-100	-100
43	827	-100	-100
43	730	-100	-100
43	203	-100	-100
43	504	-100	-100
43	693	-100	-100
43	269	-100	-100
43	16	-100	-100
43	187	-100	-100
43	28	-100	-100
43	660	-100	-100
43	388	-100	-100
43	946	-100	-100
43	923	-100	-100
43	986	-100	-100
43	510	-100	-100
43	961	-100	-100
43	291	-100	-100
43	200	-100	-100
43	884	-100	-100
43	948	-100	-100
43	620	-100	-100
43	374	-100	-100
43	972	-100	-100
43	250	-100	-100
43	741	-100	-100
43	254	-100	-100
43	828	-100	-100
43	59	-100	-100
43	600	-100	-100
43	760	-100	-100
43	561	-100	-100
43	181	-100	-100
43	487	-100	-100
43	115	-100	-100
43	985	-100	-100
43	532	-100	-100
43	678	-100	-100
43	471	-100	-100
43	722	-100	-100
43	536	-100	-100
43	848	-100	-100
43	726	-100	-100
43	842	-100	-100
43	964	-100	-100
43	340	-100	-100
43	973	-100	-100
43	909	-100	-100
43	409	-100	-100
43	492	-100	-100
43	355	-100	-100
43	750	-100	-100
43	692	-100	-100
43	910	-100	-100
43	239	-100	-100
43	366	-100	-100
43	932	-100	-100
43	938	-100	-100
43	39	-100	-100
43	941	-100	-100
43	912	-100	-100
43	751	-100	-100
43	386	-100	-100
43	630	-100	-100
43	184	-100	-100
43	24	-100	-100
43	727	-100	-100
43	803	-100	-100
43	229	-100	-100
43	314	-100	-100
43	927	-100	-100
43	232	-100	-100
43	784	-100	-100
43	550	-100	-100
43	259	-100	-100
43	879	-100	-100
43	832	-100	-100
43	421	-100	-100
43	477	-100	-100
43	747	-100	-100
43	739	-100	-100
43	538	-100	-100
43	479	-100	-100
43	55	-100	-100
43	501	-100	-100
43	661	-100	-100
43	342	-100	-100
43	867	-100	-100
43	298	-100	-100
43	393	-100	-100
43	155	-100	-100
43	680	-100	-100
43	57	-100	-100
43	49	-100	-100
43	849	-100	-100
43	460	-100	-100
43	959	-100	-100
43	78	-100	-100
43	403	-100	-100
43	251	-100	-100
43	111	-100	-100
43	81	-100	-100
43	720	-100	-100
43	864	-100	-100
43	559	-100	-100
43	279	-100	-100
43	505	-100	-100
43	554	-100	-100
43	917	-100	-100
43	206	-100	-100
43	951	-100	-100
43	276	-100	-100
43	69	-100	-100
43	261	-100	-100
43	996	-100	-100
43	544	-100	-100
43	636	-100	-100
43	675	-100	-100
43	469	-100	-100
43	677	-100	-100
43	787	-100	-100
43	859	-100	-100
43	984	-100	-100
43	129	-100	-100
43	757	-100	-100
43	971	-100	-100
43	310	-100	-100
43	806	-100	-100
43	20	-100	-100
43	776	-100	-100
43	453	-100	-100
43	266	-100	-100
43	937	-100	-100
43	613	-100	-100
43	215	-100	-100
43	440	-100	-100
13	95	-100	-100
13	969	-100	-100
13	830	-100	-100
13	532	-100	-100
13	153	-100	-100
13	128	-100	-100
13	774	-100	-100
13	30	-100	-100
13	197	-100	-100
13	49	-100	-100
13	910	-100	-100
13	299	-100	-100
13	24	-100	-100
13	896	-100	-100
13	986	-100	-100
13	836	-100	-100
13	997	-100	-100
13	310	-100	-100
13	249	-100	-100
13	63	-100	-100
13	667	-100	-100
13	126	-100	-100
13	396	-100	-100
13	990	-100	-100
13	766	-100	-100
13	20	-100	-100
13	665	-100	-100
13	707	-100	-100
13	748	-100	-100
13	198	-100	-100
13	876	-100	-100
13	521	-100	-100
13	160	-100	-100
13	551	-100	-100
13	346	-100	-100
13	673	-100	-100
13	674	-100	-100
13	311	-100	-100
13	290	-100	-100
13	739	-100	-100
13	644	-100	-100
13	262	-100	-100
13	636	-100	-100
13	196	-100	-100
13	547	-100	-100
13	253	-100	-100
13	374	-100	-100
13	209	-100	-100
13	25	-100	-100
13	693	-100	-100
13	792	-100	-100
13	984	-100	-100
13	744	-100	-100
13	769	-100	-100
13	289	-100	-100
13	125	-100	-100
13	813	-100	-100
13	662	-100	-100
13	598	-100	-100
13	703	-100	-100
13	238	-100	-100
13	401	-100	-100
13	509	-100	-100
13	399	-100	-100
13	219	-100	-100
13	155	-100	-100
13	610	-100	-100
13	568	-100	-100
13	580	-100	-100
13	50	-100	-100
13	329	-100	-100
13	476	-100	-100
13	723	-100	-100
13	708	-100	-100
13	870	-100	-100
13	117	-100	-100
13	328	-100	-100
13	727	-100	-100
13	932	-100	-100
13	31	-100	-100
13	406	-100	-100
13	789	-100	-100
13	425	-100	-100
13	689	-100	-100
13	284	-100	-100
13	725	-100	-100
13	518	-100	-100
13	34	-100	-100
13	380	-100	-100
13	878	-100	-100
13	837	-100	-100
13	250	-100	-100
13	761	-100	-100
13	825	-100	-100
13	462	-100	-100
13	377	-100	-100
13	900	-100	-100
13	800	-100	-100
13	759	-100	-100
13	230	-100	-100
13	687	-100	-100
13	607	-100	-100
13	747	-100	-100
13	531	-100	-100
13	829	-100	-100
13	149	-100	-100
13	115	-100	-100
13	72	-100	-100
13	477	-100	-100
13	620	-100	-100
13	312	-100	-100
13	148	-100	-100
13	18	-100	-100
13	81	-100	-100
13	852	-100	-100
13	661	-100	-100
13	398	-100	-100
13	675	-100	-100
13	163	-100	-100
13	649	-100	-100
13	488	-100	-100
13	522	-100	-100
13	918	-100	-100
13	119	-100	-100
13	536	-100	-100
13	204	-100	-100
13	381	-100	-100
13	806	-100	-100
13	882	-100	-100
13	93	-100	-100
13	717	-100	-100
13	485	-100	-100
13	944	-100	-100
13	966	-100	-100
13	533	-100	-100
13	502	-100	-100
13	293	-100	-100
13	393	-100	-100
13	397	-100	-100
13	139	-100	-100
13	787	-100	-100
13	61	-100	-100
13	812	-100	-100
13	873	-100	-100
13	143	-100	-100
13	424	-100	-100
13	720	-100	-100
13	298	-100	-100
13	838	-100	-100
13	359	-100	-100
13	500	-100	-100
13	481	-100	-100
13	104	-100	-100
13	903	-100	-100
13	872	-100	-100
13	70	-100	-100
13	991	-100	-100
13	733	-100	-100
13	724	-100	-100
13	556	-100	-100
13	229	-100	-100
13	936	-100	-100
13	207	-100	-100
13	772	-100	-100
13	735	-100	-100
13	82	-100	-100
13	538	-100	-100
13	21	-100	-100
13	201	-100	-100
13	996	-100	-100
13	259	-100	-100
13	156	-100	-100
13	546	-100	-100
13	467	-100	-100
13	781	-100	-100
13	760	-100	-100
13	681	-100	-100
13	79	-100	-100
13	788	-100	-100
13	956	-100	-100
13	954	-100	-100
13	451	-100	-100
13	798	-100	-100
13	555	-100	-100
13	116	-100	-100
13	864	-100	-100
13	859	-100	-100
13	10	-100	-100
13	130	-100	-100
13	843	-100	-100
13	361	-100	-100
13	431	-100	-100
13	553	-100	-100
13	793	-100	-100
13	542	-100	-100
13	161	-100	-100
13	539	-100	-100
13	940	-100	-100
13	682	-100	-100
13	523	-100	-100
13	337	-100	-100
13	765	-100	-100
13	804	-100	-100
13	169	-100	-100
13	742	-100	-100
13	295	-100	-100
13	612	-100	-100
13	280	-100	-100
13	392	-100	-100
13	370	-100	-100
13	615	-100	-100
13	474	-100	-100
13	849	-100	-100
13	171	-100	-100
13	307	-100	-100
13	965	-100	-100
13	989	-100	-100
13	439	-100	-100
13	140	-100	-100
13	905	-100	-100
13	973	-100	-100
13	930	-100	-100
13	866	-100	-100
13	802	-100	-100
13	885	-100	-100
13	850	-100	-100
13	777	-100	-100
13	929	-100	-100
13	114	-100	-100
13	270	-100	-100
13	752	-100	-100
13	680	-100	-100
13	608	-100	-100
13	794	-100	-100
13	404	-100	-100
13	438	-100	-100
13	285	-100	-100
13	758	-100	-100
13	909	-100	-100
13	985	-100	-100
13	511	-100	-100
13	459	-100	-100
13	737	-100	-100
13	402	-100	-100
13	479	-100	-100
13	892	-100	-100
13	676	-100	-100
13	448	-100	-100
13	44	-100	-100
13	844	-100	-100
13	749	-100	-100
13	189	-100	-100
13	167	-100	-100
13	713	-100	-100
13	775	-100	-100
13	699	-100	-100
13	413	-100	-100
13	700	-100	-100
13	333	-100	-100
13	89	-100	-100
13	271	-100	-100
13	988	-100	-100
13	27	-100	-100
13	36	-100	-100
13	960	-100	-100
13	205	-100	-100
13	88	-100	-100
13	835	-100	-100
13	712	-100	-100
13	823	-100	-100
13	107	-100	-100
13	631	-100	-100
13	28	-100	-100
13	562	-100	-100
13	945	-100	-100
13	315	-100	-100
13	953	-100	-100
13	645	-100	-100
13	660	-100	-100
13	319	-100	-100
13	924	-100	-100
13	957	-100	-100
13	276	-100	-100
13	650	-100	-100
13	554	-100	-100
13	591	-100	-100
13	797	-100	-100
13	184	-100	-100
13	619	-100	-100
13	123	-100	-100
13	771	-100	-100
13	883	-100	-100
13	654	-100	-100
13	853	-100	-100
13	309	-100	-100
13	877	-100	-100
13	618	-100	-100
13	856	-100	-100
13	350	-100	-100
13	803	-100	-100
13	705	-100	-100
13	671	-100	-100
13	868	-100	-100
13	64	-100	-100
13	745	-100	-100
13	879	-100	-100
13	173	-100	-100
13	947	-100	-100
13	564	-100	-100
13	395	-100	-100
13	135	-100	-100
13	482	-100	-100
13	386	-100	-100
13	158	-100	-100
13	124	-100	-100
13	655	-100	-100
13	970	-100	-100
13	390	-100	-100
13	642	-100	-100
13	750	-100	-100
13	746	-100	-100
13	691	-100	-100
13	624	-100	-100
13	951	-100	-100
13	975	-100	-100
13	528	-100	-100
13	87	-100	-100
13	535	-100	-100
13	998	-100	-100
13	59	-100	-100
13	491	-100	-100
13	32	-100	-100
13	640	-100	-100
13	73	-100	-100
13	372	-100	-100
13	865	-100	-100
13	796	-100	-100
13	241	-100	-100
13	695	-100	-100
13	999	-100	-100
13	330	-100	-100
13	493	-100	-100
13	300	-100	-100
13	826	-100	-100
13	247	-100	-100
13	368	-100	-100
13	444	-100	-100
13	893	-100	-100
13	200	-100	-100
13	191	-100	-100
13	243	-100	-100
13	902	-100	-100
13	976	-100	-100
13	950	-100	-100
13	734	-100	-100
13	630	-100	-100
13	941	-100	-100
13	579	-100	-100
13	633	-100	-100
13	934	-100	-100
13	726	-100	-100
13	166	-100	-100
13	871	-100	-100
13	47	-100	-100
13	283	-100	-100
13	440	-100	-100
13	45	-100	-100
13	961	-100	-100
13	889	-100	-100
546	898	-100	-100
546	303	-100	-100
546	572	-100	-100
546	961	-100	-100
546	156	-100	-100
546	831	-100	-100
546	779	-100	-100
546	218	-100	-100
546	609	-100	-100
546	756	-100	-100
546	760	-100	-100
546	833	-100	-100
546	672	-100	-100
546	412	-100	-100
546	830	-100	-100
546	88	-100	-100
546	480	-100	-100
546	165	-100	-100
546	526	-100	-100
546	452	-100	-100
546	198	-100	-100
546	222	-100	-100
546	617	-100	-100
546	668	-100	-100
546	229	-100	-100
546	557	-100	-100
546	358	-100	-100
546	63	-100	-100
546	46	-100	-100
546	162	-100	-100
546	276	-100	-100
546	498	-100	-100
546	322	-100	-100
546	857	-100	-100
546	675	-100	-100
546	509	-100	-100
546	710	-100	-100
546	380	-100	-100
546	501	-100	-100
546	495	-100	-100
546	754	-100	-100
546	17	-100	-100
546	962	-100	-100
546	718	-100	-100
546	912	-100	-100
546	853	-100	-100
546	463	-100	-100
546	171	-100	-100
546	625	-100	-100
546	538	-100	-100
546	195	-100	-100
546	532	-100	-100
546	38	-100	-100
546	83	-100	-100
546	471	-100	-100
546	901	-100	-100
546	379	-100	-100
546	149	-100	-100
546	263	-100	-100
546	815	-100	-100
546	492	-100	-100
546	33	-100	-100
546	119	-100	-100
546	122	-100	-100
546	465	-100	-100
546	387	-100	-100
546	753	-100	-100
546	943	-100	-100
546	927	-100	-100
546	24	-100	-100
546	405	-100	-100
546	782	-100	-100
546	952	-100	-100
546	274	-100	-100
546	72	-100	-100
546	270	-100	-100
546	357	-100	-100
546	363	-100	-100
546	112	-100	-100
546	214	-100	-100
546	531	-100	-100
546	109	-100	-100
546	57	-100	-100
546	262	-100	-100
546	266	-100	-100
546	174	-100	-100
546	234	-100	-100
546	783	-100	-100
546	353	-100	-100
546	457	-100	-100
546	845	-100	-100
546	905	-100	-100
546	250	-100	-100
546	288	-100	-100
546	777	-100	-100
546	329	-100	-100
546	920	-100	-100
546	186	-100	-100
546	107	-100	-100
546	858	-100	-100
546	470	-100	-100
546	761	-100	-100
546	582	-100	-100
546	248	-100	-100
546	136	-100	-100
546	177	-100	-100
546	253	-100	-100
546	612	-100	-100
546	837	-100	-100
546	750	-100	-100
546	551	-100	-100
546	398	-100	-100
546	664	-100	-100
546	537	-100	-100
546	879	-100	-100
546	424	-100	-100
546	684	-100	-100
546	420	-100	-100
546	290	-100	-100
546	339	-100	-100
546	946	-100	-100
546	475	-100	-100
546	502	-100	-100
546	816	-100	-100
546	637	-100	-100
546	123	-100	-100
546	286	-100	-100
546	126	-100	-100
546	305	-100	-100
546	834	-100	-100
546	110	-100	-100
546	784	-100	-100
546	144	-100	-100
546	880	-100	-100
546	741	-100	-100
546	976	-100	-100
546	708	-100	-100
546	364	-100	-100
546	579	-100	-100
546	314	-100	-100
546	852	-100	-100
546	131	-100	-100
546	628	-100	-100
546	598	-100	-100
546	39	-100	-100
546	345	-100	-100
546	732	-100	-100
546	973	-100	-100
546	534	-100	-100
546	235	-100	-100
546	934	-100	-100
546	201	-100	-100
546	40	-100	-100
546	299	-100	-100
546	143	-100	-100
546	937	-100	-100
546	985	-100	-100
546	490	-100	-100
546	513	-100	-100
546	971	-100	-100
546	260	-100	-100
546	714	-100	-100
546	61	-100	-100
546	328	-100	-100
546	563	-100	-100
546	680	-100	-100
546	293	-100	-100
546	29	-100	-100
546	586	-100	-100
546	868	-100	-100
546	902	-100	-100
546	533	-100	-100
546	539	-100	-100
546	600	-100	-100
546	298	-100	-100
546	392	-100	-100
546	769	-100	-100
546	375	-100	-100
546	987	-100	-100
546	740	-100	-100
546	489	-100	-100
546	272	-100	-100
546	621	-100	-100
546	394	-100	-100
546	16	-100	-100
546	249	-100	-100
546	516	-100	-100
546	146	-100	-100
546	911	-100	-100
546	179	-100	-100
546	569	-100	-100
546	723	-100	-100
546	204	-100	-100
546	456	-100	-100
546	386	-100	-100
546	326	-100	-100
546	512	-100	-100
546	982	-100	-100
546	49	-100	-100
546	413	-100	-100
546	399	-100	-100
546	304	-100	-100
546	735	-100	-100
546	487	-100	-100
546	685	-100	-100
546	467	-100	-100
546	824	-100	-100
546	99	-100	-100
546	210	-100	-100
546	430	-100	-100
546	821	-100	-100
546	768	-100	-100
546	268	-100	-100
546	669	-100	-100
546	895	-100	-100
546	209	-100	-100
546	780	-100	-100
546	91	-100	-100
546	938	-100	-100
546	716	-100	-100
546	120	-100	-100
546	751	-100	-100
546	764	-100	-100
546	567	-100	-100
546	674	-100	-100
546	31	-100	-100
546	807	-100	-100
546	681	-100	-100
546	829	-100	-100
546	772	-100	-100
546	372	-100	-100
546	311	-100	-100
546	22	-100	-100
546	64	-100	-100
546	599	-100	-100
546	978	-100	-100
546	473	-100	-100
546	189	-100	-100
546	528	-100	-100
546	200	-100	-100
546	377	-100	-100
546	324	-100	-100
546	602	-100	-100
546	554	-100	-100
546	79	-100	-100
546	794	-100	-100
546	307	-100	-100
546	368	-100	-100
546	151	-100	-100
546	518	-100	-100
546	48	-100	-100
546	325	-100	-100
546	594	-100	-100
546	117	-100	-100
546	167	-100	-100
546	508	-100	-100
546	966	-100	-100
546	662	-100	-100
546	687	-100	-100
546	67	-100	-100
546	445	-100	-100
546	798	-100	-100
546	535	-100	-100
546	243	-100	-100
546	886	-100	-100
546	649	-100	-100
546	454	-100	-100
546	720	-100	-100
546	127	-100	-100
546	237	-100	-100
546	632	-100	-100
546	300	-100	-100
546	240	-100	-100
546	608	-100	-100
546	481	-100	-100
546	185	-100	-100
546	142	-100	-100
546	335	-100	-100
546	907	-100	-100
546	889	-100	-100
546	908	-100	-100
546	205	-100	-100
546	840	-100	-100
546	525	-100	-100
546	881	-100	-100
546	913	-100	-100
546	725	-100	-100
546	817	-100	-100
546	705	-100	-100
546	639	-100	-100
546	892	-100	-100
546	170	-100	-100
546	644	-100	-100
546	677	-100	-100
546	401	-100	-100
546	810	-100	-100
546	308	-100	-100
546	407	-100	-100
546	66	-100	-100
546	686	-100	-100
546	50	-100	-100
546	319	-100	-100
546	332	-100	-100
546	922	-100	-100
546	313	-100	-100
546	27	-100	-100
546	951	-100	-100
546	789	-100	-100
546	208	-100	-100
546	959	-100	-100
546	128	-100	-100
546	191	-100	-100
546	152	-100	-100
546	877	-100	-100
546	367	-100	-100
546	421	-100	-100
546	14	-100	-100
546	797	-100	-100
546	890	-100	-100
546	577	-100	-100
546	256	-100	-100
546	285	-100	-100
546	269	-100	-100
546	432	-100	-100
546	56	-100	-100
546	451	-100	-100
546	278	-100	-100
546	578	-100	-100
546	683	-100	-100
546	963	-100	-100
546	429	-100	-100
546	436	-100	-100
546	172	-100	-100
546	100	-100	-100
546	20	-100	-100
546	990	-100	-100
546	862	-100	-100
546	53	-100	-100
546	581	-100	-100
546	133	-100	-100
546	698	-100	-100
546	369	-100	-100
546	592	-100	-100
546	999	-100	-100
546	68	-100	-100
546	93	-100	-100
546	202	-100	-100
546	652	-100	-100
546	37	-100	-100
546	997	-100	-100
546	52	-100	-100
546	570	-100	-100
546	410	-100	-100
546	574	-100	-100
546	874	-100	-100
546	94	-100	-100
546	847	-100	-100
546	461	-100	-100
546	346	-100	-100
546	97	-100	-100
546	787	-100	-100
546	384	-100	-100
546	566	-100	-100
546	559	-100	-100
546	400	-100	-100
546	646	-100	-100
546	351	-100	-100
546	455	-100	-100
546	103	-100	-100
528	860	-100	-100
424	829	-100	-100
253	127	-100	-100
342	523	-100	-100
832	302	-100	-100
720	934	-100	-100
905	24	-100	-100
67	780	-100	-100
717	503	-100	-100
725	370	-100	-100
33	103	-100	-100
726	256	-100	-100
229	803	-100	-100
545	320	-100	-100
93	77	-100	-100
210	120	-100	-100
652	669	-100	-100
768	666	-100	-100
80	577	-100	-100
504	529	-100	-100
752	749	-100	-100
308	753	-100	-100
711	665	-100	-100
594	650	-100	-100
278	622	-100	-100
385	699	-100	-100
324	980	-100	-100
230	684	-100	-100
132	749	-100	-100
878	457	-100	-100
231	838	-100	-100
629	286	-100	-100
519	931	-100	-100
672	223	-100	-100
427	558	-100	-100
203	275	-100	-100
841	762	-100	-100
265	301	-100	-100
227	312	-100	-100
457	411	-100	-100
620	796	-100	-100
847	614	-100	-100
17	764	-100	-100
104	565	-100	-100
252	446	-100	-100
443	306	-100	-100
341	216	-100	-100
955	29	-100	-100
897	327	-100	-100
696	58	-100	-100
855	388	-100	-100
778	46	-100	-100
