1000
4712
2
1	2	9	3
1	3	3	7
1	4	1	7
1	5	9	8
1	6	5	7
1	7	10	9
1	8	8	2
1	9	10	6
1	10	9	8
1	11	4	7
1	12	10	4
1	13	1	2
1	14	10	2
1	15	10	7
1	16	6	7
1	17	10	4
1	18	7	10
1	19	5	6
1	20	1	5
1	21	7	9
1	22	2	5
1	23	1	8
1	24	4	6
1	25	1	5
1	26	5	1
1	27	9	8
1	28	1	4
1	29	9	10
1	30	7	3
1	31	6	3
1	32	9	8
1	33	4	3
1	34	5	3
1	35	9	8
1	36	1	3
1	37	8	10
1	38	7	8
1	39	2	4
1	40	4	8
1	41	3	2
1	42	1	9
1	43	3	1
1	44	3	6
1	45	9	4
1	46	2	1
1	47	2	4
1	48	9	8
1	49	3	5
1	50	5	7
1	51	10	8
1	52	7	5
1	53	5	2
1	54	4	2
1	55	2	9
1	56	3	5
1	57	4	9
1	58	5	4
1	59	3	5
1	60	3	4
1	61	3	4
1	62	1	8
1	63	2	6
1	64	7	4
1	65	6	10
1	66	2	4
1	67	10	9
1	68	6	5
1	69	8	5
1	70	3	5
1	71	9	7
1	72	6	5
2	73	6	3
2	74	5	3
2	75	7	5
2	76	7	8
2	77	1	5
2	78	6	10
2	79	1	6
3	80	9	8
3	81	8	2
3	82	2	9
3	83	6	2
3	84	9	7
3	85	2	4
3	86	6	7
3	87	4	7
3	88	7	10
3	89	6	10
3	90	6	10
3	91	3	1
3	92	1	10
3	93	5	9
3	94	7	3
3	95	4	7
3	96	1	4
3	97	7	6
3	98	3	5
3	99	6	8
3	100	4	1
3	101	5	2
3	102	5	4
3	103	2	1
3	104	5	2
3	105	7	4
3	106	8	1
3	107	4	9
3	108	5	7
3	109	2	4
3	110	9	2
3	111	1	8
3	112	2	6
3	113	7	3
3	114	1	3
3	115	6	1
3	116	5	4
3	117	1	7
3	118	6	4
3	119	1	5
3	120	4	2
3	121	1	4
3	122	7	5
3	123	8	9
3	124	7	9
3	125	2	9
3	126	9	8
3	127	3	4
3	128	10	3
3	129	8	10
3	130	5	7
3	131	1	5
3	132	9	4
3	133	4	3
3	134	5	8
3	135	6	4
3	136	2	9
3	137	3	6
3	138	10	7
3	139	3	9
3	140	5	4
3	141	9	6
3	142	5	10
3	143	4	7
3	144	10	9
3	145	4	6
3	146	6	4
3	147	10	2
3	148	1	6
3	149	7	6
3	150	4	10
3	151	1	7
3	152	9	2
3	153	4	9
3	154	2	1
3	155	4	5
3	156	10	6
3	157	3	7
3	158	9	4
3	159	9	7
3	160	5	8
3	161	3	5
3	162	2	1
3	163	8	7
3	164	5	2
3	165	9	8
3	166	6	2
3	167	3	9
3	168	5	1
3	169	9	5
4	170	2	6
4	171	2	4
4	172	6	4
4	173	8	10
4	174	6	4
4	175	7	5
4	176	2	8
4	177	1	8
4	178	1	8
4	179	3	4
4	180	5	1
4	181	6	8
4	182	10	6
4	183	10	7
4	184	9	3
4	185	4	3
4	186	9	4
4	187	1	5
4	188	8	3
4	189	2	5
4	190	6	5
4	191	9	2
4	192	5	7
4	193	3	2
4	194	3	2
4	195	2	1
4	196	2	10
4	197	1	6
4	198	9	3
4	199	5	3
4	200	7	2
4	201	8	10
4	202	7	4
4	203	1	3
4	204	2	1
4	205	2	4
5	206	8	1
5	207	10	5
5	208	7	4
5	209	2	10
5	210	1	4
5	211	4	7
5	212	8	10
5	213	5	4
5	214	9	3
5	215	6	8
5	216	10	9
5	217	8	10
5	218	7	8
5	219	1	4
5	220	4	7
5	221	9	8
5	222	5	7
5	223	8	7
5	224	8	2
5	225	9	5
5	226	2	4
5	227	3	4
5	228	1	7
5	229	7	3
5	230	8	2
5	231	7	8
5	232	4	1
5	233	5	10
5	234	9	4
5	235	3	5
5	236	5	10
5	237	6	3
5	238	9	4
5	239	8	7
5	240	8	3
5	241	9	4
5	242	8	4
5	243	4	2
5	244	9	1
5	245	7	3
5	246	7	1
5	33	9	5
5	247	6	4
5	248	2	1
5	249	2	4
5	250	6	5
5	251	9	2
5	252	6	4
5	253	4	5
5	254	8	10
5	255	2	6
5	256	7	2
5	257	9	5
5	258	2	4
5	259	3	8
5	260	1	6
5	261	5	10
5	262	5	2
5	263	3	10
5	264	4	1
5	265	7	4
5	266	8	10
5	267	3	8
5	268	7	1
5	269	1	8
5	270	1	5
5	271	1	5
5	272	9	6
5	273	9	7
5	274	6	1
5	275	3	9
5	276	4	1
5	277	2	3
5	278	6	2
5	279	3	4
5	280	8	5
5	281	1	7
5	282	2	8
5	283	7	6
5	284	2	3
5	285	1	5
5	286	3	10
5	287	8	7
6	288	9	8
6	289	3	9
6	290	7	6
6	291	10	3
6	292	1	2
6	293	9	6
6	294	5	9
6	295	2	8
6	296	7	6
6	297	3	1
6	298	8	3
6	299	2	4
6	300	10	9
6	301	1	6
6	302	9	10
6	303	5	7
6	304	7	8
6	305	10	9
6	306	3	5
6	307	3	6
6	308	6	3
6	309	6	5
6	310	2	5
6	311	2	3
6	312	1	8
6	313	9	1
6	314	6	8
6	315	6	2
6	316	1	6
6	317	5	7
6	318	4	8
6	319	2	4
6	320	6	9
6	321	8	2
6	322	3	10
6	323	7	4
6	324	8	4
6	325	8	4
6	326	7	4
6	327	6	8
6	328	6	5
6	329	1	8
6	330	9	8
6	8	10	3
6	331	5	9
6	332	3	2
6	333	2	3
6	334	5	2
6	335	3	2
6	336	4	7
6	337	2	9
6	10	5	8
6	338	8	9
6	339	8	1
6	340	1	7
6	341	7	10
6	342	4	1
6	343	1	9
6	344	2	5
6	345	8	6
6	346	5	9
6	347	4	2
6	348	1	5
6	349	7	2
6	350	1	7
6	351	8	7
6	14	6	8
6	352	7	6
6	353	9	7
6	354	10	6
6	355	2	8
6	356	7	6
6	357	1	3
6	358	10	5
6	179	1	2
6	359	2	4
6	360	2	4
6	361	4	7
6	362	2	4
6	363	3	5
6	364	8	6
6	239	8	2
6	365	7	1
6	366	7	10
6	367	7	6
6	368	5	2
6	369	9	1
6	22	6	9
6	370	2	4
6	371	7	5
6	372	3	4
6	373	10	5
6	374	6	9
6	375	3	8
6	376	7	2
6	377	8	10
6	378	10	1
6	379	7	9
6	380	6	1
6	381	8	4
6	382	10	5
6	383	5	7
6	384	6	5
6	242	7	6
6	385	5	4
6	386	1	7
6	387	5	6
6	388	10	2
6	389	2	8
6	390	1	6
6	391	2	9
6	33	4	3
6	392	2	3
6	393	8	4
6	394	7	6
6	395	2	8
6	396	10	7
6	397	8	7
6	398	8	7
6	399	10	5
6	400	5	3
6	401	9	10
6	402	10	8
6	403	10	1
6	404	4	3
6	405	6	10
6	406	2	6
6	407	2	1
6	408	3	9
6	42	9	5
6	409	5	2
6	410	7	8
6	411	5	7
6	412	1	5
6	413	8	5
6	414	8	4
6	415	9	2
6	416	2	1
6	43	8	10
6	417	9	8
6	418	5	8
6	419	7	10
6	420	7	6
6	421	6	10
6	422	10	1
6	423	4	10
6	424	3	1
6	425	1	7
6	426	10	1
6	427	10	5
6	428	2	6
6	429	5	10
6	430	10	8
6	431	9	4
6	432	8	1
6	433	5	10
6	434	8	3
6	435	8	9
6	436	3	8
6	437	7	3
6	438	5	10
6	439	3	9
6	440	8	6
6	441	5	8
6	442	8	4
6	443	2	10
6	444	10	3
6	445	4	1
6	446	6	2
6	447	4	8
6	448	6	2
6	449	9	2
6	450	6	5
6	451	5	8
7	452	2	10
7	453	1	9
7	454	4	3
7	455	3	6
7	456	9	6
7	457	2	5
7	458	2	9
7	459	8	1
7	460	9	3
7	461	5	8
7	462	4	5
7	463	10	5
7	464	6	8
7	33	10	5
7	465	1	2
7	466	8	10
7	467	1	8
7	56	7	2
7	468	9	8
7	469	10	7
7	470	8	4
7	471	2	7
8	472	7	9
8	473	4	1
8	474	2	9
8	475	4	7
8	476	9	10
8	477	7	1
8	478	8	3
8	479	3	2
8	480	9	4
8	481	7	1
8	482	10	5
8	483	8	3
8	484	8	6
8	485	5	2
8	486	3	8
8	487	8	3
8	488	5	3
8	489	9	1
8	490	3	10
8	491	6	4
8	492	2	1
8	493	1	10
8	494	2	8
8	221	3	1
8	495	6	10
8	496	10	6
8	497	8	1
8	498	4	7
8	499	10	7
8	500	5	4
8	501	4	6
8	502	9	1
8	503	4	2
8	504	5	7
8	505	7	4
8	506	1	3
8	507	8	3
8	508	8	1
8	509	9	4
8	510	9	7
8	511	7	3
8	512	7	10
8	13	8	7
8	513	6	7
8	514	1	7
8	515	8	9
8	516	5	8
8	517	7	6
8	518	2	3
8	356	8	9
8	519	8	3
8	520	6	8
8	521	3	9
8	522	8	3
8	523	7	4
8	524	9	1
8	525	2	8
8	526	1	9
8	527	10	6
8	528	3	9
8	529	9	7
8	530	2	5
8	531	2	9
8	532	3	2
8	533	1	8
8	534	2	4
8	535	6	9
8	536	3	4
8	373	8	7
8	537	9	3
8	538	2	7
8	539	10	4
8	540	10	5
8	541	6	8
8	542	8	9
8	543	7	2
8	544	6	5
8	545	5	4
8	546	1	3
8	244	4	10
8	547	7	3
8	548	7	3
8	549	7	9
8	550	4	8
8	551	5	4
8	552	5	1
8	553	7	6
8	554	5	7
8	555	8	10
8	556	2	6
8	557	2	6
8	558	4	10
8	559	8	2
8	560	3	9
8	400	6	2
8	561	10	8
8	562	4	3
8	563	3	2
8	564	2	6
8	565	8	10
8	566	10	6
8	567	3	2
8	568	8	2
8	569	8	7
8	570	1	4
8	571	3	8
8	572	1	2
8	573	9	10
8	574	9	4
8	575	10	5
8	255	3	6
8	576	4	7
8	577	3	10
8	578	5	8
8	579	6	3
8	580	7	4
8	581	6	7
8	582	9	10
8	583	10	7
8	584	5	7
8	585	3	8
8	586	4	9
8	587	6	5
8	588	2	6
8	423	7	9
8	589	1	7
8	590	8	5
8	591	10	3
8	592	9	10
8	593	10	6
8	594	4	8
8	595	8	6
8	596	3	4
8	597	6	3
8	598	6	9
8	599	1	5
8	600	3	5
8	601	10	9
8	602	3	7
8	603	5	2
8	604	5	9
8	605	8	3
8	606	8	5
8	607	1	9
8	608	1	8
8	609	9	6
8	610	10	2
8	611	2	1
8	55	1	10
8	612	9	3
8	613	3	10
8	614	7	2
8	615	1	2
8	616	2	7
8	617	4	2
8	618	6	9
8	60	7	5
8	619	3	6
8	620	2	9
8	621	10	1
8	622	1	10
8	623	9	5
8	624	6	2
8	625	3	8
8	626	10	5
8	627	9	7
8	628	8	7
8	629	1	9
8	69	6	2
8	630	7	2
8	631	10	1
9	632	2	8
9	633	4	7
9	634	8	1
9	635	1	10
9	636	1	4
9	637	9	4
9	638	7	5
9	639	7	10
9	640	8	5
9	641	6	4
9	642	9	4
9	643	8	9
9	644	7	4
9	645	5	2
9	646	3	10
9	647	9	1
9	648	5	3
9	649	2	1
9	650	9	5
9	651	9	1
9	652	9	10
9	653	5	6
9	654	10	6
9	655	4	6
9	656	4	1
9	657	10	6
9	658	7	2
9	659	4	1
9	660	1	5
9	661	7	5
9	662	8	4
9	663	1	9
9	664	9	5
9	665	8	5
9	666	5	7
9	667	5	4
9	668	9	5
9	669	3	2
9	670	10	3
9	671	2	4
9	672	9	7
9	673	7	3
9	674	9	1
9	675	9	2
9	676	10	9
9	677	10	3
9	678	8	5
9	679	7	3
9	680	1	7
9	681	9	2
9	682	7	4
9	683	3	8
9	684	6	1
9	685	1	5
9	686	4	1
9	172	3	7
9	687	10	9
9	688	8	7
9	689	8	7
9	690	10	5
9	691	3	2
9	692	3	7
9	693	4	5
9	694	4	6
9	695	4	5
9	696	6	2
9	697	2	10
9	698	4	9
9	699	4	3
9	700	6	5
9	701	2	4
9	702	9	2
9	703	6	4
9	704	2	6
9	705	5	3
9	706	9	1
9	707	7	4
9	708	6	1
9	709	10	2
9	710	5	8
9	711	6	4
9	712	1	10
9	713	1	4
9	714	6	7
9	715	10	7
9	716	9	8
9	717	7	2
9	718	10	9
9	719	4	10
9	720	6	2
9	721	3	4
9	722	2	9
9	723	8	7
9	724	9	3
9	725	8	3
9	726	8	3
9	727	5	2
9	728	7	5
9	495	7	5
9	729	6	3
9	730	2	10
9	731	5	4
9	732	10	4
9	733	7	5
9	734	1	8
9	735	2	7
9	736	1	6
9	737	6	2
9	738	4	3
9	739	8	1
9	740	1	9
9	741	2	4
9	742	3	9
9	743	9	6
9	744	6	7
9	745	7	10
9	746	6	9
9	747	1	7
9	748	6	2
9	749	8	2
9	750	5	9
9	751	3	4
9	752	4	7
9	753	8	10
9	754	7	5
9	755	6	1
9	756	9	2
9	757	2	9
9	758	7	4
9	759	10	4
9	502	10	9
9	760	1	6
9	761	2	3
9	762	2	8
9	763	10	7
9	764	5	10
9	765	2	8
9	766	8	6
9	767	3	9
9	768	1	3
9	769	9	1
9	770	2	8
9	771	8	6
9	772	7	5
9	773	10	8
9	774	2	5
9	775	2	4
9	776	6	4
9	777	10	3
9	778	9	3
9	779	2	7
9	780	9	7
9	336	4	2
9	781	3	4
9	782	6	7
9	783	6	8
9	784	4	8
9	785	3	9
9	786	8	4
9	787	2	9
9	788	8	6
9	789	6	5
9	790	5	8
9	791	2	7
9	792	7	1
9	793	8	7
9	794	3	8
9	795	10	3
9	796	5	4
9	797	7	10
9	798	3	10
9	799	4	2
9	800	2	1
9	801	7	3
9	802	10	6
9	803	8	4
9	804	5	4
9	805	8	6
9	806	6	3
9	807	5	6
9	808	3	8
9	809	4	8
9	810	7	1
9	811	6	2
9	812	7	5
9	813	10	3
9	814	10	1
9	815	7	10
9	816	4	7
9	817	3	1
9	818	10	8
9	819	5	6
9	820	6	5
9	821	5	7
9	822	9	1
9	823	9	6
9	233	5	7
9	824	1	6
9	825	2	8
9	517	10	1
9	826	2	3
9	827	1	9
9	828	5	6
9	829	1	3
9	830	4	7
9	831	7	9
9	832	7	6
9	833	5	6
9	834	5	1
9	835	5	2
9	836	5	4
9	837	3	9
9	838	1	2
9	839	4	9
9	840	7	3
9	841	4	3
9	842	9	5
9	843	1	8
9	844	2	9
9	845	1	8
9	846	6	1
9	847	6	4
9	848	2	3
9	849	5	1
9	850	2	8
9	851	10	8
9	852	3	2
9	853	7	2
9	854	3	10
9	855	9	5
9	856	2	4
9	857	5	9
9	858	8	4
9	859	9	10
9	860	8	3
9	861	8	10
9	862	3	10
9	863	6	4
9	864	4	9
9	239	1	2
9	865	9	1
9	866	4	8
9	867	10	1
9	868	4	2
9	869	3	6
9	870	5	2
9	871	5	6
9	872	6	2
9	873	7	3
9	874	4	9
9	875	5	8
9	876	4	7
9	877	9	7
9	878	6	7
9	879	7	5
9	880	4	9
9	881	1	3
9	882	4	5
9	883	2	7
9	884	6	9
9	885	2	1
9	886	6	9
9	887	1	6
9	888	2	9
9	889	9	5
9	890	7	8
9	891	8	4
9	892	6	9
9	893	6	9
9	894	9	3
9	895	6	9
9	896	8	2
9	897	2	3
9	898	1	9
9	899	2	7
9	900	3	9
9	901	2	5
9	902	10	7
9	903	4	7
9	904	4	9
9	905	4	1
9	906	2	4
9	907	8	10
9	908	9	7
9	909	3	8
9	910	2	5
9	911	1	3
9	912	3	9
9	242	10	3
9	913	1	3
9	914	2	6
9	915	1	6
9	916	4	8
9	917	2	7
9	918	3	10
9	919	2	3
9	920	5	7
9	921	8	10
9	922	2	9
9	923	1	8
9	924	4	5
9	925	9	8
9	926	5	2
9	927	9	10
9	928	4	5
9	929	5	3
9	930	6	10
9	931	7	2
9	932	2	6
9	933	3	6
9	934	4	8
9	33	9	6
9	935	1	3
9	936	8	5
9	937	4	3
9	938	2	4
9	939	8	9
9	940	8	1
9	941	3	8
9	942	6	2
9	943	2	4
9	944	10	9
9	945	10	1
9	946	6	10
9	947	10	9
9	948	6	5
9	949	7	2
9	950	7	2
9	951	4	6
9	952	3	8
9	953	8	1
9	954	8	3
9	955	6	1
9	956	3	7
9	957	3	7
9	958	8	3
9	959	2	6
9	960	2	3
9	961	10	8
9	962	1	4
9	963	10	1
9	964	9	10
9	965	7	6
9	966	7	1
9	967	8	5
9	968	1	6
9	969	7	5
9	970	1	7
9	971	5	8
9	972	5	10
9	973	7	2
9	974	1	5
9	975	2	5
9	976	4	6
9	977	3	10
9	978	7	9
9	979	9	2
9	980	6	1
9	981	10	3
9	982	4	9
9	983	2	6
9	984	3	10
9	255	3	9
9	985	1	4
9	986	9	2
9	987	4	2
9	988	2	8
9	989	6	9
9	990	6	9
9	991	10	4
9	992	1	8
9	993	3	8
9	994	3	6
9	995	2	10
9	996	7	10
9	997	4	5
9	998	3	4
9	999	8	6
9	1000	10	8
6	868	-100	-100
9	135	-100	-100
9	259	-100	-100
9	496	-100	-100
9	241	-100	-100
9	595	-100	-100
9	630	-100	-100
9	402	-100	-100
9	68	-100	-100
9	342	-100	-100
9	571	-100	-100
9	491	-100	-100
9	238	-100	-100
9	480	-100	-100
9	616	-100	-100
9	96	-100	-100
9	589	-100	-100
9	453	-100	-100
9	22	-100	-100
9	381	-100	-100
9	297	-100	-100
9	612	-100	-100
9	590	-100	-100
9	410	-100	-100
9	578	-100	-100
9	176	-100	-100
9	455	-100	-100
9	160	-100	-100
9	542	-100	-100
9	397	-100	-100
9	372	-100	-100
9	177	-100	-100
9	506	-100	-100
9	235	-100	-100
9	53	-100	-100
9	92	-100	-100
9	511	-100	-100
9	270	-100	-100
9	197	-100	-100
9	524	-100	-100
9	427	-100	-100
9	487	-100	-100
9	575	-100	-100
9	395	-100	-100
9	54	-100	-100
9	218	-100	-100
9	322	-100	-100
9	332	-100	-100
9	132	-100	-100
9	566	-100	-100
9	345	-100	-100
9	60	-100	-100
9	257	-100	-100
9	605	-100	-100
9	52	-100	-100
9	482	-100	-100
9	413	-100	-100
9	583	-100	-100
9	192	-100	-100
9	193	-100	-100
9	125	-100	-100
9	305	-100	-100
9	567	-100	-100
9	167	-100	-100
9	421	-100	-100
9	207	-100	-100
9	249	-100	-100
9	315	-100	-100
9	230	-100	-100
9	10	-100	-100
9	423	-100	-100
9	26	-100	-100
9	205	-100	-100
9	29	-100	-100
9	382	-100	-100
9	436	-100	-100
9	411	-100	-100
9	115	-100	-100
9	150	-100	-100
9	391	-100	-100
9	243	-100	-100
9	232	-100	-100
9	281	-100	-100
9	41	-100	-100
9	229	-100	-100
9	296	-100	-100
9	128	-100	-100
9	271	-100	-100
9	290	-100	-100
9	101	-100	-100
9	361	-100	-100
9	450	-100	-100
9	470	-100	-100
9	586	-100	-100
9	262	-100	-100
9	196	-100	-100
9	460	-100	-100
9	387	-100	-100
9	98	-100	-100
9	386	-100	-100
9	210	-100	-100
9	346	-100	-100
9	536	-100	-100
9	175	-100	-100
9	82	-100	-100
9	601	-100	-100
9	513	-100	-100
9	69	-100	-100
9	311	-100	-100
9	295	-100	-100
9	216	-100	-100
9	123	-100	-100
9	185	-100	-100
9	299	-100	-100
9	340	-100	-100
9	143	-100	-100
9	456	-100	-100
9	57	-100	-100
9	37	-100	-100
9	317	-100	-100
9	472	-100	-100
9	126	-100	-100
9	441	-100	-100
9	31	-100	-100
9	260	-100	-100
9	178	-100	-100
9	549	-100	-100
9	465	-100	-100
9	580	-100	-100
9	579	-100	-100
9	227	-100	-100
9	448	-100	-100
9	308	-100	-100
9	512	-100	-100
9	385	-100	-100
9	274	-100	-100
9	467	-100	-100
9	256	-100	-100
9	209	-100	-100
9	310	-100	-100
9	488	-100	-100
9	268	-100	-100
9	459	-100	-100
9	102	-100	-100
9	611	-100	-100
9	97	-100	-100
9	484	-100	-100
9	435	-100	-100
9	437	-100	-100
9	113	-100	-100
9	335	-100	-100
9	107	-100	-100
9	67	-100	-100
9	46	-100	-100
9	587	-100	-100
9	55	-100	-100
9	629	-100	-100
9	525	-100	-100
9	447	-100	-100
9	208	-100	-100
9	466	-100	-100
9	334	-100	-100
9	74	-100	-100
9	364	-100	-100
9	50	-100	-100
9	396	-100	-100
9	137	-100	-100
9	440	-100	-100
9	133	-100	-100
9	267	-100	-100
9	550	-100	-100
9	301	-100	-100
9	514	-100	-100
9	493	-100	-100
9	292	-100	-100
9	116	-100	-100
9	269	-100	-100
9	159	-100	-100
9	119	-100	-100
9	70	-100	-100
9	331	-100	-100
9	329	-100	-100
9	388	-100	-100
9	151	-100	-100
9	246	-100	-100
9	532	-100	-100
9	489	-100	-100
9	368	-100	-100
9	353	-100	-100
9	593	-100	-100
9	415	-100	-100
9	383	-100	-100
9	412	-100	-100
9	21	-100	-100
9	24	-100	-100
9	250	-100	-100
9	285	-100	-100
9	540	-100	-100
9	485	-100	-100
9	4	-100	-100
9	169	-100	-100
9	302	-100	-100
9	606	-100	-100
9	558	-100	-100
9	195	-100	-100
6	560	-100	-100
6	714	-100	-100
6	746	-100	-100
6	955	-100	-100
6	101	-100	-100
6	621	-100	-100
6	202	-100	-100
6	168	-100	-100
6	253	-100	-100
6	515	-100	-100
6	157	-100	-100
6	180	-100	-100
6	539	-100	-100
6	167	-100	-100
6	241	-100	-100
6	586	-100	-100
6	652	-100	-100
6	818	-100	-100
6	958	-100	-100
6	258	-100	-100
6	800	-100	-100
6	134	-100	-100
6	534	-100	-100
6	735	-100	-100
6	861	-100	-100
6	138	-100	-100
6	562	-100	-100
6	46	-100	-100
6	635	-100	-100
6	732	-100	-100
6	874	-100	-100
6	255	-100	-100
6	102	-100	-100
6	284	-100	-100
6	147	-100	-100
6	574	-100	-100
6	149	-100	-100
6	48	-100	-100
6	203	-100	-100
6	52	-100	-100
6	257	-100	-100
6	260	-100	-100
6	550	-100	-100
6	939	-100	-100
6	508	-100	-100
6	673	-100	-100
6	540	-100	-100
6	53	-100	-100
6	95	-100	-100
6	762	-100	-100
6	57	-100	-100
6	573	-100	-100
6	611	-100	-100
6	216	-100	-100
6	758	-100	-100
6	212	-100	-100
6	871	-100	-100
6	476	-100	-100
6	5	-100	-100
6	940	-100	-100
6	835	-100	-100
6	920	-100	-100
6	821	-100	-100
6	516	-100	-100
6	454	-100	-100
6	641	-100	-100
6	598	-100	-100
6	547	-100	-100
6	34	-100	-100
6	198	-100	-100
6	92	-100	-100
6	238	-100	-100
6	941	-100	-100
6	896	-100	-100
6	589	-100	-100
6	688	-100	-100
6	755	-100	-100
6	596	-100	-100
6	47	-100	-100
6	259	-100	-100
6	952	-100	-100
6	985	-100	-100
6	502	-100	-100
6	531	-100	-100
6	907	-100	-100
6	934	-100	-100
6	984	-100	-100
6	68	-100	-100
6	745	-100	-100
6	247	-100	-100
6	3	-100	-100
6	904	-100	-100
6	881	-100	-100
6	530	-100	-100
6	802	-100	-100
6	683	-100	-100
6	190	-100	-100
6	120	-100	-100
6	767	-100	-100
6	595	-100	-100
6	636	-100	-100
6	577	-100	-100
6	772	-100	-100
6	817	-100	-100
6	650	-100	-100
6	891	-100	-100
6	159	-100	-100
6	983	-100	-100
6	727	-100	-100
6	759	-100	-100
6	886	-100	-100
6	181	-100	-100
6	36	-100	-100
6	114	-100	-100
6	44	-100	-100
6	791	-100	-100
6	131	-100	-100
6	196	-100	-100
6	895	-100	-100
6	599	-100	-100
6	645	-100	-100
6	171	-100	-100
6	929	-100	-100
6	908	-100	-100
6	942	-100	-100
6	452	-100	-100
6	220	-100	-100
6	79	-100	-100
6	41	-100	-100
6	498	-100	-100
6	505	-100	-100
6	467	-100	-100
6	507	-100	-100
6	995	-100	-100
6	931	-100	-100
6	128	-100	-100
6	839	-100	-100
6	105	-100	-100
6	191	-100	-100
6	151	-100	-100
6	761	-100	-100
6	770	-100	-100
6	262	-100	-100
6	578	-100	-100
6	617	-100	-100
6	988	-100	-100
6	456	-100	-100
6	624	-100	-100
6	522	-100	-100
6	164	-100	-100
6	633	-100	-100
6	129	-100	-100
6	229	-100	-100
6	913	-100	-100
6	582	-100	-100
6	911	-100	-100
6	564	-100	-100
6	580	-100	-100
6	859	-100	-100
6	544	-100	-100
6	903	-100	-100
6	60	-100	-100
6	268	-100	-100
6	691	-100	-100
6	527	-100	-100
6	956	-100	-100
6	626	-100	-100
6	591	-100	-100
6	194	-100	-100
6	183	-100	-100
6	612	-100	-100
6	703	-100	-100
6	837	-100	-100
6	483	-100	-100
6	583	-100	-100
6	915	-100	-100
6	628	-100	-100
6	76	-100	-100
6	529	-100	-100
6	842	-100	-100
6	873	-100	-100
6	614	-100	-100
6	554	-100	-100
6	82	-100	-100
6	660	-100	-100
6	509	-100	-100
6	558	-100	-100
6	702	-100	-100
6	35	-100	-100
6	177	-100	-100
6	543	-100	-100
6	668	-100	-100
6	492	-100	-100
6	62	-100	-100
6	828	-100	-100
6	173	-100	-100
6	123	-100	-100
6	536	-100	-100
6	51	-100	-100
6	795	-100	-100
6	760	-100	-100
6	29	-100	-100
6	629	-100	-100
6	655	-100	-100
6	479	-100	-100
6	127	-100	-100
6	144	-100	-100
6	846	-100	-100
6	541	-100	-100
6	742	-100	-100
6	816	-100	-100
6	686	-100	-100
6	218	-100	-100
6	13	-100	-100
6	230	-100	-100
6	658	-100	-100
6	994	-100	-100
6	967	-100	-100
6	879	-100	-100
6	474	-100	-100
6	232	-100	-100
6	807	-100	-100
6	951	-100	-100
6	779	-100	-100
6	836	-100	-100
6	924	-100	-100
6	572	-100	-100
6	845	-100	-100
6	638	-100	-100
6	740	-100	-100
6	124	-100	-100
6	968	-100	-100
6	545	-100	-100
6	919	-100	-100
6	730	-100	-100
6	146	-100	-100
6	84	-100	-100
6	867	-100	-100
6	663	-100	-100
6	950	-100	-100
6	806	-100	-100
6	571	-100	-100
6	226	-100	-100
6	675	-100	-100
6	998	-100	-100
6	695	-100	-100
6	659	-100	-100
6	687	-100	-100
6	785	-100	-100
6	696	-100	-100
6	16	-100	-100
6	27	-100	-100
6	947	-100	-100
6	551	-100	-100
6	521	-100	-100
6	775	-100	-100
6	937	-100	-100
6	244	-100	-100
6	585	-100	-100
6	38	-100	-100
6	90	-100	-100
6	118	-100	-100
6	201	-100	-100
6	631	-100	-100
6	878	-100	-100
6	477	-100	-100
6	670	-100	-100
6	917	-100	-100
6	69	-100	-100
6	923	-100	-100
6	964	-100	-100
6	141	-100	-100
6	510	-100	-100
6	731	-100	-100
6	965	-100	-100
6	150	-100	-100
6	473	-100	-100
6	602	-100	-100
6	764	-100	-100
6	981	-100	-100
6	692	-100	-100
6	56	-100	-100
6	182	-100	-100
6	857	-100	-100
6	901	-100	-100
6	847	-100	-100
6	834	-100	-100
6	285	-100	-100
6	287	-100	-100
6	674	-100	-100
6	59	-100	-100
6	748	-100	-100
6	736	-100	-100
6	143	-100	-100
6	542	-100	-100
6	154	-100	-100
6	2	-100	-100
6	236	-100	-100
6	854	-100	-100
6	1000	-100	-100
6	953	-100	-100
6	615	-100	-100
6	72	-100	-100
6	843	-100	-100
6	486	-100	-100
6	866	-100	-100
6	458	-100	-100
6	973	-100	-100
6	49	-100	-100
6	584	-100	-100
6	193	-100	-100
6	982	-100	-100
6	587	-100	-100
6	657	-100	-100
6	889	-100	-100
6	276	-100	-100
6	811	-100	-100
6	916	-100	-100
6	747	-100	-100
6	909	-100	-100
6	86	-100	-100
6	656	-100	-100
6	517	-100	-100
6	237	-100	-100
6	83	-100	-100
6	776	-100	-100
6	235	-100	-100
6	210	-100	-100
6	970	-100	-100
6	7	-100	-100
6	566	-100	-100
6	728	-100	-100
6	223	-100	-100
6	281	-100	-100
6	140	-100	-100
6	757	-100	-100
6	603	-100	-100
6	743	-100	-100
6	689	-100	-100
6	642	-100	-100
6	969	-100	-100
6	24	-100	-100
6	999	-100	-100
6	790	-100	-100
6	733	-100	-100
6	600	-100	-100
6	765	-100	-100
6	455	-100	-100
6	504	-100	-100
6	40	-100	-100
6	209	-100	-100
6	862	-100	-100
6	962	-100	-100
6	490	-100	-100
6	783	-100	-100
6	824	-100	-100
6	719	-100	-100
6	773	-100	-100
6	899	-100	-100
6	744	-100	-100
6	665	-100	-100
6	39	-100	-100
6	222	-100	-100
6	883	-100	-100
6	45	-100	-100
6	925	-100	-100
6	607	-100	-100
6	885	-100	-100
6	677	-100	-100
6	98	-100	-100
6	972	-100	-100
6	178	-100	-100
6	126	-100	-100
6	853	-100	-100
6	751	-100	-100
6	37	-100	-100
6	710	-100	-100
6	67	-100	-100
6	726	-100	-100
6	249	-100	-100
6	974	-100	-100
6	532	-100	-100
6	788	-100	-100
6	627	-100	-100
6	721	-100	-100
6	93	-100	-100
6	88	-100	-100
6	630	-100	-100
6	986	-100	-100
6	826	-100	-100
6	987	-100	-100
6	100	-100	-100
6	798	-100	-100
6	15	-100	-100
6	110	-100	-100
6	250	-100	-100
6	709	-100	-100
6	176	-100	-100
6	256	-100	-100
6	472	-100	-100
6	187	-100	-100
6	482	-100	-100
6	485	-100	-100
6	701	-100	-100
6	654	-100	-100
6	914	-100	-100
6	865	-100	-100
6	225	-100	-100
8	709	-100	-100
8	241	-100	-100
8	399	-100	-100
8	447	-100	-100
8	76	-100	-100
8	713	-100	-100
8	74	-100	-100
8	234	-100	-100
8	446	-100	-100
8	443	-100	-100
8	131	-100	-100
8	936	-100	-100
8	300	-100	-100
8	970	-100	-100
8	194	-100	-100
8	271	-100	-100
8	397	-100	-100
8	703	-100	-100
8	12	-100	-100
8	167	-100	-100
8	784	-100	-100
8	873	-100	-100
8	734	-100	-100
8	868	-100	-100
8	994	-100	-100
8	673	-100	-100
8	107	-100	-100
8	450	-100	-100
8	80	-100	-100
8	807	-100	-100
8	58	-100	-100
8	730	-100	-100
8	37	-100	-100
8	277	-100	-100
8	756	-100	-100
8	682	-100	-100
8	755	-100	-100
8	706	-100	-100
8	75	-100	-100
8	752	-100	-100
8	279	-100	-100
8	142	-100	-100
8	953	-100	-100
8	77	-100	-100
8	409	-100	-100
8	851	-100	-100
8	395	-100	-100
8	940	-100	-100
8	438	-100	-100
8	700	-100	-100
8	27	-100	-100
8	262	-100	-100
8	184	-100	-100
8	384	-100	-100
8	118	-100	-100
8	270	-100	-100
8	314	-100	-100
8	919	-100	-100
8	798	-100	-100
8	313	-100	-100
8	150	-100	-100
8	61	-100	-100
8	797	-100	-100
8	790	-100	-100
8	335	-100	-100
8	233	-100	-100
8	429	-100	-100
8	946	-100	-100
8	341	-100	-100
8	455	-100	-100
8	420	-100	-100
8	298	-100	-100
8	317	-100	-100
8	23	-100	-100
8	959	-100	-100
8	636	-100	-100
8	966	-100	-100
8	199	-100	-100
8	14	-100	-100
8	329	-100	-100
8	893	-100	-100
8	859	-100	-100
8	261	-100	-100
8	461	-100	-100
8	731	-100	-100
8	975	-100	-100
8	638	-100	-100
8	949	-100	-100
8	362	-100	-100
8	205	-100	-100
8	968	-100	-100
8	95	-100	-100
8	117	-100	-100
8	849	-100	-100
8	462	-100	-100
8	206	-100	-100
8	43	-100	-100
8	86	-100	-100
8	467	-100	-100
8	187	-100	-100
8	702	-100	-100
8	330	-100	-100
8	146	-100	-100
8	212	-100	-100
8	924	-100	-100
8	939	-100	-100
8	857	-100	-100
8	788	-100	-100
8	689	-100	-100
8	321	-100	-100
8	843	-100	-100
8	225	-100	-100
8	927	-100	-100
8	912	-100	-100
8	176	-100	-100
8	944	-100	-100
8	398	-100	-100
8	726	-100	-100
8	48	-100	-100
8	96	-100	-100
8	47	-100	-100
8	179	-100	-100
8	955	-100	-100
8	434	-100	-100
8	976	-100	-100
8	93	-100	-100
8	901	-100	-100
8	993	-100	-100
8	105	-100	-100
8	288	-100	-100
8	812	-100	-100
8	53	-100	-100
8	999	-100	-100
8	765	-100	-100
8	632	-100	-100
8	157	-100	-100
8	231	-100	-100
8	177	-100	-100
8	751	-100	-100
8	708	-100	-100
8	195	-100	-100
8	410	-100	-100
8	2	-100	-100
8	824	-100	-100
8	374	-100	-100
8	656	-100	-100
8	837	-100	-100
8	875	-100	-100
8	986	-100	-100
8	855	-100	-100
8	236	-100	-100
8	674	-100	-100
8	103	-100	-100
8	11	-100	-100
8	992	-100	-100
8	190	-100	-100
8	800	-100	-100
8	237	-100	-100
8	864	-100	-100
8	253	-100	-100
8	780	-100	-100
8	67	-100	-100
8	736	-100	-100
8	252	-100	-100
8	40	-100	-100
8	34	-100	-100
8	353	-100	-100
8	388	-100	-100
8	433	-100	-100
8	171	-100	-100
8	20	-100	-100
8	835	-100	-100
8	70	-100	-100
8	250	-100	-100
8	860	-100	-100
8	640	-100	-100
8	794	-100	-100
8	287	-100	-100
8	911	-100	-100
8	933	-100	-100
8	211	-100	-100
8	403	-100	-100
8	729	-100	-100
8	932	-100	-100
8	242	-100	-100
8	437	-100	-100
8	412	-100	-100
8	119	-100	-100
8	789	-100	-100
8	779	-100	-100
8	811	-100	-100
8	351	-100	-100
8	951	-100	-100
8	997	-100	-100
8	717	-100	-100
8	767	-100	-100
8	24	-100	-100
8	742	-100	-100
8	697	-100	-100
8	108	-100	-100
8	417	-100	-100
8	809	-100	-100
8	392	-100	-100
8	852	-100	-100
8	785	-100	-100
8	275	-100	-100
8	90	-100	-100
8	352	-100	-100
8	671	-100	-100
8	334	-100	-100
8	825	-100	-100
8	413	-100	-100
8	884	-100	-100
8	688	-100	-100
8	278	-100	-100
8	866	-100	-100
8	128	-100	-100
8	707	-100	-100
8	148	-100	-100
8	215	-100	-100
8	685	-100	-100
8	840	-100	-100
8	112	-100	-100
8	273	-100	-100
8	50	-100	-100
8	871	-100	-100
8	204	-100	-100
8	828	-100	-100
8	962	-100	-100
8	441	-100	-100
8	414	-100	-100
8	749	-100	-100
8	747	-100	-100
8	660	-100	-100
8	979	-100	-100
8	880	-100	-100
8	831	-100	-100
8	771	-100	-100
8	4	-100	-100
8	465	-100	-100
8	659	-100	-100
8	818	-100	-100
8	822	-100	-100
8	344	-100	-100
8	113	-100	-100
8	136	-100	-100
8	386	-100	-100
8	984	-100	-100
8	449	-100	-100
8	845	-100	-100
8	847	-100	-100
8	348	-100	-100
8	735	-100	-100
8	289	-100	-100
8	143	-100	-100
8	214	-100	-100
8	193	-100	-100
8	637	-100	-100
8	439	-100	-100
8	856	-100	-100
8	990	-100	-100
8	456	-100	-100
8	274	-100	-100
8	210	-100	-100
8	49	-100	-100
8	967	-100	-100
8	422	-100	-100
8	254	-100	-100
8	846	-100	-100
8	678	-100	-100
8	21	-100	-100
8	898	-100	-100
8	311	-100	-100
8	140	-100	-100
8	651	-100	-100
8	18	-100	-100
8	54	-100	-100
8	808	-100	-100
8	965	-100	-100
8	375	-100	-100
8	918	-100	-100
8	769	-100	-100
8	144	-100	-100
8	896	-100	-100
8	354	-100	-100
8	339	-100	-100
8	647	-100	-100
8	763	-100	-100
8	741	-100	-100
8	307	-100	-100
8	916	-100	-100
8	432	-100	-100
8	316	-100	-100
8	161	-100	-100
8	310	-100	-100
8	821	-100	-100
8	922	-100	-100
8	192	-100	-100
8	774	-100	-100
8	960	-100	-100
8	430	-100	-100
8	218	-100	-100
8	724	-100	-100
8	383	-100	-100
8	680	-100	-100
8	173	-100	-100
8	249	-100	-100
8	280	-100	-100
8	642	-100	-100
8	276	-100	-100
8	100	-100	-100
8	202	-100	-100
8	663	-100	-100
8	230	-100	-100
8	168	-100	-100
8	411	-100	-100
8	895	-100	-100
8	937	-100	-100
8	930	-100	-100
8	65	-100	-100
8	32	-100	-100
8	904	-100	-100
8	87	-100	-100
8	322	-100	-100
8	172	-100	-100
8	297	-100	-100
8	740	-100	-100
8	977	-100	-100
8	154	-100	-100
8	963	-100	-100
8	390	-100	-100
8	799	-100	-100
8	838	-100	-100
8	59	-100	-100
8	948	-100	-100
8	31	-100	-100
8	82	-100	-100
8	123	-100	-100
8	85	-100	-100
8	935	-100	-100
8	5	-100	-100
8	786	-100	-100
8	894	-100	-100
8	185	-100	-100
8	738	-100	-100
8	132	-100	-100
8	240	-100	-100
8	848	-100	-100
8	282	-100	-100
8	408	-100	-100
8	259	-100	-100
8	305	-100	-100
8	227	-100	-100
8	315	-100	-100
8	890	-100	-100
8	266	-100	-100
8	891	-100	-100
8	658	-100	-100
8	776	-100	-100
8	650	-100	-100
8	135	-100	-100
8	165	-100	-100
8	257	-100	-100
8	343	-100	-100
8	646	-100	-100
8	89	-100	-100
8	272	-100	-100
8	209	-100	-100
8	153	-100	-100
8	983	-100	-100
8	768	-100	-100
8	454	-100	-100
8	987	-100	-100
8	358	-100	-100
8	101	-100	-100
8	151	-100	-100
8	391	-100	-100
8	292	-100	-100
8	338	-100	-100
8	683	-100	-100
8	748	-100	-100
8	198	-100	-100
8	293	-100	-100
8	820	-100	-100
8	291	-100	-100
8	110	-100	-100
8	716	-100	-100
8	324	-100	-100
8	377	-100	-100
8	882	-100	-100
8	826	-100	-100
8	649	-100	-100
8	787	-100	-100
8	207	-100	-100
8	41	-100	-100
8	114	-100	-100
8	378	-100	-100
8	295	-100	-100
8	819	-100	-100
8	877	-100	-100
8	228	-100	-100
8	258	-100	-100
8	754	-100	-100
8	371	-100	-100
8	814	-100	-100
8	459	-100	-100
8	985	-100	-100
8	672	-100	-100
8	862	-100	-100
8	793	-100	-100
8	777	-100	-100
3	932	-100	-100
3	385	-100	-100
3	949	-100	-100
3	689	-100	-100
3	731	-100	-100
3	51	-100	-100
3	358	-100	-100
3	804	-100	-100
3	568	-100	-100
3	816	-100	-100
3	733	-100	-100
3	65	-100	-100
3	781	-100	-100
3	682	-100	-100
3	676	-100	-100
3	490	-100	-100
3	875	-100	-100
3	926	-100	-100
3	911	-100	-100
3	697	-100	-100
3	766	-100	-100
3	961	-100	-100
3	554	-100	-100
3	481	-100	-100
3	755	-100	-100
3	801	-100	-100
3	516	-100	-100
3	211	-100	-100
3	390	-100	-100
3	586	-100	-100
3	195	-100	-100
3	799	-100	-100
3	835	-100	-100
3	709	-100	-100
3	653	-100	-100
3	823	-100	-100
3	541	-100	-100
3	422	-100	-100
3	928	-100	-100
3	852	-100	-100
3	343	-100	-100
3	627	-100	-100
3	486	-100	-100
3	957	-100	-100
3	820	-100	-100
3	483	-100	-100
3	842	-100	-100
3	68	-100	-100
3	538	-100	-100
3	192	-100	-100
3	635	-100	-100
3	578	-100	-100
3	631	-100	-100
3	29	-100	-100
3	219	-100	-100
3	449	-100	-100
3	269	-100	-100
3	349	-100	-100
3	958	-100	-100
3	929	-100	-100
3	877	-100	-100
3	241	-100	-100
3	815	-100	-100
3	474	-100	-100
3	968	-100	-100
3	649	-100	-100
3	500	-100	-100
3	35	-100	-100
3	634	-100	-100
3	636	-100	-100
3	741	-100	-100
3	943	-100	-100
3	967	-100	-100
3	808	-100	-100
3	853	-100	-100
3	231	-100	-100
3	525	-100	-100
3	833	-100	-100
3	239	-100	-100
3	784	-100	-100
3	187	-100	-100
3	667	-100	-100
3	401	-100	-100
3	674	-100	-100
3	338	-100	-100
3	687	-100	-100
3	611	-100	-100
3	561	-100	-100
3	896	-100	-100
3	443	-100	-100
3	916	-100	-100
3	498	-100	-100
3	861	-100	-100
3	713	-100	-100
3	412	-100	-100
3	530	-100	-100
3	172	-100	-100
3	199	-100	-100
3	662	-100	-100
3	859	-100	-100
3	648	-100	-100
3	334	-100	-100
3	215	-100	-100
3	754	-100	-100
3	2	-100	-100
3	658	-100	-100
3	182	-100	-100
3	196	-100	-100
3	285	-100	-100
3	497	-100	-100
3	476	-100	-100
3	268	-100	-100
3	328	-100	-100
3	881	-100	-100
3	395	-100	-100
3	994	-100	-100
3	374	-100	-100
3	468	-100	-100
3	868	-100	-100
3	981	-100	-100
3	915	-100	-100
3	819	-100	-100
3	887	-100	-100
3	350	-100	-100
3	966	-100	-100
3	480	-100	-100
3	572	-100	-100
3	738	-100	-100
3	258	-100	-100
3	904	-100	-100
3	348	-100	-100
3	761	-100	-100
3	243	-100	-100
3	506	-100	-100
3	969	-100	-100
3	52	-100	-100
3	259	-100	-100
3	461	-100	-100
3	529	-100	-100
3	879	-100	-100
3	436	-100	-100
3	517	-100	-100
3	388	-100	-100
3	872	-100	-100
3	632	-100	-100
3	793	-100	-100
3	270	-100	-100
3	785	-100	-100
3	782	-100	-100
3	319	-100	-100
3	942	-100	-100
3	638	-100	-100
3	511	-100	-100
3	411	-100	-100
3	937	-100	-100
3	772	-100	-100
3	77	-100	-100
3	728	-100	-100
3	482	-100	-100
3	818	-100	-100
3	788	-100	-100
3	383	-100	-100
3	598	-100	-100
3	993	-100	-100
3	25	-100	-100
3	870	-100	-100
3	30	-100	-100
3	559	-100	-100
3	69	-100	-100
3	462	-100	-100
3	230	-100	-100
3	556	-100	-100
3	344	-100	-100
3	1000	-100	-100
3	615	-100	-100
3	730	-100	-100
3	213	-100	-100
3	534	-100	-100
3	792	-100	-100
3	470	-100	-100
3	45	-100	-100
3	844	-100	-100
3	907	-100	-100
3	624	-100	-100
3	423	-100	-100
3	643	-100	-100
3	964	-100	-100
3	510	-100	-100
3	719	-100	-100
3	477	-100	-100
3	715	-100	-100
3	170	-100	-100
3	212	-100	-100
3	271	-100	-100
3	764	-100	-100
3	55	-100	-100
3	452	-100	-100
3	606	-100	-100
3	394	-100	-100
3	460	-100	-100
3	991	-100	-100
3	185	-100	-100
3	177	-100	-100
3	380	-100	-100
3	849	-100	-100
3	953	-100	-100
3	837	-100	-100
3	773	-100	-100
3	291	-100	-100
3	279	-100	-100
3	426	-100	-100
3	826	-100	-100
3	300	-100	-100
3	746	-100	-100
3	60	-100	-100
3	415	-100	-100
3	313	-100	-100
3	179	-100	-100
3	11	-100	-100
3	61	-100	-100
3	703	-100	-100
3	734	-100	-100
3	701	-100	-100
3	603	-100	-100
3	739	-100	-100
3	316	-100	-100
3	330	-100	-100
3	850	-100	-100
3	309	-100	-100
3	655	-100	-100
3	404	-100	-100
3	855	-100	-100
3	70	-100	-100
3	846	-100	-100
3	800	-100	-100
3	495	-100	-100
3	717	-100	-100
3	403	-100	-100
3	242	-100	-100
3	669	-100	-100
3	23	-100	-100
3	66	-100	-100
3	652	-100	-100
3	393	-100	-100
3	902	-100	-100
3	597	-100	-100
3	347	-100	-100
3	283	-100	-100
3	226	-100	-100
3	376	-100	-100
3	365	-100	-100
3	869	-100	-100
3	797	-100	-100
3	366	-100	-100
3	356	-100	-100
3	250	-100	-100
3	921	-100	-100
3	939	-100	-100
3	787	-100	-100
3	537	-100	-100
3	257	-100	-100
3	811	-100	-100
3	610	-100	-100
3	702	-100	-100
3	301	-100	-100
3	450	-100	-100
3	675	-100	-100
3	640	-100	-100
3	442	-100	-100
3	589	-100	-100
3	535	-100	-100
3	256	-100	-100
3	331	-100	-100
3	824	-100	-100
3	532	-100	-100
3	315	-100	-100
3	596	-100	-100
3	508	-100	-100
3	335	-100	-100
3	298	-100	-100
3	345	-100	-100
3	812	-100	-100
3	790	-100	-100
3	198	-100	-100
3	44	-100	-100
3	324	-100	-100
3	545	-100	-100
3	399	-100	-100
3	505	-100	-100
3	496	-100	-100
3	228	-100	-100
3	947	-100	-100
3	704	-100	-100
3	454	-100	-100
3	802	-100	-100
3	355	-100	-100
3	526	-100	-100
3	570	-100	-100
3	21	-100	-100
3	874	-100	-100
3	751	-100	-100
3	583	-100	-100
3	40	-100	-100
3	24	-100	-100
3	930	-100	-100
3	178	-100	-100
3	924	-100	-100
3	914	-100	-100
3	829	-100	-100
3	771	-100	-100
3	435	-100	-100
3	549	-100	-100
3	46	-100	-100
3	229	-100	-100
3	78	-100	-100
3	672	-100	-100
3	753	-100	-100
3	763	-100	-100
3	254	-100	-100
3	934	-100	-100
3	585	-100	-100
3	377	-100	-100
3	584	-100	-100
3	57	-100	-100
3	471	-100	-100
3	938	-100	-100
3	758	-100	-100
3	913	-100	-100
3	473	-100	-100
3	609	-100	-100
3	478	-100	-100
3	657	-100	-100
3	786	-100	-100
3	34	-100	-100
3	575	-100	-100
3	599	-100	-100
3	322	-100	-100
3	979	-100	-100
3	860	-100	-100
3	698	-100	-100
3	48	-100	-100
3	776	-100	-100
3	935	-100	-100
3	830	-100	-100
3	560	-100	-100
3	985	-100	-100
3	660	-100	-100
3	488	-100	-100
3	775	-100	-100
3	20	-100	-100
3	62	-100	-100
3	975	-100	-100
3	428	-100	-100
3	425	-100	-100
3	685	-100	-100
3	74	-100	-100
3	446	-100	-100
3	524	-100	-100
3	453	-100	-100
3	696	-100	-100
3	562	-100	-100
3	251	-100	-100
3	908	-100	-100
3	841	-100	-100
3	240	-100	-100
3	827	-100	-100
3	642	-100	-100
3	863	-100	-100
3	263	-100	-100
3	484	-100	-100
3	248	-100	-100
3	591	-100	-100
3	888	-100	-100
3	414	-100	-100
3	971	-100	-100
3	39	-100	-100
3	757	-100	-100
3	552	-100	-100
3	618	-100	-100
3	272	-100	-100
3	318	-100	-100
3	207	-100	-100
3	305	-100	-100
3	903	-100	-100
3	854	-100	-100
3	492	-100	-100
3	976	-100	-100
3	507	-100	-100
3	293	-100	-100
3	984	-100	-100
3	18	-100	-100
3	295	-100	-100
3	857	-100	-100
3	266	-100	-100
3	413	-100	-100
3	693	-100	-100
3	220	-100	-100
3	656	-100	-100
3	277	-100	-100
3	438	-100	-100
3	729	-100	-100
3	639	-100	-100
3	920	-100	-100
3	339	-100	-100
3	27	-100	-100
3	214	-100	-100
3	479	-100	-100
3	548	-100	-100
3	616	-100	-100
3	519	-100	-100
3	247	-100	-100
3	893	-100	-100
3	783	-100	-100
3	845	-100	-100
3	750	-100	-100
3	940	-100	-100
3	307	-100	-100
3	749	-100	-100
3	862	-100	-100
3	740	-100	-100
3	467	-100	-100
3	608	-100	-100
3	683	-100	-100
3	901	-100	-100
3	288	-100	-100
3	952	-100	-100
3	666	-100	-100
3	378	-100	-100
3	977	-100	-100
3	973	-100	-100
3	722	-100	-100
3	760	-100	-100
3	16	-100	-100
3	594	-100	-100
3	582	-100	-100
3	444	-100	-100
3	303	-100	-100
3	391	-100	-100
3	765	-100	-100
3	463	-100	-100
3	342	-100	-100
3	5	-100	-100
3	668	-100	-100
3	469	-100	-100
3	955	-100	-100
3	573	-100	-100
3	990	-100	-100
3	400	-100	-100
3	434	-100	-100
3	284	-100	-100
3	839	-100	-100
3	567	-100	-100
3	416	-100	-100
3	654	-100	-100
3	847	-100	-100
3	304	-100	-100
3	686	-100	-100
3	419	-100	-100
3	542	-100	-100
3	886	-100	-100
3	302	-100	-100
3	203	-100	-100
3	951	-100	-100
3	620	-100	-100
3	267	-100	-100
3	694	-100	-100
3	38	-100	-100
3	472	-100	-100
3	253	-100	-100
3	963	-100	-100
3	171	-100	-100
3	832	-100	-100
3	629	-100	-100
3	637	-100	-100
3	716	-100	-100
3	206	-100	-100
3	770	-100	-100
3	233	-100	-100
3	264	-100	-100
3	26	-100	-100
3	848	-100	-100
3	521	-100	-100
3	617	-100	-100
3	520	-100	-100
3	933	-100	-100
3	843	-100	-100
3	420	-100	-100
3	183	-100	-100
3	379	-100	-100
3	47	-100	-100
3	705	-100	-100
3	292	-100	-100
5	118	-100	-100
5	291	-100	-100
5	466	-100	-100
5	966	-100	-100
5	831	-100	-100
5	307	-100	-100
5	522	-100	-100
5	94	-100	-100
5	405	-100	-100
5	142	-100	-100
5	648	-100	-100
5	859	-100	-100
5	926	-100	-100
5	428	-100	-100
5	334	-100	-100
5	421	-100	-100
5	504	-100	-100
5	327	-100	-100
5	585	-100	-100
5	137	-100	-100
5	442	-100	-100
5	803	-100	-100
5	901	-100	-100
5	720	-100	-100
5	980	-100	-100
5	21	-100	-100
5	320	-100	-100
5	876	-100	-100
5	728	-100	-100
5	589	-100	-100
5	499	-100	-100
5	294	-100	-100
5	521	-100	-100
5	393	-100	-100
5	586	-100	-100
5	939	-100	-100
5	491	-100	-100
5	518	-100	-100
5	922	-100	-100
5	144	-100	-100
5	997	-100	-100
5	937	-100	-100
5	138	-100	-100
5	361	-100	-100
5	431	-100	-100
5	408	-100	-100
5	110	-100	-100
5	776	-100	-100
5	418	-100	-100
5	476	-100	-100
5	61	-100	-100
5	992	-100	-100
5	963	-100	-100
5	872	-100	-100
5	853	-100	-100
5	552	-100	-100
5	620	-100	-100
5	310	-100	-100
5	778	-100	-100
5	161	-100	-100
5	873	-100	-100
5	7	-100	-100
5	719	-100	-100
5	165	-100	-100
5	202	-100	-100
5	839	-100	-100
5	52	-100	-100
5	954	-100	-100
5	842	-100	-100
5	909	-100	-100
5	596	-100	-100
5	612	-100	-100
5	879	-100	-100
5	448	-100	-100
5	747	-100	-100
5	765	-100	-100
5	164	-100	-100
5	90	-100	-100
5	158	-100	-100
5	350	-100	-100
5	682	-100	-100
5	1000	-100	-100
5	472	-100	-100
5	174	-100	-100
5	330	-100	-100
5	506	-100	-100
5	564	-100	-100
5	625	-100	-100
5	41	-100	-100
5	40	-100	-100
5	458	-100	-100
5	302	-100	-100
5	376	-100	-100
5	598	-100	-100
5	404	-100	-100
5	451	-100	-100
5	789	-100	-100
5	651	-100	-100
5	345	-100	-100
5	583	-100	-100
5	751	-100	-100
5	17	-100	-100
5	830	-100	-100
5	515	-100	-100
5	39	-100	-100
5	920	-100	-100
5	171	-100	-100
5	772	-100	-100
5	34	-100	-100
5	663	-100	-100
5	961	-100	-100
5	457	-100	-100
5	650	-100	-100
5	398	-100	-100
5	107	-100	-100
5	338	-100	-100
5	614	-100	-100
5	153	-100	-100
5	58	-100	-100
5	461	-100	-100
5	740	-100	-100
5	858	-100	-100
5	607	-100	-100
5	517	-100	-100
5	696	-100	-100
5	290	-100	-100
5	658	-100	-100
5	114	-100	-100
5	4	-100	-100
5	446	-100	-100
5	604	-100	-100
5	662	-100	-100
5	16	-100	-100
5	403	-100	-100
5	672	-100	-100
5	940	-100	-100
5	758	-100	-100
5	927	-100	-100
5	579	-100	-100
5	577	-100	-100
5	413	-100	-100
5	467	-100	-100
5	801	-100	-100
5	641	-100	-100
5	117	-100	-100
5	363	-100	-100
5	401	-100	-100
5	576	-100	-100
5	864	-100	-100
5	419	-100	-100
5	102	-100	-100
5	814	-100	-100
5	731	-100	-100
5	960	-100	-100
5	503	-100	-100
5	543	-100	-100
5	80	-100	-100
5	725	-100	-100
5	74	-100	-100
5	819	-100	-100
5	152	-100	-100
5	486	-100	-100
5	994	-100	-100
5	512	-100	-100
5	605	-100	-100
5	103	-100	-100
5	497	-100	-100
5	524	-100	-100
5	396	-100	-100
5	606	-100	-100
5	189	-100	-100
5	108	-100	-100
5	147	-100	-100
5	888	-100	-100
5	654	-100	-100
5	726	-100	-100
5	565	-100	-100
5	444	-100	-100
5	76	-100	-100
5	392	-100	-100
5	938	-100	-100
5	133	-100	-100
5	898	-100	-100
5	887	-100	-100
5	935	-100	-100
5	128	-100	-100
5	337	-100	-100
5	483	-100	-100
5	175	-100	-100
5	594	-100	-100
5	958	-100	-100
5	791	-100	-100
5	301	-100	-100
5	649	-100	-100
5	409	-100	-100
5	23	-100	-100
5	82	-100	-100
5	796	-100	-100
5	743	-100	-100
5	692	-100	-100
5	852	-100	-100
5	526	-100	-100
5	352	-100	-100
5	306	-100	-100
5	422	-100	-100
5	846	-100	-100
5	982	-100	-100
5	964	-100	-100
5	905	-100	-100
5	825	-100	-100
5	871	-100	-100
5	911	-100	-100
5	835	-100	-100
5	800	-100	-100
5	13	-100	-100
5	808	-100	-100
5	991	-100	-100
5	988	-100	-100
5	690	-100	-100
5	628	-100	-100
5	756	-100	-100
5	429	-100	-100
5	29	-100	-100
5	93	-100	-100
5	704	-100	-100
5	979	-100	-100
5	205	-100	-100
5	490	-100	-100
5	636	-100	-100
5	971	-100	-100
5	389	-100	-100
5	929	-100	-100
5	351	-100	-100
5	546	-100	-100
5	908	-100	-100
5	851	-100	-100
5	400	-100	-100
5	160	-100	-100
5	736	-100	-100
5	193	-100	-100
5	942	-100	-100
5	618	-100	-100
5	959	-100	-100
5	170	-100	-100
5	656	-100	-100
5	985	-100	-100
5	434	-100	-100
5	897	-100	-100
5	631	-100	-100
5	891	-100	-100
5	63	-100	-100
5	542	-100	-100
5	687	-100	-100
5	342	-100	-100
5	770	-100	-100
5	900	-100	-100
5	568	-100	-100
5	850	-100	-100
5	562	-100	-100
5	998	-100	-100
5	827	-100	-100
5	463	-100	-100
5	353	-100	-100
5	934	-100	-100
5	688	-100	-100
5	173	-100	-100
5	139	-100	-100
5	807	-100	-100
5	918	-100	-100
5	759	-100	-100
5	369	-100	-100
5	757	-100	-100
5	883	-100	-100
5	866	-100	-100
5	417	-100	-100
5	686	-100	-100
5	893	-100	-100
5	471	-100	-100
5	754	-100	-100
5	733	-100	-100
5	185	-100	-100
5	176	-100	-100
5	501	-100	-100
5	381	-100	-100
5	315	-100	-100
5	423	-100	-100
5	943	-100	-100
5	912	-100	-100
5	969	-100	-100
5	722	-100	-100
5	407	-100	-100
5	970	-100	-100
5	571	-100	-100
5	498	-100	-100
5	182	-100	-100
5	488	-100	-100
5	640	-100	-100
5	567	-100	-100
5	289	-100	-100
5	445	-100	-100
5	78	-100	-100
5	57	-100	-100
5	700	-100	-100
5	705	-100	-100
5	746	-100	-100
5	487	-100	-100
5	780	-100	-100
5	69	-100	-100
5	331	-100	-100
5	706	-100	-100
5	410	-100	-100
5	468	-100	-100
5	412	-100	-100
5	798	-100	-100
5	735	-100	-100
5	146	-100	-100
5	406	-100	-100
5	941	-100	-100
5	652	-100	-100
5	72	-100	-100
5	863	-100	-100
5	533	-100	-100
5	591	-100	-100
5	81	-100	-100
5	750	-100	-100
5	120	-100	-100
5	610	-100	-100
5	35	-100	-100
5	762	-100	-100
5	70	-100	-100
5	767	-100	-100
5	340	-100	-100
5	325	-100	-100
5	976	-100	-100
5	316	-100	-100
5	326	-100	-100
5	799	-100	-100
5	377	-100	-100
5	627	-100	-100
5	493	-100	-100
5	452	-100	-100
5	646	-100	-100
5	163	-100	-100
5	623	-100	-100
5	709	-100	-100
5	140	-100	-100
5	10	-100	-100
5	811	-100	-100
5	660	-100	-100
5	899	-100	-100
5	124	-100	-100
5	28	-100	-100
5	821	-100	-100
5	764	-100	-100
5	299	-100	-100
5	989	-100	-100
5	763	-100	-100
5	435	-100	-100
5	523	-100	-100
5	129	-100	-100
5	489	-100	-100
5	314	-100	-100
5	630	-100	-100
5	699	-100	-100
5	810	-100	-100
5	916	-100	-100
5	824	-100	-100
5	788	-100	-100
5	884	-100	-100
5	857	-100	-100
5	151	-100	-100
5	795	-100	-100
5	513	-100	-100
5	816	-100	-100
5	680	-100	-100
5	305	-100	-100
5	328	-100	-100
5	717	-100	-100
5	667	-100	-100
5	462	-100	-100
5	191	-100	-100
5	157	-100	-100
5	505	-100	-100
5	847	-100	-100
5	374	-100	-100
5	787	-100	-100
5	31	-100	-100
5	753	-100	-100
5	865	-100	-100
5	510	-100	-100
5	972	-100	-100
5	480	-100	-100
5	702	-100	-100
5	11	-100	-100
5	71	-100	-100
5	967	-100	-100
5	890	-100	-100
5	508	-100	-100
5	556	-100	-100
5	838	-100	-100
5	679	-100	-100
5	774	-100	-100
5	684	-100	-100
5	456	-100	-100
5	723	-100	-100
5	79	-100	-100
5	845	-100	-100
5	359	-100	-100
5	592	-100	-100
5	683	-100	-100
5	85	-100	-100
5	802	-100	-100
5	387	-100	-100
5	105	-100	-100
5	14	-100	-100
5	545	-100	-100
5	538	-100	-100
5	121	-100	-100
5	697	-100	-100
5	570	-100	-100
5	383	-100	-100
5	793	-100	-100
5	691	-100	-100
5	947	-100	-100
5	388	-100	-100
5	48	-100	-100
5	805	-100	-100
5	150	-100	-100
5	75	-100	-100
5	455	-100	-100
5	804	-100	-100
5	930	-100	-100
5	712	-100	-100
5	529	-100	-100
5	492	-100	-100
5	673	-100	-100
5	987	-100	-100
5	974	-100	-100
5	502	-100	-100
5	783	-100	-100
5	98	-100	-100
5	43	-100	-100
5	621	-100	-100
5	496	-100	-100
5	624	-100	-100
5	447	-100	-100
5	42	-100	-100
5	535	-100	-100
5	781	-100	-100
5	373	-100	-100
5	729	-100	-100
5	561	-100	-100
5	869	-100	-100
5	843	-100	-100
5	902	-100	-100
5	49	-100	-100
5	768	-100	-100
5	349	-100	-100
5	100	-100	-100
5	689	-100	-100
5	553	-100	-100
5	66	-100	-100
5	575	-100	-100
5	473	-100	-100
5	312	-100	-100
5	203	-100	-100
5	97	-100	-100
5	910	-100	-100
5	744	-100	-100
5	298	-100	-100
5	563	-100	-100
5	92	-100	-100
5	96	-100	-100
5	380	-100	-100
5	794	-100	-100
5	125	-100	-100
5	671	-100	-100
5	659	-100	-100
5	394	-100	-100
5	357	-100	-100
5	450	-100	-100
5	89	-100	-100
5	32	-100	-100
5	528	-100	-100
5	362	-100	-100
5	511	-100	-100
5	509	-100	-100
5	465	-100	-100
5	644	-100	-100
5	530	-100	-100
5	642	-100	-100
5	669	-100	-100
5	661	-100	-100
5	311	-100	-100
5	149	-100	-100
5	438	-100	-100
5	771	-100	-100
1	742	-100	-100
1	210	-100	-100
1	662	-100	-100
1	547	-100	-100
1	516	-100	-100
1	486	-100	-100
1	454	-100	-100
1	769	-100	-100
1	915	-100	-100
1	624	-100	-100
1	340	-100	-100
1	303	-100	-100
1	767	-100	-100
1	126	-100	-100
1	410	-100	-100
1	310	-100	-100
1	824	-100	-100
1	402	-100	-100
1	922	-100	-100
1	728	-100	-100
1	324	-100	-100
1	117	-100	-100
1	506	-100	-100
1	539	-100	-100
1	905	-100	-100
1	512	-100	-100
1	173	-100	-100
1	670	-100	-100
1	844	-100	-100
1	342	-100	-100
1	723	-100	-100
1	519	-100	-100
1	781	-100	-100
1	583	-100	-100
1	228	-100	-100
1	313	-100	-100
1	644	-100	-100
1	247	-100	-100
1	618	-100	-100
1	280	-100	-100
1	275	-100	-100
1	202	-100	-100
1	465	-100	-100
1	423	-100	-100
1	673	-100	-100
1	776	-100	-100
1	918	-100	-100
1	703	-100	-100
1	587	-100	-100
1	834	-100	-100
1	671	-100	-100
1	913	-100	-100
1	832	-100	-100
1	883	-100	-100
1	988	-100	-100
1	668	-100	-100
1	795	-100	-100
1	534	-100	-100
1	957	-100	-100
1	627	-100	-100
1	79	-100	-100
1	100	-100	-100
1	772	-100	-100
1	464	-100	-100
1	165	-100	-100
1	684	-100	-100
1	738	-100	-100
1	717	-100	-100
1	508	-100	-100
1	339	-100	-100
1	843	-100	-100
1	862	-100	-100
1	152	-100	-100
1	517	-100	-100
1	804	-100	-100
1	869	-100	-100
1	655	-100	-100
1	151	-100	-100
1	135	-100	-100
1	559	-100	-100
1	894	-100	-100
1	835	-100	-100
1	101	-100	-100
1	617	-100	-100
1	640	-100	-100
1	404	-100	-100
1	706	-100	-100
1	322	-100	-100
1	775	-100	-100
1	441	-100	-100
1	866	-100	-100
1	438	-100	-100
1	647	-100	-100
1	193	-100	-100
1	103	-100	-100
1	912	-100	-100
1	250	-100	-100
1	976	-100	-100
1	630	-100	-100
1	840	-100	-100
1	225	-100	-100
1	595	-100	-100
1	302	-100	-100
1	248	-100	-100
1	860	-100	-100
1	932	-100	-100
1	895	-100	-100
1	882	-100	-100
1	130	-100	-100
1	407	-100	-100
1	122	-100	-100
1	106	-100	-100
1	677	-100	-100
1	921	-100	-100
1	787	-100	-100
1	590	-100	-100
1	820	-100	-100
1	392	-100	-100
1	282	-100	-100
1	144	-100	-100
1	660	-100	-100
1	798	-100	-100
1	243	-100	-100
1	886	-100	-100
1	721	-100	-100
1	817	-100	-100
1	138	-100	-100
1	890	-100	-100
1	555	-100	-100
1	689	-100	-100
1	867	-100	-100
1	455	-100	-100
1	266	-100	-100
1	768	-100	-100
1	75	-100	-100
1	877	-100	-100
1	722	-100	-100
1	924	-100	-100
1	977	-100	-100
1	596	-100	-100
1	762	-100	-100
1	84	-100	-100
1	672	-100	-100
1	659	-100	-100
1	940	-100	-100
1	456	-100	-100
1	809	-100	-100
1	388	-100	-100
1	143	-100	-100
1	704	-100	-100
1	450	-100	-100
1	273	-100	-100
1	716	-100	-100
1	236	-100	-100
1	601	-100	-100
1	477	-100	-100
1	573	-100	-100
1	195	-100	-100
1	642	-100	-100
1	360	-100	-100
1	365	-100	-100
1	821	-100	-100
1	705	-100	-100
1	854	-100	-100
1	359	-100	-100
1	692	-100	-100
1	468	-100	-100
1	445	-100	-100
1	582	-100	-100
1	384	-100	-100
1	81	-100	-100
1	626	-100	-100
1	579	-100	-100
1	246	-100	-100
1	537	-100	-100
1	667	-100	-100
1	982	-100	-100
1	333	-100	-100
1	581	-100	-100
1	784	-100	-100
1	199	-100	-100
1	675	-100	-100
1	825	-100	-100
1	334	-100	-100
1	731	-100	-100
1	415	-100	-100
1	351	-100	-100
1	962	-100	-100
1	212	-100	-100
1	981	-100	-100
1	387	-100	-100
1	709	-100	-100
1	92	-100	-100
1	578	-100	-100
1	785	-100	-100
1	937	-100	-100
1	996	-100	-100
1	814	-100	-100
1	676	-100	-100
1	139	-100	-100
1	205	-100	-100
1	203	-100	-100
1	188	-100	-100
1	363	-100	-100
1	645	-100	-100
1	759	-100	-100
1	502	-100	-100
1	891	-100	-100
1	408	-100	-100
1	115	-100	-100
1	134	-100	-100
1	658	-100	-100
1	242	-100	-100
1	401	-100	-100
1	396	-100	-100
1	980	-100	-100
1	119	-100	-100
1	73	-100	-100
1	580	-100	-100
1	572	-100	-100
1	823	-100	-100
1	197	-100	-100
1	462	-100	-100
1	484	-100	-100
1	458	-100	-100
1	254	-100	-100
1	992	-100	-100
1	782	-100	-100
1	211	-100	-100
1	235	-100	-100
1	939	-100	-100
1	514	-100	-100
1	910	-100	-100
1	264	-100	-100
1	612	-100	-100
1	147	-100	-100
1	984	-100	-100
1	440	-100	-100
1	482	-100	-100
1	852	-100	-100
1	556	-100	-100
1	192	-100	-100
1	909	-100	-100
1	76	-100	-100
1	730	-100	-100
1	575	-100	-100
1	94	-100	-100
1	362	-100	-100
1	734	-100	-100
1	849	-100	-100
1	460	-100	-100
1	828	-100	-100
1	696	-100	-100
1	751	-100	-100
1	881	-100	-100
1	124	-100	-100
1	304	-100	-100
1	714	-100	-100
1	810	-100	-100
1	258	-100	-100
1	830	-100	-100
1	778	-100	-100
1	417	-100	-100
1	274	-100	-100
1	669	-100	-100
1	110	-100	-100
1	619	-100	-100
1	897	-100	-100
1	443	-100	-100
1	812	-100	-100
1	771	-100	-100
1	74	-100	-100
1	317	-100	-100
1	522	-100	-100
1	654	-100	-100
1	451	-100	-100
1	943	-100	-100
1	948	-100	-100
1	399	-100	-100
1	231	-100	-100
1	848	-100	-100
1	951	-100	-100
1	758	-100	-100
1	479	-100	-100
1	544	-100	-100
1	636	-100	-100
1	621	-100	-100
1	113	-100	-100
1	335	-100	-100
1	114	-100	-100
1	379	-100	-100
1	872	-100	-100
1	309	-100	-100
1	899	-100	-100
1	707	-100	-100
1	874	-100	-100
1	530	-100	-100
1	954	-100	-100
1	421	-100	-100
1	325	-100	-100
1	259	-100	-100
1	288	-100	-100
1	688	-100	-100
1	330	-100	-100
1	901	-100	-100
1	807	-100	-100
1	328	-100	-100
1	563	-100	-100
1	426	-100	-100
1	296	-100	-100
1	861	-100	-100
1	98	-100	-100
1	903	-100	-100
1	200	-100	-100
1	354	-100	-100
1	914	-100	-100
1	85	-100	-100
1	183	-100	-100
1	635	-100	-100
1	884	-100	-100
1	492	-100	-100
1	463	-100	-100
1	290	-100	-100
1	127	-100	-100
1	757	-100	-100
1	315	-100	-100
1	946	-100	-100
1	569	-100	-100
1	356	-100	-100
1	494	-100	-100
1	995	-100	-100
1	585	-100	-100
1	376	-100	-100
1	833	-100	-100
1	175	-100	-100
1	634	-100	-100
1	471	-100	-100
1	336	-100	-100
1	591	-100	-100
1	299	-100	-100
1	546	-100	-100
1	641	-100	-100
1	600	-100	-100
1	892	-100	-100
1	873	-100	-100
1	298	-100	-100
1	466	-100	-100
1	515	-100	-100
1	889	-100	-100
1	390	-100	-100
1	678	-100	-100
1	307	-100	-100
1	286	-100	-100
1	118	-100	-100
1	970	-100	-100
1	489	-100	-100
1	567	-100	-100
1	505	-100	-100
1	566	-100	-100
1	783	-100	-100
1	565	-100	-100
1	701	-100	-100
1	942	-100	-100
1	865	-100	-100
1	88	-100	-100
1	639	-100	-100
1	851	-100	-100
1	908	-100	-100
1	177	-100	-100
1	133	-100	-100
1	935	-100	-100
1	346	-100	-100
1	916	-100	-100
1	442	-100	-100
1	478	-100	-100
1	457	-100	-100
1	198	-100	-100
1	847	-100	-100
1	611	-100	-100
1	561	-100	-100
1	719	-100	-100
1	831	-100	-100
1	185	-100	-100
1	341	-100	-100
1	720	-100	-100
1	395	-100	-100
1	430	-100	-100
1	633	-100	-100
1	326	-100	-100
1	863	-100	-100
1	888	-100	-100
1	234	-100	-100
1	520	-100	-100
1	842	-100	-100
1	208	-100	-100
1	609	-100	-100
1	799	-100	-100
1	164	-100	-100
1	541	-100	-100
1	490	-100	-100
1	172	-100	-100
1	656	-100	-100
1	818	-100	-100
1	972	-100	-100
1	491	-100	-100
1	107	-100	-100
1	683	-100	-100
1	588	-100	-100
1	391	-100	-100
1	664	-100	-100
1	323	-100	-100
1	666	-100	-100
1	637	-100	-100
1	674	-100	-100
1	262	-100	-100
1	755	-100	-100
1	816	-100	-100
1	725	-100	-100
1	381	-100	-100
1	796	-100	-100
1	906	-100	-100
1	702	-100	-100
1	260	-100	-100
1	978	-100	-100
1	337	-100	-100
1	271	-100	-100
1	878	-100	-100
1	687	-100	-100
1	718	-100	-100
1	764	-100	-100
1	145	-100	-100
1	276	-100	-100
1	348	-100	-100
1	439	-100	-100
1	105	-100	-100
1	737	-100	-100
1	724	-100	-100
1	646	-100	-100
1	472	-100	-100
1	321	-100	-100
1	182	-100	-100
1	224	-100	-100
1	403	-100	-100
1	375	-100	-100
1	789	-100	-100
1	801	-100	-100
1	802	-100	-100
1	623	-100	-100
1	140	-100	-100
1	493	-100	-100
1	726	-100	-100
1	599	-100	-100
1	268	-100	-100
1	540	-100	-100
1	256	-100	-100
1	149	-100	-100
1	90	-100	-100
1	308	-100	-100
1	856	-100	-100
1	770	-100	-100
1	444	-100	-100
1	990	-100	-100
1	153	-100	-100
1	219	-100	-100
1	760	-100	-100
1	986	-100	-100
1	285	-100	-100
1	871	-100	-100
1	651	-100	-100
1	554	-100	-100
1	272	-100	-100
1	679	-100	-100
1	729	-100	-100
1	958	-100	-100
1	589	-100	-100
1	920	-100	-100
1	973	-100	-100
1	529	-100	-100
1	610	-100	-100
1	245	-100	-100
1	116	-100	-100
1	434	-100	-100
1	394	-100	-100
1	218	-100	-100
1	459	-100	-100
1	562	-100	-100
1	523	-100	-100
1	167	-100	-100
1	306	-100	-100
1	137	-100	-100
1	586	-100	-100
1	597	-100	-100
1	181	-100	-100
1	406	-100	-100
1	136	-100	-100
1	811	-100	-100
1	176	-100	-100
1	663	-100	-100
1	525	-100	-100
1	548	-100	-100
1	174	-100	-100
1	879	-100	-100
1	615	-100	-100
1	216	-100	-100
1	780	-100	-100
1	289	-100	-100
1	373	-100	-100
1	123	-100	-100
1	501	-100	-100
1	808	-100	-100
1	500	-100	-100
1	156	-100	-100
1	571	-100	-100
4	351	-100	-100
4	75	-100	-100
4	764	-100	-100
4	911	-100	-100
4	989	-100	-100
4	144	-100	-100
4	394	-100	-100
4	235	-100	-100
4	573	-100	-100
4	360	-100	-100
4	281	-100	-100
4	571	-100	-100
4	135	-100	-100
4	525	-100	-100
4	862	-100	-100
4	482	-100	-100
4	72	-100	-100
4	577	-100	-100
4	770	-100	-100
4	615	-100	-100
4	831	-100	-100
4	248	-100	-100
4	945	-100	-100
4	521	-100	-100
4	917	-100	-100
4	145	-100	-100
4	794	-100	-100
4	268	-100	-100
4	600	-100	-100
4	555	-100	-100
4	158	-100	-100
4	541	-100	-100
4	314	-100	-100
4	30	-100	-100
4	293	-100	-100
4	59	-100	-100
4	890	-100	-100
4	272	-100	-100
4	140	-100	-100
4	682	-100	-100
4	648	-100	-100
4	633	-100	-100
4	797	-100	-100
4	949	-100	-100
4	222	-100	-100
4	625	-100	-100
4	889	-100	-100
4	373	-100	-100
4	931	-100	-100
4	435	-100	-100
4	470	-100	-100
4	668	-100	-100
4	280	-100	-100
4	864	-100	-100
4	429	-100	-100
4	726	-100	-100
4	921	-100	-100
4	969	-100	-100
4	456	-100	-100
4	643	-100	-100
4	27	-100	-100
4	801	-100	-100
4	408	-100	-100
4	808	-100	-100
4	55	-100	-100
4	469	-100	-100
4	552	-100	-100
4	639	-100	-100
4	46	-100	-100
4	38	-100	-100
4	907	-100	-100
4	19	-100	-100
4	980	-100	-100
4	860	-100	-100
4	481	-100	-100
4	738	-100	-100
4	892	-100	-100
4	78	-100	-100
4	142	-100	-100
4	815	-100	-100
4	117	-100	-100
4	236	-100	-100
4	515	-100	-100
4	667	-100	-100
4	69	-100	-100
4	551	-100	-100
4	321	-100	-100
4	844	-100	-100
4	670	-100	-100
4	883	-100	-100
4	678	-100	-100
4	786	-100	-100
4	780	-100	-100
4	880	-100	-100
4	273	-100	-100
4	740	-100	-100
4	759	-100	-100
4	462	-100	-100
4	760	-100	-100
4	319	-100	-100
4	249	-100	-100
4	679	-100	-100
4	18	-100	-100
4	967	-100	-100
4	342	-100	-100
4	134	-100	-100
4	323	-100	-100
4	388	-100	-100
4	13	-100	-100
4	371	-100	-100
4	702	-100	-100
4	234	-100	-100
4	263	-100	-100
4	724	-100	-100
4	52	-100	-100
4	119	-100	-100
4	985	-100	-100
4	742	-100	-100
4	869	-100	-100
4	635	-100	-100
4	66	-100	-100
4	354	-100	-100
4	877	-100	-100
4	828	-100	-100
4	979	-100	-100
4	45	-100	-100
4	413	-100	-100
4	451	-100	-100
4	562	-100	-100
4	977	-100	-100
4	951	-100	-100
4	789	-100	-100
4	65	-100	-100
4	336	-100	-100
4	361	-100	-100
4	982	-100	-100
4	620	-100	-100
4	601	-100	-100
4	404	-100	-100
4	820	-100	-100
4	963	-100	-100
4	588	-100	-100
4	580	-100	-100
4	356	-100	-100
4	750	-100	-100
4	634	-100	-100
4	895	-100	-100
4	34	-100	-100
4	692	-100	-100
4	421	-100	-100
4	990	-100	-100
4	802	-100	-100
4	700	-100	-100
4	57	-100	-100
4	16	-100	-100
4	287	-100	-100
4	795	-100	-100
4	660	-100	-100
4	773	-100	-100
4	283	-100	-100
4	871	-100	-100
4	614	-100	-100
4	490	-100	-100
4	565	-100	-100
4	663	-100	-100
4	736	-100	-100
4	274	-100	-100
4	887	-100	-100
4	365	-100	-100
4	597	-100	-100
4	223	-100	-100
4	623	-100	-100
4	243	-100	-100
4	387	-100	-100
4	37	-100	-100
4	422	-100	-100
4	60	-100	-100
4	833	-100	-100
4	507	-100	-100
4	424	-100	-100
4	821	-100	-100
4	155	-100	-100
4	165	-100	-100
4	793	-100	-100
4	130	-100	-100
4	168	-100	-100
4	320	-100	-100
4	432	-100	-100
4	804	-100	-100
4	478	-100	-100
4	434	-100	-100
4	999	-100	-100
4	50	-100	-100
4	647	-100	-100
4	32	-100	-100
4	237	-100	-100
4	41	-100	-100
4	965	-100	-100
4	873	-100	-100
4	689	-100	-100
4	253	-100	-100
4	662	-100	-100
4	950	-100	-100
4	857	-100	-100
4	631	-100	-100
4	111	-100	-100
4	89	-100	-100
4	496	-100	-100
4	695	-100	-100
4	762	-100	-100
4	654	-100	-100
4	104	-100	-100
4	717	-100	-100
4	624	-100	-100
4	944	-100	-100
4	49	-100	-100
4	542	-100	-100
4	258	-100	-100
4	425	-100	-100
4	329	-100	-100
4	556	-100	-100
4	992	-100	-100
4	483	-100	-100
4	157	-100	-100
4	125	-100	-100
4	209	-100	-100
4	546	-100	-100
4	754	-100	-100
4	817	-100	-100
4	133	-100	-100
4	806	-100	-100
4	690	-100	-100
4	241	-100	-100
4	107	-100	-100
4	327	-100	-100
4	581	-100	-100
4	511	-100	-100
4	480	-100	-100
4	385	-100	-100
4	996	-100	-100
4	459	-100	-100
4	164	-100	-100
4	823	-100	-100
4	733	-100	-100
4	132	-100	-100
4	875	-100	-100
4	524	-100	-100
4	986	-100	-100
4	718	-100	-100
4	313	-100	-100
4	415	-100	-100
4	888	-100	-100
4	788	-100	-100
4	748	-100	-100
4	528	-100	-100
4	353	-100	-100
4	712	-100	-100
4	242	-100	-100
4	782	-100	-100
4	843	-100	-100
4	491	-100	-100
4	108	-100	-100
4	548	-100	-100
4	151	-100	-100
4	15	-100	-100
4	694	-100	-100
4	642	-100	-100
4	504	-100	-100
4	988	-100	-100
4	968	-100	-100
4	745	-100	-100
4	739	-100	-100
4	94	-100	-100
4	457	-100	-100
4	930	-100	-100
4	636	-100	-100
4	118	-100	-100
4	539	-100	-100
4	845	-100	-100
4	20	-100	-100
4	867	-100	-100
4	101	-100	-100
4	868	-100	-100
4	398	-100	-100
4	402	-100	-100
4	80	-100	-100
4	659	-100	-100
4	589	-100	-100
4	352	-100	-100
4	698	-100	-100
4	73	-100	-100
4	407	-100	-100
4	879	-100	-100
4	367	-100	-100
4	368	-100	-100
4	322	-100	-100
4	152	-100	-100
4	386	-100	-100
4	734	-100	-100
4	403	-100	-100
4	508	-100	-100
4	830	-100	-100
4	156	-100	-100
4	609	-100	-100
4	450	-100	-100
4	924	-100	-100
4	299	-100	-100
4	148	-100	-100
4	669	-100	-100
4	510	-100	-100
4	978	-100	-100
4	569	-100	-100
4	607	-100	-100
4	233	-100	-100
4	629	-100	-100
4	467	-100	-100
4	212	-100	-100
4	288	-100	-100
4	311	-100	-100
4	763	-100	-100
4	598	-100	-100
4	920	-100	-100
4	799	-100	-100
4	727	-100	-100
4	112	-100	-100
4	681	-100	-100
4	928	-100	-100
4	680	-100	-100
4	722	-100	-100
4	364	-100	-100
4	567	-100	-100
4	259	-100	-100
4	756	-100	-100
4	221	-100	-100
4	723	-100	-100
4	971	-100	-100
4	905	-100	-100
4	431	-100	-100
4	628	-100	-100
4	958	-100	-100
4	752	-100	-100
4	777	-100	-100
4	863	-100	-100
4	426	-100	-100
4	687	-100	-100
4	256	-100	-100
4	814	-100	-100
4	805	-100	-100
4	302	-100	-100
4	225	-100	-100
4	460	-100	-100
4	512	-100	-100
4	419	-100	-100
4	296	-100	-100
4	903	-100	-100
4	499	-100	-100
4	127	-100	-100
4	417	-100	-100
4	43	-100	-100
4	711	-100	-100
4	592	-100	-100
4	303	-100	-100
4	713	-100	-100
4	658	-100	-100
4	167	-100	-100
4	217	-100	-100
4	391	-100	-100
4	215	-100	-100
4	416	-100	-100
4	472	-100	-100
4	411	-100	-100
4	250	-100	-100
4	755	-100	-100
4	255	-100	-100
4	418	-100	-100
4	92	-100	-100
4	731	-100	-100
4	509	-100	-100
4	564	-100	-100
4	71	-100	-100
4	591	-100	-100
4	866	-100	-100
4	608	-100	-100
4	412	-100	-100
4	705	-100	-100
4	63	-100	-100
4	829	-100	-100
4	10	-100	-100
4	312	-100	-100
4	461	-100	-100
4	653	-100	-100
4	446	-100	-100
4	517	-100	-100
4	798	-100	-100
4	53	-100	-100
4	453	-100	-100
4	91	-100	-100
4	964	-100	-100
4	707	-100	-100
4	975	-100	-100
4	40	-100	-100
4	493	-100	-100
4	902	-100	-100
4	701	-100	-100
4	881	-100	-100
4	328	-100	-100
4	207	-100	-100
4	955	-100	-100
4	23	-100	-100
4	349	-100	-100
4	956	-100	-100
4	498	-100	-100
4	671	-100	-100
4	729	-100	-100
4	650	-100	-100
4	874	-100	-100
4	939	-100	-100
4	206	-100	-100
4	732	-100	-100
4	531	-100	-100
4	516	-100	-100
4	929	-100	-100
4	410	-100	-100
4	595	-100	-100
4	599	-100	-100
4	972	-100	-100
4	116	-100	-100
4	285	-100	-100
4	725	-100	-100
4	137	-100	-100
4	514	-100	-100
4	315	-100	-100
4	479	-100	-100
4	343	-100	-100
4	120	-100	-100
4	994	-100	-100
4	976	-100	-100
4	141	-100	-100
4	265	-100	-100
4	334	-100	-100
4	948	-100	-100
4	35	-100	-100
4	87	-100	-100
4	442	-100	-100
4	709	-100	-100
4	300	-100	-100
4	294	-100	-100
4	332	-100	-100
4	90	-100	-100
4	124	-100	-100
4	981	-100	-100
4	286	-100	-100
4	677	-100	-100
4	122	-100	-100
4	485	-100	-100
4	238	-100	-100
4	993	-100	-100
4	809	-100	-100
4	747	-100	-100
4	807	-100	-100
4	611	-100	-100
4	855	-100	-100
4	366	-100	-100
4	284	-100	-100
4	685	-100	-100
4	839	-100	-100
4	400	-100	-100
4	31	-100	-100
4	17	-100	-100
4	301	-100	-100
4	720	-100	-100
4	991	-100	-100
4	841	-100	-100
4	505	-100	-100
4	25	-100	-100
4	696	-100	-100
4	433	-100	-100
4	630	-100	-100
4	474	-100	-100
4	14	-100	-100
4	449	-100	-100
4	441	-100	-100
4	997	-100	-100
4	544	-100	-100
4	395	-100	-100
4	540	-100	-100
4	85	-100	-100
4	943	-100	-100
4	954	-100	-100
4	487	-100	-100
4	260	-100	-100
4	886	-100	-100
4	270	-100	-100
4	227	-100	-100
4	638	-100	-100
4	803	-100	-100
4	657	-100	-100
4	626	-100	-100
4	341	-100	-100
4	758	-100	-100
4	578	-100	-100
4	86	-100	-100
4	923	-100	-100
4	166	-100	-100
4	292	-100	-100
4	298	-100	-100
4	774	-100	-100
4	796	-100	-100
4	882	-100	-100
4	115	-100	-100
4	854	-100	-100
4	617	-100	-100
4	775	-100	-100
4	271	-100	-100
4	348	-100	-100
4	471	-100	-100
4	545	-100	-100
4	730	-100	-100
4	397	-100	-100
4	957	-100	-100
4	289	-100	-100
4	64	-100	-100
4	619	-100	-100
4	48	-100	-100
4	143	-100	-100
4	500	-100	-100
4	915	-100	-100
4	11	-100	-100
4	380	-100	-100
4	772	-100	-100
4	159	-100	-100
4	448	-100	-100
4	372	-100	-100
4	665	-100	-100
4	876	-100	-100
4	261	-100	-100
4	147	-100	-100
4	622	-100	-100
4	405	-100	-100
4	375	-100	-100
4	641	-100	-100
4	393	-100	-100
4	123	-100	-100
4	872	-100	-100
7	586	-100	-100
7	723	-100	-100
7	173	-100	-100
7	107	-100	-100
7	999	-100	-100
7	758	-100	-100
7	87	-100	-100
7	633	-100	-100
7	778	-100	-100
7	720	-100	-100
7	538	-100	-100
7	990	-100	-100
7	289	-100	-100
7	557	-100	-100
7	325	-100	-100
7	511	-100	-100
7	72	-100	-100
7	828	-100	-100
7	744	-100	-100
7	518	-100	-100
7	967	-100	-100
7	163	-100	-100
7	774	-100	-100
7	564	-100	-100
7	603	-100	-100
7	987	-100	-100
7	134	-100	-100
7	279	-100	-100
7	343	-100	-100
7	161	-100	-100
7	642	-100	-100
7	714	-100	-100
7	631	-100	-100
7	730	-100	-100
7	673	-100	-100
7	891	-100	-100
7	430	-100	-100
7	204	-100	-100
7	854	-100	-100
7	608	-100	-100
7	842	-100	-100
7	719	-100	-100
7	158	-100	-100
7	483	-100	-100
7	784	-100	-100
7	616	-100	-100
7	880	-100	-100
7	414	-100	-100
7	966	-100	-100
7	264	-100	-100
7	178	-100	-100
7	857	-100	-100
7	688	-100	-100
7	100	-100	-100
7	922	-100	-100
7	312	-100	-100
7	668	-100	-100
7	924	-100	-100
7	94	-100	-100
7	629	-100	-100
7	269	-100	-100
7	437	-100	-100
7	521	-100	-100
7	57	-100	-100
7	530	-100	-100
7	604	-100	-100
7	445	-100	-100
7	532	-100	-100
7	22	-100	-100
7	69	-100	-100
7	383	-100	-100
7	637	-100	-100
7	244	-100	-100
7	751	-100	-100
7	929	-100	-100
7	29	-100	-100
7	424	-100	-100
7	753	-100	-100
7	903	-100	-100
7	157	-100	-100
7	11	-100	-100
7	553	-100	-100
7	189	-100	-100
7	507	-100	-100
7	362	-100	-100
7	950	-100	-100
7	648	-100	-100
7	109	-100	-100
7	958	-100	-100
7	431	-100	-100
7	911	-100	-100
7	182	-100	-100
7	441	-100	-100
7	373	-100	-100
7	580	-100	-100
7	213	-100	-100
7	939	-100	-100
7	593	-100	-100
7	493	-100	-100
7	206	-100	-100
7	826	-100	-100
7	773	-100	-100
7	919	-100	-100
7	612	-100	-100
7	374	-100	-100
7	476	-100	-100
7	326	-100	-100
7	510	-100	-100
7	649	-100	-100
7	667	-100	-100
7	311	-100	-100
7	403	-100	-100
7	624	-100	-100
7	183	-100	-100
7	258	-100	-100
7	53	-100	-100
7	942	-100	-100
7	798	-100	-100
7	934	-100	-100
7	287	-100	-100
7	592	-100	-100
7	448	-100	-100
7	215	-100	-100
7	912	-100	-100
7	747	-100	-100
7	599	-100	-100
7	698	-100	-100
7	776	-100	-100
7	398	-100	-100
7	935	-100	-100
7	707	-100	-100
7	808	-100	-100
7	692	-100	-100
7	716	-100	-100
7	623	-100	-100
7	552	-100	-100
7	97	-100	-100
7	928	-100	-100
7	115	-100	-100
7	152	-100	-100
7	498	-100	-100
7	81	-100	-100
7	331	-100	-100
7	310	-100	-100
7	861	-100	-100
7	906	-100	-100
7	660	-100	-100
7	756	-100	-100
7	231	-100	-100
7	71	-100	-100
7	697	-100	-100
7	347	-100	-100
7	274	-100	-100
7	522	-100	-100
7	588	-100	-100
7	45	-100	-100
7	634	-100	-100
7	823	-100	-100
7	201	-100	-100
7	420	-100	-100
7	399	-100	-100
7	585	-100	-100
7	567	-100	-100
7	284	-100	-100
7	58	-100	-100
7	391	-100	-100
7	327	-100	-100
7	734	-100	-100
7	690	-100	-100
7	372	-100	-100
7	613	-100	-100
7	202	-100	-100
7	975	-100	-100
7	540	-100	-100
7	409	-100	-100
7	382	-100	-100
7	198	-100	-100
7	757	-100	-100
7	50	-100	-100
7	273	-100	-100
7	569	-100	-100
7	114	-100	-100
7	866	-100	-100
7	982	-100	-100
7	696	-100	-100
7	478	-100	-100
7	418	-100	-100
7	505	-100	-100
7	594	-100	-100
7	724	-100	-100
7	827	-100	-100
7	410	-100	-100
7	888	-100	-100
7	438	-100	-100
7	306	-100	-100
7	945	-100	-100
7	492	-100	-100
7	596	-100	-100
7	209	-100	-100
7	981	-100	-100
7	39	-100	-100
7	679	-100	-100
7	549	-100	-100
7	188	-100	-100
7	248	-100	-100
7	771	-100	-100
7	617	-100	-100
7	51	-100	-100
7	762	-100	-100
7	102	-100	-100
7	336	-100	-100
7	78	-100	-100
7	836	-100	-100
7	867	-100	-100
7	641	-100	-100
7	764	-100	-100
7	91	-100	-100
7	918	-100	-100
7	709	-100	-100
7	662	-100	-100
7	333	-100	-100
7	800	-100	-100
7	427	-100	-100
7	977	-100	-100
7	806	-100	-100
7	796	-100	-100
7	843	-100	-100
7	419	-100	-100
7	728	-100	-100
7	847	-100	-100
7	732	-100	-100
7	988	-100	-100
7	246	-100	-100
7	562	-100	-100
7	491	-100	-100
7	509	-100	-100
7	344	-100	-100
7	17	-100	-100
7	735	-100	-100
7	620	-100	-100
7	546	-100	-100
7	855	-100	-100
7	920	-100	-100
7	1000	-100	-100
7	563	-100	-100
7	263	-100	-100
7	351	-100	-100
7	858	-100	-100
7	936	-100	-100
7	106	-100	-100
7	237	-100	-100
7	993	-100	-100
7	421	-100	-100
7	20	-100	-100
7	671	-100	-100
7	54	-100	-100
7	164	-100	-100
7	893	-100	-100
7	818	-100	-100
7	632	-100	-100
7	654	-100	-100
7	694	-100	-100
7	729	-100	-100
7	869	-100	-100
7	251	-100	-100
7	527	-100	-100
7	291	-100	-100
7	31	-100	-100
7	790	-100	-100
7	932	-100	-100
7	810	-100	-100
7	980	-100	-100
7	913	-100	-100
7	128	-100	-100
7	118	-100	-100
7	606	-100	-100
7	259	-100	-100
7	360	-100	-100
7	970	-100	-100
7	210	-100	-100
7	393	-100	-100
7	166	-100	-100
7	554	-100	-100
7	271	-100	-100
7	765	-100	-100
7	663	-100	-100
7	956	-100	-100
7	243	-100	-100
7	877	-100	-100
7	496	-100	-100
7	656	-100	-100
7	581	-100	-100
7	160	-100	-100
7	227	-100	-100
7	529	-100	-100
7	838	-100	-100
7	658	-100	-100
7	147	-100	-100
7	814	-100	-100
7	416	-100	-100
7	270	-100	-100
7	486	-100	-100
7	283	-100	-100
7	426	-100	-100
7	148	-100	-100
7	304	-100	-100
7	621	-100	-100
7	332	-100	-100
7	573	-100	-100
7	272	-100	-100
7	605	-100	-100
7	971	-100	-100
7	429	-100	-100
7	216	-100	-100
7	205	-100	-100
7	440	-100	-100
7	481	-100	-100
7	879	-100	-100
7	319	-100	-100
7	379	-100	-100
7	199	-100	-100
7	665	-100	-100
7	712	-100	-100
7	388	-100	-100
7	693	-100	-100
7	356	-100	-100
7	400	-100	-100
7	636	-100	-100
7	949	-100	-100
7	200	-100	-100
7	2	-100	-100
7	651	-100	-100
7	994	-100	-100
7	960	-100	-100
7	119	-100	-100
7	725	-100	-100
7	385	-100	-100
7	655	-100	-100
7	895	-100	-100
7	622	-100	-100
7	535	-100	-100
7	82	-100	-100
7	561	-100	-100
7	177	-100	-100
7	48	-100	-100
7	837	-100	-100
7	824	-100	-100
7	447	-100	-100
7	168	-100	-100
7	998	-100	-100
7	190	-100	-100
7	473	-100	-100
7	931	-100	-100
7	14	-100	-100
7	609	-100	-100
7	392	-100	-100
7	105	-100	-100
7	349	-100	-100
7	28	-100	-100
7	576	-100	-100
7	67	-100	-100
7	296	-100	-100
7	413	-100	-100
7	328	-100	-100
7	449	-100	-100
7	745	-100	-100
7	358	-100	-100
7	787	-100	-100
7	76	-100	-100
7	691	-100	-100
7	245	-100	-100
7	677	-100	-100
7	103	-100	-100
7	583	-100	-100
7	914	-100	-100
7	406	-100	-100
7	686	-100	-100
7	120	-100	-100
7	412	-100	-100
7	706	-100	-100
7	68	-100	-100
7	737	-100	-100
7	864	-100	-100
7	726	-100	-100
7	96	-100	-100
7	566	-100	-100
7	488	-100	-100
7	678	-100	-100
7	15	-100	-100
7	947	-100	-100
7	149	-100	-100
7	313	-100	-100
7	221	-100	-100
7	186	-100	-100
7	192	-100	-100
7	749	-100	-100
7	868	-100	-100
7	281	-100	-100
7	218	-100	-100
7	494	-100	-100
7	46	-100	-100
7	992	-100	-100
7	941	-100	-100
7	669	-100	-100
7	718	-100	-100
7	127	-100	-100
7	551	-100	-100
7	503	-100	-100
7	422	-100	-100
7	533	-100	-100
7	229	-100	-100
7	85	-100	-100
7	285	-100	-100
7	234	-100	-100
7	169	-100	-100
7	423	-100	-100
7	901	-100	-100
7	926	-100	-100
7	923	-100	-100
7	66	-100	-100
7	339	-100	-100
7	841	-100	-100
7	863	-100	-100
7	755	-100	-100
7	820	-100	-100
7	695	-100	-100
7	575	-100	-100
7	74	-100	-100
7	224	-100	-100
7	937	-100	-100
7	925	-100	-100
7	770	-100	-100
7	30	-100	-100
7	435	-100	-100
7	43	-100	-100
7	110	-100	-100
7	179	-100	-100
7	811	-100	-100
7	479	-100	-100
7	25	-100	-100
7	223	-100	-100
7	961	-100	-100
7	439	-100	-100
7	240	-100	-100
7	434	-100	-100
7	167	-100	-100
7	401	-100	-100
7	733	-100	-100
7	95	-100	-100
7	610	-100	-100
7	376	-100	-100
7	904	-100	-100
7	180	-100	-100
7	902	-100	-100
7	324	-100	-100
7	44	-100	-100
7	145	-100	-100
7	346	-100	-100
7	280	-100	-100
7	41	-100	-100
7	560	-100	-100
7	341	-100	-100
7	680	-100	-100
7	298	-100	-100
7	111	-100	-100
7	746	-100	-100
7	852	-100	-100
7	777	-100	-100
7	763	-100	-100
7	595	-100	-100
7	428	-100	-100
7	293	-100	-100
7	155	-100	-100
7	275	-100	-100
7	983	-100	-100
7	387	-100	-100
7	314	-100	-100
7	308	-100	-100
7	846	-100	-100
7	260	-100	-100
7	175	-100	-100
7	513	-100	-100
7	140	-100	-100
7	872	-100	-100
7	37	-100	-100
7	195	-100	-100
7	295	-100	-100
7	682	-100	-100
7	985	-100	-100
7	65	-100	-100
7	124	-100	-100
7	23	-100	-100
7	628	-100	-100
7	722	-100	-100
7	890	-100	-100
7	321	-100	-100
7	367	-100	-100
7	99	-100	-100
7	711	-100	-100
7	788	-100	-100
7	24	-100	-100
7	523	-100	-100
7	952	-100	-100
7	108	-100	-100
7	759	-100	-100
7	294	-100	-100
7	241	-100	-100
7	402	-100	-100
7	802	-100	-100
7	976	-100	-100
7	786	-100	-100
7	26	-100	-100
7	520	-100	-100
7	607	-100	-100
7	799	-100	-100
7	482	-100	-100
7	789	-100	-100
7	996	-100	-100
7	783	-100	-100
7	116	-100	-100
7	850	-100	-100
7	300	-100	-100
7	354	-100	-100
7	252	-100	-100
7	670	-100	-100
7	480	-100	-100
7	938	-100	-100
7	675	-100	-100
7	485	-100	-100
7	501	-100	-100
7	75	-100	-100
7	894	-100	-100
7	752	-100	-100
7	834	-100	-100
7	767	-100	-100
7	876	-100	-100
7	86	-100	-100
7	425	-100	-100
7	307	-100	-100
7	122	-100	-100
7	643	-100	-100
7	801	-100	-100
7	526	-100	-100
7	135	-100	-100
7	957	-100	-100
7	301	-100	-100
7	572	-100	-100
7	878	-100	-100
7	602	-100	-100
7	211	-100	-100
7	943	-100	-100
7	528	-100	-100
7	32	-100	-100
7	340	-100	-100
7	840	-100	-100
7	615	-100	-100
7	139	-100	-100
7	534	-100	-100
7	359	-100	-100
709	591	-100	-100
709	697	-100	-100
709	770	-100	-100
709	636	-100	-100
636	298	-100	-100
636	447	-100	-100
636	95	-100	-100
843	176	-100	-100
843	699	-100	-100
843	236	-100	-100
843	575	-100	-100
939	514	-100	-100
939	45	-100	-100
939	731	-100	-100
939	704	-100	-100
69	446	-100	-100
69	365	-100	-100
69	920	-100	-100
69	113	-100	-100
658	449	-100	-100
658	959	-100	-100
658	498	-100	-100
658	60	-100	-100
642	25	-100	-100
642	376	-100	-100
642	686	-100	-100
642	196	-100	-100
901	784	-100	-100
734	763	-100	-100
871	365	-100	-100
85	834	-100	-100
394	463	-100	-100
348	18	-100	-100
502	386	-100	-100
346	938	-100	-100
254	593	-100	-100
538	174	-100	-100
565	749	-100	-100
965	865	-100	-100
948	954	-100	-100
161	217	-100	-100
614	190	-100	-100
593	605	-100	-100
427	741	-100	-100
224	803	-100	-100
104	184	-100	-100
357	83	-100	-100
355	766	-100	-100
370	162	-100	-100
813	475	-100	-100
