1000
3068
2
1	2	9	3
1	3	3	7
1	4	1	7
1	5	9	8
1	6	5	7
1	7	10	9
1	8	8	2
1	9	10	6
1	10	9	8
1	11	4	7
1	12	10	4
1	13	1	2
1	14	10	2
1	15	10	7
1	16	6	7
1	17	10	4
1	18	7	10
1	19	5	6
1	20	1	5
1	21	7	9
1	22	2	5
1	23	1	8
1	24	4	6
1	25	1	5
1	26	5	1
1	27	9	8
1	28	1	4
1	29	9	10
1	30	7	3
1	31	6	3
1	32	9	8
1	33	4	3
1	34	5	3
1	35	9	8
1	36	1	3
1	37	8	10
1	38	7	8
1	39	2	4
1	40	4	8
1	41	3	2
1	42	1	9
1	43	3	1
1	44	3	6
1	45	9	4
1	46	2	1
1	47	2	4
1	48	9	8
1	49	3	5
1	50	5	7
1	51	10	8
1	52	7	5
1	53	5	2
1	54	4	2
1	55	2	9
1	56	3	5
1	57	4	9
1	58	5	4
1	59	3	5
1	60	3	4
1	61	3	4
1	62	1	8
1	63	2	6
1	64	7	4
1	65	6	10
1	66	2	4
1	67	10	9
1	68	6	5
1	69	8	5
1	70	3	5
1	71	9	7
1	72	6	5
2	73	6	3
2	74	5	3
2	75	7	5
2	76	7	8
2	77	1	5
2	78	6	10
2	79	1	6
3	80	9	8
3	81	8	2
3	82	2	9
3	83	6	2
3	84	9	7
3	85	2	4
3	86	6	7
3	87	4	7
3	88	7	10
3	89	6	10
3	90	6	10
3	91	3	1
3	92	1	10
3	93	5	9
3	94	7	3
3	95	4	7
3	96	1	4
3	97	7	6
3	98	3	5
3	99	6	8
3	100	4	1
3	101	5	2
3	102	5	4
3	103	2	1
3	104	5	2
3	105	7	4
3	106	8	1
3	107	4	9
3	108	5	7
3	109	2	4
3	110	9	2
3	111	1	8
3	112	2	6
3	113	7	3
3	114	1	3
3	115	6	1
3	116	5	4
3	117	1	7
3	118	6	4
3	119	1	5
3	120	4	2
3	121	1	4
3	122	7	5
3	123	8	9
3	124	7	9
3	125	2	9
3	126	9	8
3	127	3	4
3	128	10	3
3	129	8	10
3	130	5	7
3	131	1	5
3	132	9	4
3	133	4	3
3	134	5	8
3	135	6	4
3	136	2	9
3	137	3	6
3	138	10	7
3	139	3	9
3	140	5	4
3	141	9	6
3	142	5	10
3	143	4	7
3	144	10	9
3	145	4	6
3	146	6	4
3	147	10	2
3	148	1	6
3	149	7	6
3	150	4	10
3	151	1	7
3	152	9	2
3	153	4	9
3	154	2	1
3	155	4	5
3	156	10	6
3	157	3	7
3	158	9	4
3	159	9	7
3	160	5	8
3	161	3	5
3	162	2	1
3	163	8	7
3	164	5	2
3	165	9	8
3	166	6	2
3	167	3	9
3	168	5	1
3	169	9	5
4	170	2	6
4	171	2	4
4	172	6	4
4	173	8	10
4	174	6	4
4	175	7	5
4	176	2	8
4	177	1	8
4	178	1	8
4	179	3	4
4	180	5	1
4	181	6	8
4	182	10	6
4	183	10	7
4	184	9	3
4	185	4	3
4	186	9	4
4	187	1	5
4	188	8	3
4	189	2	5
4	190	6	5
4	191	9	2
4	192	5	7
4	193	3	2
4	194	3	2
4	195	2	1
4	196	2	10
4	197	1	6
4	198	9	3
4	199	5	3
4	200	7	2
4	201	8	10
4	202	7	4
4	203	1	3
4	204	2	1
4	205	2	4
5	206	8	1
5	207	10	5
5	208	7	4
5	209	2	10
5	210	1	4
5	211	4	7
5	212	8	10
5	213	5	4
5	214	9	3
5	215	6	8
5	216	10	9
5	217	8	10
5	218	7	8
5	219	1	4
5	220	4	7
5	221	9	8
5	222	5	7
5	223	8	7
5	224	8	2
5	225	9	5
5	226	2	4
5	227	3	4
5	228	1	7
5	229	7	3
5	230	8	2
5	231	7	8
5	232	4	1
5	233	5	10
5	234	9	4
5	235	3	5
5	236	5	10
5	237	6	3
5	238	9	4
5	239	8	7
5	240	8	3
5	241	9	4
5	242	8	4
5	243	4	2
5	244	9	1
5	245	7	3
5	246	7	1
5	33	9	5
5	247	6	4
5	248	2	1
5	249	2	4
5	250	6	5
5	251	9	2
5	252	6	4
5	253	4	5
5	254	8	10
5	255	2	6
5	256	7	2
5	257	9	5
5	258	2	4
5	259	3	8
5	260	1	6
5	261	5	10
5	262	5	2
5	263	3	10
5	264	4	1
5	265	7	4
5	266	8	10
5	267	3	8
5	268	7	1
5	269	1	8
5	270	1	5
5	271	1	5
5	272	9	6
5	273	9	7
5	274	6	1
5	275	3	9
5	276	4	1
5	277	2	3
5	278	6	2
5	279	3	4
5	280	8	5
5	281	1	7
5	282	2	8
5	283	7	6
5	284	2	3
5	285	1	5
5	286	3	10
5	287	8	7
6	288	9	8
6	289	3	9
6	290	7	6
6	291	10	3
6	292	1	2
6	293	9	6
6	294	5	9
6	295	2	8
6	296	7	6
6	297	3	1
6	298	8	3
6	299	2	4
6	300	10	9
6	301	1	6
6	302	9	10
6	303	5	7
6	304	7	8
6	305	10	9
6	306	3	5
6	307	3	6
6	308	6	3
6	309	6	5
6	310	2	5
6	311	2	3
6	312	1	8
6	313	9	1
6	314	6	8
6	315	6	2
6	316	1	6
6	317	5	7
6	318	4	8
6	319	2	4
6	320	6	9
6	321	8	2
6	322	3	10
6	323	7	4
6	324	8	4
6	325	8	4
6	326	7	4
6	327	6	8
6	328	6	5
6	329	1	8
6	330	9	8
6	8	10	3
6	331	5	9
6	332	3	2
6	333	2	3
6	334	5	2
6	335	3	2
6	336	4	7
6	337	2	9
6	10	5	8
6	338	8	9
6	339	8	1
6	340	1	7
6	341	7	10
6	342	4	1
6	343	1	9
6	344	2	5
6	345	8	6
6	346	5	9
6	347	4	2
6	348	1	5
6	349	7	2
6	350	1	7
6	351	8	7
6	14	6	8
6	352	7	6
6	353	9	7
6	354	10	6
6	355	2	8
6	356	7	6
6	357	1	3
6	358	10	5
6	179	1	2
6	359	2	4
6	360	2	4
6	361	4	7
6	362	2	4
6	363	3	5
6	364	8	6
6	239	8	2
6	365	7	1
6	366	7	10
6	367	7	6
6	368	5	2
6	369	9	1
6	22	6	9
6	370	2	4
6	371	7	5
6	372	3	4
6	373	10	5
6	374	6	9
6	375	3	8
6	376	7	2
6	377	8	10
6	378	10	1
6	379	7	9
6	380	6	1
6	381	8	4
6	382	10	5
6	383	5	7
6	384	6	5
6	242	7	6
6	385	5	4
6	386	1	7
6	387	5	6
6	388	10	2
6	389	2	8
6	390	1	6
6	391	2	9
6	33	4	3
6	392	2	3
6	393	8	4
6	394	7	6
6	395	2	8
6	396	10	7
6	397	8	7
6	398	8	7
6	399	10	5
6	400	5	3
6	401	9	10
6	402	10	8
6	403	10	1
6	404	4	3
6	405	6	10
6	406	2	6
6	407	2	1
6	408	3	9
6	42	9	5
6	409	5	2
6	410	7	8
6	411	5	7
6	412	1	5
6	413	8	5
6	414	8	4
6	415	9	2
6	416	2	1
6	43	8	10
6	417	9	8
6	418	5	8
6	419	7	10
6	420	7	6
6	421	6	10
6	422	10	1
6	423	4	10
6	424	3	1
6	425	1	7
6	426	10	1
6	427	10	5
6	428	2	6
6	429	5	10
6	430	10	8
6	431	9	4
6	432	8	1
6	433	5	10
6	434	8	3
6	435	8	9
6	436	3	8
6	437	7	3
6	438	5	10
6	439	3	9
6	440	8	6
6	441	5	8
6	442	8	4
6	443	2	10
6	444	10	3
6	445	4	1
6	446	6	2
6	447	4	8
6	448	6	2
6	449	9	2
6	450	6	5
6	451	5	8
7	452	2	10
7	453	1	9
7	454	4	3
7	455	3	6
7	456	9	6
7	457	2	5
7	458	2	9
7	459	8	1
7	460	9	3
7	461	5	8
7	462	4	5
7	463	10	5
7	464	6	8
7	33	10	5
7	465	1	2
7	466	8	10
7	467	1	8
7	56	7	2
7	468	9	8
7	469	10	7
7	470	8	4
7	471	2	7
8	472	7	9
8	473	4	1
8	474	2	9
8	475	4	7
8	476	9	10
8	477	7	1
8	478	8	3
8	479	3	2
8	480	9	4
8	481	7	1
8	482	10	5
8	483	8	3
8	484	8	6
8	485	5	2
8	486	3	8
8	487	8	3
8	488	5	3
8	489	9	1
8	490	3	10
8	491	6	4
8	492	2	1
8	493	1	10
8	494	2	8
8	221	3	1
8	495	6	10
8	496	10	6
8	497	8	1
8	498	4	7
8	499	10	7
8	500	5	4
8	501	4	6
8	502	9	1
8	503	4	2
8	504	5	7
8	505	7	4
8	506	1	3
8	507	8	3
8	508	8	1
8	509	9	4
8	510	9	7
8	511	7	3
8	512	7	10
8	13	8	7
8	513	6	7
8	514	1	7
8	515	8	9
8	516	5	8
8	517	7	6
8	518	2	3
8	356	8	9
8	519	8	3
8	520	6	8
8	521	3	9
8	522	8	3
8	523	7	4
8	524	9	1
8	525	2	8
8	526	1	9
8	527	10	6
8	528	3	9
8	529	9	7
8	530	2	5
8	531	2	9
8	532	3	2
8	533	1	8
8	534	2	4
8	535	6	9
8	536	3	4
8	373	8	7
8	537	9	3
8	538	2	7
8	539	10	4
8	540	10	5
8	541	6	8
8	542	8	9
8	543	7	2
8	544	6	5
8	545	5	4
8	546	1	3
8	244	4	10
8	547	7	3
8	548	7	3
8	549	7	9
8	550	4	8
8	551	5	4
8	552	5	1
8	553	7	6
8	554	5	7
8	555	8	10
8	556	2	6
8	557	2	6
8	558	4	10
8	559	8	2
8	560	3	9
8	400	6	2
8	561	10	8
8	562	4	3
8	563	3	2
8	564	2	6
8	565	8	10
8	566	10	6
8	567	3	2
8	568	8	2
8	569	8	7
8	570	1	4
8	571	3	8
8	572	1	2
8	573	9	10
8	574	9	4
8	575	10	5
8	255	3	6
8	576	4	7
8	577	3	10
8	578	5	8
8	579	6	3
8	580	7	4
8	581	6	7
8	582	9	10
8	583	10	7
8	584	5	7
8	585	3	8
8	586	4	9
8	587	6	5
8	588	2	6
8	423	7	9
8	589	1	7
8	590	8	5
8	591	10	3
8	592	9	10
8	593	10	6
8	594	4	8
8	595	8	6
8	596	3	4
8	597	6	3
8	598	6	9
8	599	1	5
8	600	3	5
8	601	10	9
8	602	3	7
8	603	5	2
8	604	5	9
8	605	8	3
8	606	8	5
8	607	1	9
8	608	1	8
8	609	9	6
8	610	10	2
8	611	2	1
8	55	1	10
8	612	9	3
8	613	3	10
8	614	7	2
8	615	1	2
8	616	2	7
8	617	4	2
8	618	6	9
8	60	7	5
8	619	3	6
8	620	2	9
8	621	10	1
8	622	1	10
8	623	9	5
8	624	6	2
8	625	3	8
8	626	10	5
8	627	9	7
8	628	8	7
8	629	1	9
8	69	6	2
8	630	7	2
8	631	10	1
9	632	2	8
9	633	4	7
9	634	8	1
9	635	1	10
9	636	1	4
9	637	9	4
9	638	7	5
9	639	7	10
9	640	8	5
9	641	6	4
9	642	9	4
9	643	8	9
9	644	7	4
9	645	5	2
9	646	3	10
9	647	9	1
9	648	5	3
9	649	2	1
9	650	9	5
9	651	9	1
9	652	9	10
9	653	5	6
9	654	10	6
9	655	4	6
9	656	4	1
9	657	10	6
9	658	7	2
9	659	4	1
9	660	1	5
9	661	7	5
9	662	8	4
9	663	1	9
9	664	9	5
9	665	8	5
9	666	5	7
9	667	5	4
9	668	9	5
9	669	3	2
9	670	10	3
9	671	2	4
9	672	9	7
9	673	7	3
9	674	9	1
9	675	9	2
9	676	10	9
9	677	10	3
9	678	8	5
9	679	7	3
9	680	1	7
9	681	9	2
9	682	7	4
9	683	3	8
9	684	6	1
9	685	1	5
9	686	4	1
9	172	3	7
9	687	10	9
9	688	8	7
9	689	8	7
9	690	10	5
9	691	3	2
9	692	3	7
9	693	4	5
9	694	4	6
9	695	4	5
9	696	6	2
9	697	2	10
9	698	4	9
9	699	4	3
9	700	6	5
9	701	2	4
9	702	9	2
9	703	6	4
9	704	2	6
9	705	5	3
9	706	9	1
9	707	7	4
9	708	6	1
9	709	10	2
9	710	5	8
9	711	6	4
9	712	1	10
9	713	1	4
9	714	6	7
9	715	10	7
9	716	9	8
9	717	7	2
9	718	10	9
9	719	4	10
9	720	6	2
9	721	3	4
9	722	2	9
9	723	8	7
9	724	9	3
9	725	8	3
9	726	8	3
9	727	5	2
9	728	7	5
9	495	7	5
9	729	6	3
9	730	2	10
9	731	5	4
9	732	10	4
9	733	7	5
9	734	1	8
9	735	2	7
9	736	1	6
9	737	6	2
9	738	4	3
9	739	8	1
9	740	1	9
9	741	2	4
9	742	3	9
9	743	9	6
9	744	6	7
9	745	7	10
9	746	6	9
9	747	1	7
9	748	6	2
9	749	8	2
9	750	5	9
9	751	3	4
9	752	4	7
9	753	8	10
9	754	7	5
9	755	6	1
9	756	9	2
9	757	2	9
9	758	7	4
9	759	10	4
9	502	10	9
9	760	1	6
9	761	2	3
9	762	2	8
9	763	10	7
9	764	5	10
9	765	2	8
9	766	8	6
9	767	3	9
9	768	1	3
9	769	9	1
9	770	2	8
9	771	8	6
9	772	7	5
9	773	10	8
9	774	2	5
9	775	2	4
9	776	6	4
9	777	10	3
9	778	9	3
9	779	2	7
9	780	9	7
9	336	4	2
9	781	3	4
9	782	6	7
9	783	6	8
9	784	4	8
9	785	3	9
9	786	8	4
9	787	2	9
9	788	8	6
9	789	6	5
9	790	5	8
9	791	2	7
9	792	7	1
9	793	8	7
9	794	3	8
9	795	10	3
9	796	5	4
9	797	7	10
9	798	3	10
9	799	4	2
9	800	2	1
9	801	7	3
9	802	10	6
9	803	8	4
9	804	5	4
9	805	8	6
9	806	6	3
9	807	5	6
9	808	3	8
9	809	4	8
9	810	7	1
9	811	6	2
9	812	7	5
9	813	10	3
9	814	10	1
9	815	7	10
9	816	4	7
9	817	3	1
9	818	10	8
9	819	5	6
9	820	6	5
9	821	5	7
9	822	9	1
9	823	9	6
9	233	5	7
9	824	1	6
9	825	2	8
9	517	10	1
9	826	2	3
9	827	1	9
9	828	5	6
9	829	1	3
9	830	4	7
9	831	7	9
9	832	7	6
9	833	5	6
9	834	5	1
9	835	5	2
9	836	5	4
9	837	3	9
9	838	1	2
9	839	4	9
9	840	7	3
9	841	4	3
9	842	9	5
9	843	1	8
9	844	2	9
9	845	1	8
9	846	6	1
9	847	6	4
9	848	2	3
9	849	5	1
9	850	2	8
9	851	10	8
9	852	3	2
9	853	7	2
9	854	3	10
9	855	9	5
9	856	2	4
9	857	5	9
9	858	8	4
9	859	9	10
9	860	8	3
9	861	8	10
9	862	3	10
9	863	6	4
9	864	4	9
9	239	1	2
9	865	9	1
9	866	4	8
9	867	10	1
9	868	4	2
9	869	3	6
9	870	5	2
9	871	5	6
9	872	6	2
9	873	7	3
9	874	4	9
9	875	5	8
9	876	4	7
9	877	9	7
9	878	6	7
9	879	7	5
9	880	4	9
9	881	1	3
9	882	4	5
9	883	2	7
9	884	6	9
9	885	2	1
9	886	6	9
9	887	1	6
9	888	2	9
9	889	9	5
9	890	7	8
9	891	8	4
9	892	6	9
9	893	6	9
9	894	9	3
9	895	6	9
9	896	8	2
9	897	2	3
9	898	1	9
9	899	2	7
9	900	3	9
9	901	2	5
9	902	10	7
9	903	4	7
9	904	4	9
9	905	4	1
9	906	2	4
9	907	8	10
9	908	9	7
9	909	3	8
9	910	2	5
9	911	1	3
9	912	3	9
9	242	10	3
9	913	1	3
9	914	2	6
9	915	1	6
9	916	4	8
9	917	2	7
9	918	3	10
9	919	2	3
9	920	5	7
9	921	8	10
9	922	2	9
9	923	1	8
9	924	4	5
9	925	9	8
9	926	5	2
9	927	9	10
9	928	4	5
9	929	5	3
9	930	6	10
9	931	7	2
9	932	2	6
9	933	3	6
9	934	4	8
9	33	9	6
9	935	1	3
9	936	8	5
9	937	4	3
9	938	2	4
9	939	8	9
9	940	8	1
9	941	3	8
9	942	6	2
9	943	2	4
9	944	10	9
9	945	10	1
9	946	6	10
9	947	10	9
9	948	6	5
9	949	7	2
9	950	7	2
9	951	4	6
9	952	3	8
9	953	8	1
9	954	8	3
9	955	6	1
9	956	3	7
9	957	3	7
9	958	8	3
9	959	2	6
9	960	2	3
9	961	10	8
9	962	1	4
9	963	10	1
9	964	9	10
9	965	7	6
9	966	7	1
9	967	8	5
9	968	1	6
9	969	7	5
9	970	1	7
9	971	5	8
9	972	5	10
9	973	7	2
9	974	1	5
9	975	2	5
9	976	4	6
9	977	3	10
9	978	7	9
9	979	9	2
9	980	6	1
9	981	10	3
9	982	4	9
9	983	2	6
9	984	3	10
9	255	3	9
9	985	1	4
9	986	9	2
9	987	4	2
9	988	2	8
9	989	6	9
9	990	6	9
9	991	10	4
9	992	1	8
9	993	3	8
9	994	3	6
9	995	2	10
9	996	7	10
9	997	4	5
9	998	3	4
9	999	8	6
9	1000	10	8
6	849	-100	-100
6	560	-100	-100
6	162	-100	-100
6	838	-100	-100
6	688	-100	-100
6	102	-100	-100
6	590	-100	-100
6	694	-100	-100
6	611	-100	-100
6	804	-100	-100
6	253	-100	-100
6	576	-100	-100
6	987	-100	-100
6	790	-100	-100
6	551	-100	-100
6	52	-100	-100
6	977	-100	-100
6	750	-100	-100
6	845	-100	-100
6	477	-100	-100
6	177	-100	-100
6	785	-100	-100
6	524	-100	-100
6	136	-100	-100
6	137	-100	-100
6	999	-100	-100
6	263	-100	-100
6	497	-100	-100
6	652	-100	-100
6	936	-100	-100
6	895	-100	-100
6	215	-100	-100
6	747	-100	-100
6	993	-100	-100
6	157	-100	-100
6	178	-100	-100
6	66	-100	-100
6	93	-100	-100
6	591	-100	-100
6	466	-100	-100
6	698	-100	-100
6	63	-100	-100
6	996	-100	-100
6	853	-100	-100
6	483	-100	-100
6	677	-100	-100
6	641	-100	-100
6	781	-100	-100
6	85	-100	-100
6	897	-100	-100
6	101	-100	-100
6	986	-100	-100
6	266	-100	-100
6	193	-100	-100
6	549	-100	-100
6	465	-100	-100
6	832	-100	-100
6	87	-100	-100
6	599	-100	-100
6	252	-100	-100
6	184	-100	-100
6	632	-100	-100
6	262	-100	-100
6	964	-100	-100
6	103	-100	-100
6	190	-100	-100
6	91	-100	-100
6	983	-100	-100
6	250	-100	-100
6	858	-100	-100
6	991	-100	-100
6	141	-100	-100
6	47	-100	-100
6	479	-100	-100
6	151	-100	-100
6	233	-100	-100
6	735	-100	-100
6	745	-100	-100
6	54	-100	-100
6	20	-100	-100
6	206	-100	-100
6	956	-100	-100
6	208	-100	-100
6	26	-100	-100
6	285	-100	-100
6	612	-100	-100
6	886	-100	-100
6	585	-100	-100
6	957	-100	-100
6	620	-100	-100
6	656	-100	-100
6	278	-100	-100
6	23	-100	-100
6	718	-100	-100
6	629	-100	-100
6	724	-100	-100
6	826	-100	-100
6	452	-100	-100
6	881	-100	-100
6	945	-100	-100
6	541	-100	-100
6	246	-100	-100
6	889	-100	-100
6	793	-100	-100
6	814	-100	-100
6	248	-100	-100
6	106	-100	-100
6	35	-100	-100
6	630	-100	-100
6	556	-100	-100
6	689	-100	-100
6	679	-100	-100
6	941	-100	-100
6	665	-100	-100
6	878	-100	-100
6	34	-100	-100
6	856	-100	-100
6	870	-100	-100
6	959	-100	-100
6	542	-100	-100
6	216	-100	-100
6	209	-100	-100
6	506	-100	-100
6	749	-100	-100
6	166	-100	-100
6	873	-100	-100
6	780	-100	-100
6	188	-100	-100
6	766	-100	-100
6	72	-100	-100
6	60	-100	-100
6	948	-100	-100
6	806	-100	-100
6	763	-100	-100
6	835	-100	-100
6	163	-100	-100
6	876	-100	-100
6	920	-100	-100
6	68	-100	-100
6	160	-100	-100
6	648	-100	-100
6	674	-100	-100
6	498	-100	-100
6	201	-100	-100
6	717	-100	-100
6	105	-100	-100
6	863	-100	-100
6	196	-100	-100
6	773	-100	-100
6	754	-100	-100
6	884	-100	-100
6	453	-100	-100
6	207	-100	-100
6	56	-100	-100
6	30	-100	-100
6	565	-100	-100
6	739	-100	-100
6	966	-100	-100
6	129	-100	-100
6	951	-100	-100
6	4	-100	-100
6	29	-100	-100
6	753	-100	-100
6	637	-100	-100
6	955	-100	-100
6	213	-100	-100
6	729	-100	-100
6	187	-100	-100
6	761	-100	-100
6	786	-100	-100
6	942	-100	-100
6	851	-100	-100
6	286	-100	-100
6	128	-100	-100
6	905	-100	-100
6	494	-100	-100
6	243	-100	-100
6	762	-100	-100
6	643	-100	-100
6	21	-100	-100
6	200	-100	-100
6	825	-100	-100
6	257	-100	-100
6	621	-100	-100
6	848	-100	-100
6	760	-100	-100
6	125	-100	-100
6	803	-100	-100
6	891	-100	-100
6	794	-100	-100
6	174	-100	-100
6	705	-100	-100
6	582	-100	-100
6	94	-100	-100
6	805	-100	-100
6	135	-100	-100
6	660	-100	-100
6	840	-100	-100
6	865	-100	-100
6	841	-100	-100
6	510	-100	-100
6	666	-100	-100
6	613	-100	-100
6	934	-100	-100
6	462	-100	-100
8	706	-100	-100
8	958	-100	-100
8	141	-100	-100
8	196	-100	-100
8	184	-100	-100
8	349	-100	-100
8	388	-100	-100
8	273	-100	-100
8	173	-100	-100
8	687	-100	-100
8	776	-100	-100
8	88	-100	-100
8	749	-100	-100
8	960	-100	-100
8	163	-100	-100
8	730	-100	-100
8	932	-100	-100
8	694	-100	-100
8	448	-100	-100
8	859	-100	-100
8	830	-100	-100
8	44	-100	-100
8	927	-100	-100
8	295	-100	-100
8	334	-100	-100
8	647	-100	-100
8	910	-100	-100
8	942	-100	-100
8	136	-100	-100
8	855	-100	-100
8	146	-100	-100
8	401	-100	-100
8	171	-100	-100
8	642	-100	-100
8	348	-100	-100
8	326	-100	-100
8	772	-100	-100
8	58	-100	-100
8	849	-100	-100
8	723	-100	-100
8	427	-100	-100
8	289	-100	-100
8	106	-100	-100
8	252	-100	-100
8	656	-100	-100
8	138	-100	-100
8	712	-100	-100
8	71	-100	-100
8	209	-100	-100
8	920	-100	-100
8	300	-100	-100
8	847	-100	-100
8	873	-100	-100
8	205	-100	-100
8	869	-100	-100
8	933	-100	-100
8	853	-100	-100
8	751	-100	-100
8	793	-100	-100
8	346	-100	-100
8	50	-100	-100
8	108	-100	-100
8	189	-100	-100
8	646	-100	-100
8	134	-100	-100
8	462	-100	-100
8	778	-100	-100
8	333	-100	-100
8	214	-100	-100
8	936	-100	-100
8	227	-100	-100
8	658	-100	-100
8	109	-100	-100
8	713	-100	-100
8	972	-100	-100
8	352	-100	-100
8	240	-100	-100
8	460	-100	-100
8	84	-100	-100
8	19	-100	-100
8	904	-100	-100
8	755	-100	-100
8	359	-100	-100
8	243	-100	-100
8	985	-100	-100
8	432	-100	-100
8	697	-100	-100
8	738	-100	-100
8	731	-100	-100
8	34	-100	-100
8	392	-100	-100
8	953	-100	-100
8	420	-100	-100
8	801	-100	-100
8	766	-100	-100
8	30	-100	-100
8	710	-100	-100
8	48	-100	-100
8	224	-100	-100
8	344	-100	-100
8	89	-100	-100
8	835	-100	-100
8	888	-100	-100
8	741	-100	-100
8	717	-100	-100
8	426	-100	-100
8	371	-100	-100
8	79	-100	-100
8	52	-100	-100
8	807	-100	-100
8	955	-100	-100
8	104	-100	-100
8	98	-100	-100
8	230	-100	-100
8	659	-100	-100
8	824	-100	-100
8	450	-100	-100
8	974	-100	-100
8	945	-100	-100
8	804	-100	-100
8	728	-100	-100
8	366	-100	-100
8	660	-100	-100
8	909	-100	-100
8	954	-100	-100
8	357	-100	-100
8	124	-100	-100
8	421	-100	-100
8	211	-100	-100
8	222	-100	-100
8	735	-100	-100
8	743	-100	-100
8	995	-100	-100
8	20	-100	-100
8	375	-100	-100
8	313	-100	-100
8	665	-100	-100
8	719	-100	-100
8	926	-100	-100
8	190	-100	-100
8	867	-100	-100
8	142	-100	-100
8	81	-100	-100
8	17	-100	-100
8	764	-100	-100
8	261	-100	-100
8	325	-100	-100
8	147	-100	-100
8	882	-100	-100
8	293	-100	-100
8	899	-100	-100
8	441	-100	-100
8	672	-100	-100
8	265	-100	-100
8	861	-100	-100
8	318	-100	-100
8	662	-100	-100
8	362	-100	-100
8	999	-100	-100
8	453	-100	-100
8	277	-100	-100
8	876	-100	-100
8	131	-100	-100
8	889	-100	-100
8	748	-100	-100
8	272	-100	-100
8	921	-100	-100
8	939	-100	-100
8	880	-100	-100
8	711	-100	-100
8	374	-100	-100
8	680	-100	-100
8	860	-100	-100
8	208	-100	-100
8	940	-100	-100
8	437	-100	-100
8	645	-100	-100
8	43	-100	-100
8	788	-100	-100
8	59	-100	-100
8	789	-100	-100
8	937	-100	-100
8	68	-100	-100
8	851	-100	-100
8	644	-100	-100
8	236	-100	-100
8	155	-100	-100
8	335	-100	-100
8	993	-100	-100
8	862	-100	-100
8	950	-100	-100
8	471	-100	-100
8	354	-100	-100
8	54	-100	-100
8	74	-100	-100
8	678	-100	-100
8	406	-100	-100
8	425	-100	-100
8	384	-100	-100
8	777	-100	-100
8	440	-100	-100
8	308	-100	-100
8	442	-100	-100
8	458	-100	-100
8	264	-100	-100
8	126	-100	-100
8	250	-100	-100
3	973	-100	-100
3	304	-100	-100
3	356	-100	-100
3	917	-100	-100
3	790	-100	-100
3	393	-100	-100
3	352	-100	-100
3	462	-100	-100
3	689	-100	-100
3	202	-100	-100
3	470	-100	-100
3	375	-100	-100
3	922	-100	-100
3	554	-100	-100
3	70	-100	-100
3	381	-100	-100
3	397	-100	-100
3	515	-100	-100
3	170	-100	-100
3	834	-100	-100
3	953	-100	-100
3	182	-100	-100
3	859	-100	-100
3	15	-100	-100
3	723	-100	-100
3	782	-100	-100
3	29	-100	-100
3	449	-100	-100
3	625	-100	-100
3	403	-100	-100
3	938	-100	-100
3	724	-100	-100
3	416	-100	-100
3	75	-100	-100
3	250	-100	-100
3	43	-100	-100
3	517	-100	-100
3	958	-100	-100
3	691	-100	-100
3	16	-100	-100
3	706	-100	-100
3	865	-100	-100
3	30	-100	-100
3	453	-100	-100
3	5	-100	-100
3	654	-100	-100
3	186	-100	-100
3	837	-100	-100
3	628	-100	-100
3	17	-100	-100
3	923	-100	-100
3	315	-100	-100
3	271	-100	-100
3	560	-100	-100
3	991	-100	-100
3	477	-100	-100
3	833	-100	-100
3	350	-100	-100
3	407	-100	-100
3	400	-100	-100
3	974	-100	-100
3	878	-100	-100
3	481	-100	-100
3	49	-100	-100
3	816	-100	-100
3	707	-100	-100
3	372	-100	-100
3	222	-100	-100
3	360	-100	-100
3	45	-100	-100
3	697	-100	-100
3	658	-100	-100
3	582	-100	-100
3	565	-100	-100
3	687	-100	-100
3	278	-100	-100
3	502	-100	-100
3	562	-100	-100
3	586	-100	-100
3	42	-100	-100
3	906	-100	-100
3	979	-100	-100
3	890	-100	-100
3	663	-100	-100
3	491	-100	-100
3	225	-100	-100
3	762	-100	-100
3	208	-100	-100
3	426	-100	-100
3	339	-100	-100
3	721	-100	-100
3	602	-100	-100
3	398	-100	-100
3	642	-100	-100
3	65	-100	-100
3	635	-100	-100
3	888	-100	-100
3	792	-100	-100
3	437	-100	-100
3	745	-100	-100
3	79	-100	-100
3	736	-100	-100
3	675	-100	-100
3	273	-100	-100
3	366	-100	-100
3	807	-100	-100
3	863	-100	-100
3	48	-100	-100
3	968	-100	-100
3	458	-100	-100
3	388	-100	-100
3	376	-100	-100
3	422	-100	-100
3	456	-100	-100
3	495	-100	-100
3	541	-100	-100
3	243	-100	-100
3	512	-100	-100
3	818	-100	-100
3	405	-100	-100
3	632	-100	-100
3	532	-100	-100
3	936	-100	-100
3	380	-100	-100
3	911	-100	-100
3	674	-100	-100
3	805	-100	-100
3	871	-100	-100
3	276	-100	-100
3	766	-100	-100
3	910	-100	-100
3	559	-100	-100
3	814	-100	-100
3	783	-100	-100
3	686	-100	-100
3	587	-100	-100
3	693	-100	-100
3	665	-100	-100
3	593	-100	-100
3	566	-100	-100
3	734	-100	-100
3	855	-100	-100
3	673	-100	-100
3	913	-100	-100
3	303	-100	-100
3	13	-100	-100
3	942	-100	-100
3	730	-100	-100
3	64	-100	-100
3	175	-100	-100
3	258	-100	-100
3	419	-100	-100
3	592	-100	-100
3	268	-100	-100
3	68	-100	-100
3	319	-100	-100
3	583	-100	-100
3	46	-100	-100
3	499	-100	-100
3	557	-100	-100
3	439	-100	-100
3	41	-100	-100
3	264	-100	-100
3	880	-100	-100
3	413	-100	-100
3	37	-100	-100
3	873	-100	-100
3	895	-100	-100
3	254	-100	-100
3	981	-100	-100
3	209	-100	-100
3	61	-100	-100
3	472	-100	-100
3	377	-100	-100
3	802	-100	-100
3	267	-100	-100
3	712	-100	-100
3	825	-100	-100
3	749	-100	-100
3	184	-100	-100
3	279	-100	-100
3	313	-100	-100
3	789	-100	-100
3	997	-100	-100
3	921	-100	-100
3	849	-100	-100
3	527	-100	-100
3	838	-100	-100
3	464	-100	-100
3	351	-100	-100
3	779	-100	-100
3	600	-100	-100
3	505	-100	-100
3	390	-100	-100
3	884	-100	-100
3	57	-100	-100
3	257	-100	-100
3	535	-100	-100
3	353	-100	-100
3	971	-100	-100
3	290	-100	-100
3	252	-100	-100
3	409	-100	-100
3	887	-100	-100
3	892	-100	-100
3	808	-100	-100
3	292	-100	-100
3	843	-100	-100
3	946	-100	-100
3	813	-100	-100
3	623	-100	-100
3	784	-100	-100
3	53	-100	-100
3	558	-100	-100
3	631	-100	-100
3	520	-100	-100
3	480	-100	-100
3	7	-100	-100
3	333	-100	-100
3	960	-100	-100
3	28	-100	-100
3	401	-100	-100
3	369	-100	-100
3	573	-100	-100
3	371	-100	-100
3	36	-100	-100
3	954	-100	-100
3	524	-100	-100
3	567	-100	-100
3	947	-100	-100
3	688	-100	-100
3	967	-100	-100
3	309	-100	-100
3	983	-100	-100
3	359	-100	-100
3	349	-100	-100
3	355	-100	-100
3	31	-100	-100
3	903	-100	-100
3	952	-100	-100
3	914	-100	-100
3	633	-100	-100
3	679	-100	-100
3	682	-100	-100
3	809	-100	-100
3	579	-100	-100
3	759	-100	-100
3	729	-100	-100
3	857	-100	-100
3	577	-100	-100
3	345	-100	-100
3	748	-100	-100
3	335	-100	-100
3	650	-100	-100
3	274	-100	-100
3	781	-100	-100
3	933	-100	-100
3	368	-100	-100
3	215	-100	-100
3	555	-100	-100
3	703	-100	-100
3	929	-100	-100
3	454	-100	-100
3	173	-100	-100
3	346	-100	-100
3	806	-100	-100
3	289	-100	-100
3	522	-100	-100
3	180	-100	-100
3	543	-100	-100
3	255	-100	-100
3	969	-100	-100
3	247	-100	-100
3	731	-100	-100
3	544	-100	-100
3	715	-100	-100
3	217	-100	-100
3	775	-100	-100
3	270	-100	-100
3	365	-100	-100
3	869	-100	-100
3	937	-100	-100
3	325	-100	-100
3	758	-100	-100
3	233	-100	-100
3	538	-100	-100
3	226	-100	-100
3	701	-100	-100
3	282	-100	-100
5	888	-100	-100
5	939	-100	-100
5	95	-100	-100
5	30	-100	-100
5	506	-100	-100
5	13	-100	-100
5	692	-100	-100
5	354	-100	-100
5	981	-100	-100
5	711	-100	-100
5	61	-100	-100
5	334	-100	-100
5	867	-100	-100
5	454	-100	-100
5	784	-100	-100
5	931	-100	-100
5	349	-100	-100
5	625	-100	-100
5	353	-100	-100
5	400	-100	-100
5	476	-100	-100
5	542	-100	-100
5	406	-100	-100
5	94	-100	-100
5	182	-100	-100
5	891	-100	-100
5	782	-100	-100
5	364	-100	-100
5	699	-100	-100
5	713	-100	-100
5	502	-100	-100
5	199	-100	-100
5	355	-100	-100
5	374	-100	-100
5	717	-100	-100
5	162	-100	-100
5	185	-100	-100
5	450	-100	-100
5	387	-100	-100
5	778	-100	-100
5	410	-100	-100
5	79	-100	-100
5	974	-100	-100
5	709	-100	-100
5	632	-100	-100
5	897	-100	-100
5	820	-100	-100
5	565	-100	-100
5	737	-100	-100
5	543	-100	-100
5	858	-100	-100
5	159	-100	-100
5	142	-100	-100
5	674	-100	-100
5	876	-100	-100
5	911	-100	-100
5	293	-100	-100
5	294	-100	-100
5	910	-100	-100
5	669	-100	-100
5	468	-100	-100
5	143	-100	-100
5	835	-100	-100
5	712	-100	-100
5	859	-100	-100
5	621	-100	-100
5	114	-100	-100
5	909	-100	-100
5	348	-100	-100
5	345	-100	-100
5	942	-100	-100
5	326	-100	-100
5	75	-100	-100
5	732	-100	-100
5	863	-100	-100
5	393	-100	-100
5	149	-100	-100
5	902	-100	-100
5	997	-100	-100
5	829	-100	-100
5	560	-100	-100
5	176	-100	-100
5	584	-100	-100
5	479	-100	-100
5	733	-100	-100
5	511	-100	-100
5	917	-100	-100
5	303	-100	-100
5	563	-100	-100
5	869	-100	-100
5	396	-100	-100
5	487	-100	-100
5	750	-100	-100
5	367	-100	-100
5	571	-100	-100
5	459	-100	-100
5	827	-100	-100
5	53	-100	-100
5	457	-100	-100
5	799	-100	-100
5	415	-100	-100
5	146	-100	-100
5	722	-100	-100
5	637	-100	-100
5	525	-100	-100
5	105	-100	-100
5	959	-100	-100
5	85	-100	-100
5	197	-100	-100
5	644	-100	-100
5	195	-100	-100
5	14	-100	-100
5	298	-100	-100
5	481	-100	-100
5	559	-100	-100
5	490	-100	-100
5	849	-100	-100
5	140	-100	-100
5	429	-100	-100
5	810	-100	-100
5	575	-100	-100
5	59	-100	-100
5	523	-100	-100
5	519	-100	-100
5	718	-100	-100
5	667	-100	-100
5	377	-100	-100
5	693	-100	-100
5	762	-100	-100
5	460	-100	-100
5	824	-100	-100
5	626	-100	-100
5	883	-100	-100
5	964	-100	-100
5	131	-100	-100
5	555	-100	-100
5	412	-100	-100
5	706	-100	-100
5	430	-100	-100
5	172	-100	-100
5	35	-100	-100
5	677	-100	-100
5	178	-100	-100
5	864	-100	-100
5	673	-100	-100
5	385	-100	-100
5	189	-100	-100
5	645	-100	-100
5	545	-100	-100
5	698	-100	-100
5	833	-100	-100
5	774	-100	-100
5	38	-100	-100
5	908	-100	-100
5	889	-100	-100
5	847	-100	-100
5	493	-100	-100
5	530	-100	-100
5	707	-100	-100
5	805	-100	-100
5	742	-100	-100
5	36	-100	-100
5	45	-100	-100
5	173	-100	-100
5	445	-100	-100
5	798	-100	-100
5	945	-100	-100
5	486	-100	-100
5	461	-100	-100
5	73	-100	-100
5	688	-100	-100
5	66	-100	-100
5	919	-100	-100
5	405	-100	-100
5	309	-100	-100
5	790	-100	-100
5	553	-100	-100
5	292	-100	-100
5	875	-100	-100
5	907	-100	-100
5	916	-100	-100
5	770	-100	-100
5	539	-100	-100
5	62	-100	-100
5	315	-100	-100
5	727	-100	-100
5	946	-100	-100
5	874	-100	-100
5	304	-100	-100
5	779	-100	-100
5	950	-100	-100
5	985	-100	-100
5	684	-100	-100
5	180	-100	-100
5	989	-100	-100
5	313	-100	-100
5	488	-100	-100
5	397	-100	-100
5	107	-100	-100
5	855	-100	-100
5	550	-100	-100
5	373	-100	-100
5	958	-100	-100
5	604	-100	-100
5	11	-100	-100
5	841	-100	-100
5	679	-100	-100
5	72	-100	-100
5	772	-100	-100
5	29	-100	-100
5	97	-100	-100
5	337	-100	-100
5	566	-100	-100
5	630	-100	-100
5	518	-100	-100
5	372	-100	-100
5	333	-100	-100
5	807	-100	-100
5	331	-100	-100
5	431	-100	-100
5	687	-100	-100
5	426	-100	-100
5	873	-100	-100
5	175	-100	-100
5	595	-100	-100
5	2	-100	-100
5	787	-100	-100
5	48	-100	-100
5	422	-100	-100
5	392	-100	-100
5	726	-100	-100
5	312	-100	-100
5	744	-100	-100
5	650	-100	-100
5	401	-100	-100
5	464	-100	-100
5	653	-100	-100
5	299	-100	-100
5	797	-100	-100
5	534	-100	-100
5	843	-100	-100
5	664	-100	-100
5	89	-100	-100
5	898	-100	-100
5	619	-100	-100
5	894	-100	-100
5	469	-100	-100
5	181	-100	-100
5	386	-100	-100
5	866	-100	-100
5	616	-100	-100
5	69	-100	-100
5	102	-100	-100
5	821	-100	-100
5	288	-100	-100
5	975	-100	-100
5	880	-100	-100
5	561	-100	-100
5	615	-100	-100
5	485	-100	-100
5	672	-100	-100
5	764	-100	-100
5	729	-100	-100
5	134	-100	-100
5	177	-100	-100
5	383	-100	-100
5	725	-100	-100
5	515	-100	-100
5	498	-100	-100
5	793	-100	-100
5	120	-100	-100
5	972	-100	-100
5	865	-100	-100
5	295	-100	-100
5	918	-100	-100
5	409	-100	-100
5	475	-100	-100
5	154	-100	-100
5	628	-100	-100
5	440	-100	-100
5	473	-100	-100
5	320	-100	-100
5	129	-100	-100
5	472	-100	-100
5	352	-100	-100
5	961	-100	-100
5	198	-100	-100
5	971	-100	-100
5	193	-100	-100
5	110	-100	-100
5	868	-100	-100
5	926	-100	-100
5	796	-100	-100
5	808	-100	-100
5	547	-100	-100
1	942	-100	-100
1	284	-100	-100
1	87	-100	-100
1	765	-100	-100
1	335	-100	-100
1	603	-100	-100
1	913	-100	-100
1	211	-100	-100
1	124	-100	-100
1	530	-100	-100
1	767	-100	-100
1	287	-100	-100
1	195	-100	-100
1	283	-100	-100
1	768	-100	-100
1	828	-100	-100
1	698	-100	-100
1	882	-100	-100
1	746	-100	-100
1	672	-100	-100
1	713	-100	-100
1	924	-100	-100
1	281	-100	-100
1	261	-100	-100
1	921	-100	-100
1	505	-100	-100
1	705	-100	-100
1	903	-100	-100
1	919	-100	-100
1	514	-100	-100
1	725	-100	-100
1	432	-100	-100
1	783	-100	-100
1	605	-100	-100
1	723	-100	-100
1	91	-100	-100
1	593	-100	-100
1	98	-100	-100
1	125	-100	-100
1	657	-100	-100
1	710	-100	-100
1	254	-100	-100
1	653	-100	-100
1	367	-100	-100
1	415	-100	-100
1	494	-100	-100
1	635	-100	-100
1	572	-100	-100
1	966	-100	-100
1	107	-100	-100
1	128	-100	-100
1	268	-100	-100
1	716	-100	-100
1	628	-100	-100
1	435	-100	-100
1	271	-100	-100
1	290	-100	-100
1	100	-100	-100
1	409	-100	-100
1	146	-100	-100
1	237	-100	-100
1	790	-100	-100
1	931	-100	-100
1	104	-100	-100
1	867	-100	-100
1	916	-100	-100
1	88	-100	-100
1	113	-100	-100
1	788	-100	-100
1	455	-100	-100
1	645	-100	-100
1	141	-100	-100
1	963	-100	-100
1	84	-100	-100
1	566	-100	-100
1	229	-100	-100
1	138	-100	-100
1	797	-100	-100
1	453	-100	-100
1	816	-100	-100
1	715	-100	-100
1	196	-100	-100
1	549	-100	-100
1	922	-100	-100
1	951	-100	-100
1	881	-100	-100
1	953	-100	-100
1	717	-100	-100
1	321	-100	-100
1	480	-100	-100
1	334	-100	-100
1	582	-100	-100
1	437	-100	-100
1	274	-100	-100
1	73	-100	-100
1	103	-100	-100
1	319	-100	-100
1	168	-100	-100
1	541	-100	-100
1	369	-100	-100
1	719	-100	-100
1	805	-100	-100
1	564	-100	-100
1	724	-100	-100
1	961	-100	-100
1	570	-100	-100
1	817	-100	-100
1	597	-100	-100
1	891	-100	-100
1	134	-100	-100
1	159	-100	-100
1	830	-100	-100
1	744	-100	-100
1	592	-100	-100
1	996	-100	-100
1	160	-100	-100
1	269	-100	-100
1	392	-100	-100
1	282	-100	-100
1	355	-100	-100
1	957	-100	-100
1	81	-100	-100
1	332	-100	-100
1	649	-100	-100
1	346	-100	-100
1	815	-100	-100
1	525	-100	-100
1	941	-100	-100
1	333	-100	-100
1	858	-100	-100
1	897	-100	-100
1	679	-100	-100
1	108	-100	-100
1	136	-100	-100
1	440	-100	-100
1	865	-100	-100
1	624	-100	-100
1	558	-100	-100
1	871	-100	-100
1	586	-100	-100
1	408	-100	-100
1	550	-100	-100
1	126	-100	-100
1	643	-100	-100
1	613	-100	-100
1	749	-100	-100
1	101	-100	-100
1	757	-100	-100
1	243	-100	-100
1	149	-100	-100
1	547	-100	-100
1	362	-100	-100
1	76	-100	-100
1	191	-100	-100
1	846	-100	-100
1	504	-100	-100
1	998	-100	-100
1	774	-100	-100
1	910	-100	-100
1	173	-100	-100
1	143	-100	-100
1	342	-100	-100
1	317	-100	-100
1	810	-100	-100
1	781	-100	-100
1	426	-100	-100
1	489	-100	-100
1	875	-100	-100
1	787	-100	-100
1	773	-100	-100
1	945	-100	-100
1	477	-100	-100
1	436	-100	-100
1	430	-100	-100
1	305	-100	-100
1	814	-100	-100
1	880	-100	-100
1	962	-100	-100
1	277	-100	-100
1	683	-100	-100
1	1000	-100	-100
1	936	-100	-100
1	314	-100	-100
1	207	-100	-100
1	422	-100	-100
1	795	-100	-100
1	622	-100	-100
1	701	-100	-100
1	387	-100	-100
1	579	-100	-100
1	802	-100	-100
1	965	-100	-100
1	847	-100	-100
1	241	-100	-100
1	836	-100	-100
1	602	-100	-100
1	145	-100	-100
1	794	-100	-100
1	502	-100	-100
1	694	-100	-100
1	985	-100	-100
1	209	-100	-100
1	324	-100	-100
1	718	-100	-100
1	112	-100	-100
1	158	-100	-100
1	702	-100	-100
1	280	-100	-100
1	200	-100	-100
1	849	-100	-100
1	219	-100	-100
1	343	-100	-100
1	363	-100	-100
1	93	-100	-100
1	932	-100	-100
1	652	-100	-100
1	247	-100	-100
1	879	-100	-100
1	416	-100	-100
1	959	-100	-100
1	750	-100	-100
1	433	-100	-100
1	997	-100	-100
1	443	-100	-100
1	481	-100	-100
1	753	-100	-100
1	626	-100	-100
1	971	-100	-100
1	888	-100	-100
1	811	-100	-100
1	221	-100	-100
1	731	-100	-100
1	994	-100	-100
1	495	-100	-100
1	841	-100	-100
1	210	-100	-100
1	812	-100	-100
1	118	-100	-100
1	482	-100	-100
1	175	-100	-100
1	438	-100	-100
1	925	-100	-100
1	212	-100	-100
1	331	-100	-100
1	829	-100	-100
1	926	-100	-100
1	345	-100	-100
1	190	-100	-100
1	446	-100	-100
1	255	-100	-100
1	832	-100	-100
1	848	-100	-100
1	232	-100	-100
1	656	-100	-100
1	315	-100	-100
1	411	-100	-100
1	309	-100	-100
1	199	-100	-100
1	429	-100	-100
1	990	-100	-100
1	600	-100	-100
1	675	-100	-100
1	385	-100	-100
1	878	-100	-100
1	174	-100	-100
1	364	-100	-100
1	198	-100	-100
1	151	-100	-100
1	699	-100	-100
1	414	-100	-100
1	266	-100	-100
1	543	-100	-100
1	540	-100	-100
1	843	-100	-100
1	604	-100	-100
1	813	-100	-100
1	611	-100	-100
1	775	-100	-100
1	571	-100	-100
1	291	-100	-100
1	459	-100	-100
1	669	-100	-100
1	382	-100	-100
1	388	-100	-100
1	380	-100	-100
1	838	-100	-100
1	444	-100	-100
1	224	-100	-100
1	242	-100	-100
1	901	-100	-100
1	870	-100	-100
1	452	-100	-100
1	791	-100	-100
1	853	-100	-100
1	475	-100	-100
1	310	-100	-100
1	185	-100	-100
1	454	-100	-100
1	960	-100	-100
1	378	-100	-100
1	583	-100	-100
1	752	-100	-100
1	179	-100	-100
1	792	-100	-100
1	391	-100	-100
1	654	-100	-100
1	809	-100	-100
1	567	-100	-100
1	236	-100	-100
4	803	-100	-100
4	32	-100	-100
4	936	-100	-100
4	393	-100	-100
4	55	-100	-100
4	774	-100	-100
4	216	-100	-100
4	399	-100	-100
4	720	-100	-100
4	944	-100	-100
4	39	-100	-100
4	706	-100	-100
4	232	-100	-100
4	28	-100	-100
4	825	-100	-100
4	409	-100	-100
4	518	-100	-100
4	461	-100	-100
4	362	-100	-100
4	390	-100	-100
4	517	-100	-100
4	424	-100	-100
4	311	-100	-100
4	635	-100	-100
4	653	-100	-100
4	463	-100	-100
4	327	-100	-100
4	905	-100	-100
4	394	-100	-100
4	668	-100	-100
4	20	-100	-100
4	807	-100	-100
4	891	-100	-100
4	835	-100	-100
4	487	-100	-100
4	583	-100	-100
4	970	-100	-100
4	851	-100	-100
4	691	-100	-100
4	410	-100	-100
4	446	-100	-100
4	69	-100	-100
4	74	-100	-100
4	264	-100	-100
4	818	-100	-100
4	377	-100	-100
4	758	-100	-100
4	549	-100	-100
4	149	-100	-100
4	241	-100	-100
4	781	-100	-100
4	495	-100	-100
4	924	-100	-100
4	813	-100	-100
4	603	-100	-100
4	804	-100	-100
4	648	-100	-100
4	460	-100	-100
4	337	-100	-100
4	966	-100	-100
4	325	-100	-100
4	123	-100	-100
4	480	-100	-100
4	605	-100	-100
4	956	-100	-100
4	889	-100	-100
4	413	-100	-100
4	568	-100	-100
4	86	-100	-100
4	356	-100	-100
4	731	-100	-100
4	533	-100	-100
4	805	-100	-100
4	17	-100	-100
4	829	-100	-100
4	946	-100	-100
4	395	-100	-100
4	735	-100	-100
4	44	-100	-100
4	93	-100	-100
4	862	-100	-100
4	917	-100	-100
4	303	-100	-100
4	150	-100	-100
4	618	-100	-100
4	733	-100	-100
4	139	-100	-100
4	70	-100	-100
4	78	-100	-100
4	108	-100	-100
4	555	-100	-100
4	19	-100	-100
4	950	-100	-100
4	57	-100	-100
4	624	-100	-100
4	730	-100	-100
4	969	-100	-100
4	392	-100	-100
4	955	-100	-100
4	10	-100	-100
4	573	-100	-100
4	755	-100	-100
4	379	-100	-100
4	563	-100	-100
4	689	-100	-100
4	861	-100	-100
4	951	-100	-100
4	119	-100	-100
4	270	-100	-100
4	909	-100	-100
4	700	-100	-100
4	553	-100	-100
4	121	-100	-100
4	681	-100	-100
4	288	-100	-100
4	806	-100	-100
4	368	-100	-100
4	779	-100	-100
4	512	-100	-100
4	256	-100	-100
4	537	-100	-100
4	242	-100	-100
4	677	-100	-100
4	546	-100	-100
4	741	-100	-100
4	953	-100	-100
4	215	-100	-100
4	636	-100	-100
4	791	-100	-100
4	721	-100	-100
4	153	-100	-100
4	833	-100	-100
4	91	-100	-100
4	832	-100	-100
4	828	-100	-100
4	531	-100	-100
4	823	-100	-100
4	865	-100	-100
4	985	-100	-100
4	857	-100	-100
4	894	-100	-100
4	666	-100	-100
4	408	-100	-100
4	778	-100	-100
4	611	-100	-100
4	854	-100	-100
4	738	-100	-100
4	838	-100	-100
4	126	-100	-100
4	477	-100	-100
4	528	-100	-100
4	712	-100	-100
4	370	-100	-100
4	768	-100	-100
4	285	-100	-100
4	534	-100	-100
4	938	-100	-100
4	686	-100	-100
4	364	-100	-100
4	988	-100	-100
4	596	-100	-100
4	490	-100	-100
4	61	-100	-100
4	107	-100	-100
4	473	-100	-100
4	66	-100	-100
4	501	-100	-100
4	864	-100	-100
4	584	-100	-100
4	764	-100	-100
4	245	-100	-100
4	152	-100	-100
4	52	-100	-100
4	502	-100	-100
4	140	-100	-100
4	101	-100	-100
4	224	-100	-100
4	137	-100	-100
4	664	-100	-100
4	947	-100	-100
4	159	-100	-100
4	488	-100	-100
4	737	-100	-100
4	749	-100	-100
4	342	-100	-100
4	644	-100	-100
4	97	-100	-100
4	902	-100	-100
4	873	-100	-100
4	911	-100	-100
4	727	-100	-100
4	713	-100	-100
4	98	-100	-100
4	31	-100	-100
4	670	-100	-100
4	796	-100	-100
4	651	-100	-100
4	482	-100	-100
4	416	-100	-100
4	519	-100	-100
4	968	-100	-100
4	508	-100	-100
4	352	-100	-100
4	23	-100	-100
4	128	-100	-100
4	659	-100	-100
4	633	-100	-100
4	345	-100	-100
4	145	-100	-100
4	975	-100	-100
4	341	-100	-100
4	404	-100	-100
4	309	-100	-100
4	298	-100	-100
4	882	-100	-100
4	661	-100	-100
4	564	-100	-100
4	876	-100	-100
4	647	-100	-100
4	387	-100	-100
4	571	-100	-100
4	319	-100	-100
4	780	-100	-100
4	244	-100	-100
4	116	-100	-100
4	698	-100	-100
4	500	-100	-100
4	552	-100	-100
4	265	-100	-100
4	927	-100	-100
4	227	-100	-100
4	928	-100	-100
4	620	-100	-100
4	932	-100	-100
4	125	-100	-100
4	472	-100	-100
4	419	-100	-100
4	254	-100	-100
4	984	-100	-100
4	415	-100	-100
4	168	-100	-100
4	669	-100	-100
4	374	-100	-100
4	631	-100	-100
4	675	-100	-100
4	582	-100	-100
4	49	-100	-100
4	109	-100	-100
4	887	-100	-100
4	485	-100	-100
4	676	-100	-100
4	900	-100	-100
4	556	-100	-100
4	510	-100	-100
4	658	-100	-100
4	521	-100	-100
4	723	-100	-100
4	306	-100	-100
4	353	-100	-100
4	80	-100	-100
4	313	-100	-100
4	759	-100	-100
4	138	-100	-100
4	789	-100	-100
4	793	-100	-100
4	12	-100	-100
4	84	-100	-100
4	606	-100	-100
4	744	-100	-100
4	18	-100	-100
4	765	-100	-100
4	163	-100	-100
4	535	-100	-100
4	434	-100	-100
4	468	-100	-100
4	82	-100	-100
4	954	-100	-100
4	358	-100	-100
4	478	-100	-100
4	219	-100	-100
4	660	-100	-100
4	491	-100	-100
4	158	-100	-100
4	599	-100	-100
4	282	-100	-100
4	942	-100	-100
4	858	-100	-100
4	687	-100	-100
4	117	-100	-100
4	47	-100	-100
4	562	-100	-100
4	907	-100	-100
4	427	-100	-100
4	161	-100	-100
4	937	-100	-100
4	237	-100	-100
4	538	-100	-100
4	883	-100	-100
4	904	-100	-100
4	441	-100	-100
4	302	-100	-100
4	287	-100	-100
4	363	-100	-100
4	372	-100	-100
4	590	-100	-100
4	301	-100	-100
4	246	-100	-100
4	761	-100	-100
4	249	-100	-100
4	906	-100	-100
4	40	-100	-100
4	719	-100	-100
4	601	-100	-100
4	694	-100	-100
4	963	-100	-100
4	816	-100	-100
4	504	-100	-100
4	868	-100	-100
4	135	-100	-100
4	349	-100	-100
4	516	-100	-100
4	627	-100	-100
4	411	-100	-100
4	536	-100	-100
4	526	-100	-100
4	797	-100	-100
4	235	-100	-100
4	420	-100	-100
4	260	-100	-100
4	361	-100	-100
4	464	-100	-100
4	350	-100	-100
4	1000	-100	-100
4	520	-100	-100
4	795	-100	-100
4	901	-100	-100
4	575	-100	-100
4	373	-100	-100
4	896	-100	-100
4	591	-100	-100
4	261	-100	-100
4	425	-100	-100
7	485	-100	-100
7	539	-100	-100
7	712	-100	-100
7	276	-100	-100
7	626	-100	-100
7	333	-100	-100
7	39	-100	-100
7	438	-100	-100
7	230	-100	-100
7	842	-100	-100
7	219	-100	-100
7	203	-100	-100
7	715	-100	-100
7	767	-100	-100
7	284	-100	-100
7	849	-100	-100
7	936	-100	-100
7	730	-100	-100
7	512	-100	-100
7	683	-100	-100
7	676	-100	-100
7	984	-100	-100
7	240	-100	-100
7	430	-100	-100
7	100	-100	-100
7	54	-100	-100
7	287	-100	-100
7	761	-100	-100
7	310	-100	-100
7	263	-100	-100
7	341	-100	-100
7	261	-100	-100
7	193	-100	-100
7	613	-100	-100
7	875	-100	-100
7	787	-100	-100
7	692	-100	-100
7	724	-100	-100
7	264	-100	-100
7	826	-100	-100
7	141	-100	-100
7	843	-100	-100
7	611	-100	-100
7	695	-100	-100
7	522	-100	-100
7	990	-100	-100
7	610	-100	-100
7	143	-100	-100
7	104	-100	-100
7	202	-100	-100
7	663	-100	-100
7	576	-100	-100
7	969	-100	-100
7	484	-100	-100
7	439	-100	-100
7	480	-100	-100
7	940	-100	-100
7	927	-100	-100
7	637	-100	-100
7	551	-100	-100
7	472	-100	-100
7	371	-100	-100
7	238	-100	-100
7	131	-100	-100
7	20	-100	-100
7	319	-100	-100
7	734	-100	-100
7	608	-100	-100
7	748	-100	-100
7	171	-100	-100
7	671	-100	-100
7	674	-100	-100
7	783	-100	-100
7	722	-100	-100
7	107	-100	-100
7	923	-100	-100
7	66	-100	-100
7	21	-100	-100
7	981	-100	-100
7	132	-100	-100
7	362	-100	-100
7	664	-100	-100
7	354	-100	-100
7	161	-100	-100
7	105	-100	-100
7	556	-100	-100
7	322	-100	-100
7	192	-100	-100
7	935	-100	-100
7	50	-100	-100
7	179	-100	-100
7	910	-100	-100
7	749	-100	-100
7	652	-100	-100
7	22	-100	-100
7	16	-100	-100
7	364	-100	-100
7	275	-100	-100
7	595	-100	-100
7	156	-100	-100
7	985	-100	-100
7	579	-100	-100
7	988	-100	-100
7	755	-100	-100
7	846	-100	-100
7	509	-100	-100
7	998	-100	-100
7	40	-100	-100
7	949	-100	-100
7	951	-100	-100
7	814	-100	-100
7	123	-100	-100
7	206	-100	-100
7	554	-100	-100
7	200	-100	-100
7	808	-100	-100
7	603	-100	-100
7	607	-100	-100
7	290	-100	-100
7	232	-100	-100
7	975	-100	-100
7	451	-100	-100
7	87	-100	-100
7	165	-100	-100
7	98	-100	-100
7	321	-100	-100
7	409	-100	-100
7	518	-100	-100
7	81	-100	-100
7	634	-100	-100
7	500	-100	-100
7	544	-100	-100
7	821	-100	-100
7	864	-100	-100
7	759	-100	-100
7	431	-100	-100
7	753	-100	-100
7	14	-100	-100
7	530	-100	-100
7	953	-100	-100
7	655	-100	-100
7	163	-100	-100
7	85	-100	-100
7	699	-100	-100
7	405	-100	-100
7	63	-100	-100
7	918	-100	-100
7	934	-100	-100
7	647	-100	-100
7	690	-100	-100
7	989	-100	-100
7	475	-100	-100
7	25	-100	-100
7	316	-100	-100
7	847	-100	-100
7	198	-100	-100
7	323	-100	-100
7	719	-100	-100
7	793	-100	-100
7	351	-100	-100
7	812	-100	-100
7	791	-100	-100
7	885	-100	-100
7	306	-100	-100
7	820	-100	-100
7	602	-100	-100
7	416	-100	-100
7	339	-100	-100
7	124	-100	-100
7	897	-100	-100
7	938	-100	-100
7	176	-100	-100
7	118	-100	-100
7	528	-100	-100
7	931	-100	-100
7	103	-100	-100
7	957	-100	-100
7	636	-100	-100
7	60	-100	-100
7	894	-100	-100
7	810	-100	-100
7	244	-100	-100
7	112	-100	-100
7	229	-100	-100
7	828	-100	-100
7	799	-100	-100
7	900	-100	-100
7	184	-100	-100
7	986	-100	-100
7	902	-100	-100
7	672	-100	-100
7	421	-100	-100
7	381	-100	-100
7	256	-100	-100
7	17	-100	-100
7	883	-100	-100
7	901	-100	-100
7	545	-100	-100
7	982	-100	-100
7	508	-100	-100
7	505	-100	-100
7	390	-100	-100
7	221	-100	-100
7	486	-100	-100
7	714	-100	-100
7	795	-100	-100
7	852	-100	-100
7	682	-100	-100
7	980	-100	-100
7	373	-100	-100
7	236	-100	-100
7	231	-100	-100
7	30	-100	-100
7	228	-100	-100
7	280	-100	-100
7	861	-100	-100
7	702	-100	-100
7	133	-100	-100
7	489	-100	-100
7	407	-100	-100
7	110	-100	-100
7	82	-100	-100
7	293	-100	-100
7	932	-100	-100
7	612	-100	-100
7	504	-100	-100
7	160	-100	-100
7	61	-100	-100
7	816	-100	-100
7	519	-100	-100
7	330	-100	-100
7	396	-100	-100
7	491	-100	-100
7	735	-100	-100
7	106	-100	-100
7	473	-100	-100
7	122	-100	-100
7	152	-100	-100
7	191	-100	-100
7	235	-100	-100
7	599	-100	-100
7	348	-100	-100
7	294	-100	-100
7	400	-100	-100
7	831	-100	-100
7	762	-100	-100
7	527	-100	-100
7	777	-100	-100
7	593	-100	-100
7	2	-100	-100
7	866	-100	-100
7	635	-100	-100
7	90	-100	-100
7	35	-100	-100
7	148	-100	-100
7	358	-100	-100
7	978	-100	-100
7	95	-100	-100
7	96	-100	-100
7	250	-100	-100
7	618	-100	-100
7	860	-100	-100
7	648	-100	-100
7	52	-100	-100
7	825	-100	-100
7	590	-100	-100
7	272	-100	-100
7	796	-100	-100
7	42	-100	-100
7	234	-100	-100
7	592	-100	-100
7	102	-100	-100
7	375	-100	-100
7	656	-100	-100
7	959	-100	-100
7	971	-100	-100
7	939	-100	-100
7	587	-100	-100
7	619	-100	-100
7	248	-100	-100
7	510	-100	-100
7	965	-100	-100
7	241	-100	-100
7	401	-100	-100
7	32	-100	-100
7	342	-100	-100
7	493	-100	-100
7	190	-100	-100
7	195	-100	-100
7	691	-100	-100
7	385	-100	-100
7	140	-100	-100
7	779	-100	-100
7	415	-100	-100
7	643	-100	-100
7	717	-100	-100
7	377	-100	-100
7	703	-100	-100
7	895	-100	-100
7	782	-100	-100
7	641	-100	-100
7	309	-100	-100
7	911	-100	-100
7	627	-100	-100
7	925	-100	-100
7	878	-100	-100
7	220	-100	-100
7	891	-100	-100
7	924	-100	-100
7	74	-100	-100
7	398	-100	-100
7	273	-100	-100
7	631	-100	-100
7	963	-100	-100
7	701	-100	-100
7	43	-100	-100
7	583	-100	-100
7	501	-100	-100
7	424	-100	-100
7	151	-100	-100
7	569	-100	-100
7	710	-100	-100
7	983	-100	-100
7	355	-100	-100
7	111	-100	-100
7	209	-100	-100
7	615	-100	-100
7	909	-100	-100
7	786	-100	-100
7	907	-100	-100
7	372	-100	-100
7	429	-100	-100
7	247	-100	-100
7	809	-100	-100
7	675	-100	-100
7	823	-100	-100
7	750	-100	-100
7	399	-100	-100
7	324	-100	-100
7	204	-100	-100
7	589	-100	-100
7	134	-100	-100
7	55	-100	-100
7	34	-100	-100
7	243	-100	-100
7	260	-100	-100
7	233	-100	-100
7	46	-100	-100
7	177	-100	-100
7	450	-100	-100
7	944	-100	-100
7	580	-100	-100
7	440	-100	-100
7	185	-100	-100
7	915	-100	-100
7	507	-100	-100
936	459	-100	-100
936	468	-100	-100
936	911	-100	-100
942	210	-100	-100
942	248	-100	-100
942	354	-100	-100
749	602	-100	-100
749	258	-100	-100
749	989	-100	-100
849	203	-100	-100
849	233	-100	-100
849	82	-100	-100
243	309	-100	-100
243	376	-100	-100
243	456	-100	-100
243	637	-100	-100
309	804	-100	-100
309	421	-100	-100
309	247	-100	-100
985	777	-100	-100
985	859	-100	-100
985	855	-100	-100
985	482	-100	-100
521	470	-100	-100
854	747	-100	-100
330	283	-100	-100
323	982	-100	-100
58	657	-100	-100
116	617	-100	-100
451	845	-100	-100
912	708	-100	-100
347	769	-100	-100
