100
2016
2
1	9	5	7
1	21	5	6
1	22	4	7
1	23	5	6
1	34	4	6
1	38	5	6
1	40	4	6
1	44	6	-100
1	48	4	7
1	55	5	6
1	56	4	7
1	63	4	7
1	67	4	6
1	71	5	6
1	76	4	-100
1	81	5	6
1	85	6	-100
3	18	5	6
3	27	7	-100
3	29	5	7
3	79	4	6
5	6	4	-100
5	21	4	6
5	27	5	7
5	57	7	-100
5	95	6	-100
6	24	5	-100
6	44	5	6
6	57	6	-100
6	58	5	-100
6	73	5	-100
6	80	4	-100
6	82	5	-100
6	89	4	-100
7	18	4	7
7	45	5	7
7	52	4	6
7	71	5	7
7	81	4	7
7	84	4	6
7	95	5	6
8	12	4	6
8	21	5	6
8	43	4	6
8	56	4	7
8	86	4	-100
9	5	4	-100
9	22	7	-100
9	23	5	6
9	24	6	-100
9	34	5	7
9	45	5	-100
9	46	4	-100
9	49	6	-100
9	53	5	6
9	55	4	6
9	57	4	7
9	63	5	6
9	73	4	-100
9	81	4	7
9	84	7	-100
9	88	5	7
9	97	6	-100
10	5	5	7
10	44	5	7
10	92	5	6
12	27	4	6
12	29	4	-100
12	38	4	6
12	46	5	6
12	56	4	6
12	72	5	7
12	89	5	-100
12	90	5	7
12	94	4	7
12	95	5	6
13	1	4	-100
13	21	7	-100
13	58	5	6
13	88	4	-100
18	45	5	6
18	54	4	7
18	80	4	6
18	89	6	-100
21	25	4	7
21	38	4	6
21	49	5	6
21	59	5	6
21	63	5	7
21	74	6	-100
21	95	5	6
22	29	4	7
22	55	6	-100
22	85	4	7
23	21	4	-100
23	22	4	6
23	29	4	-100
23	37	6	-100
23	63	5	6
23	67	4	6
23	70	4	7
23	79	4	7
23	84	5	7
23	88	6	-100
24	34	4	-100
24	37	4	7
24	55	4	6
24	70	7	-100
24	85	7	-100
24	88	6	-100
24	89	7	-100
24	92	4	7
25	1	4	7
25	3	4	-100
25	8	4	-100
25	23	7	-100
25	32	5	-100
25	43	5	-100
25	48	7	-100
25	59	4	7
25	63	4	6
25	72	4	7
25	81	4	7
25	98	5	-100
27	6	5	7
27	24	5	6
27	81	7	-100
27	89	4	6
27	97	5	7
29	10	4	6
29	47	4	-100
29	52	5	6
29	55	5	6
29	58	6	-100
32	23	5	6
32	29	7	-100
32	43	5	7
32	63	5	7
32	67	5	-100
32	72	7	-100
32	82	4	-100
32	85	5	6
34	8	6	-100
34	50	6	-100
34	53	4	-100
34	55	7	-100
34	56	6	-100
34	67	5	-100
34	80	5	7
34	90	6	-100
34	94	7	-100
37	7	5	7
37	45	4	6
37	72	4	7
37	79	4	7
37	95	6	-100
38	8	5	6
38	10	4	7
38	13	4	6
38	54	4	7
38	80	6	-100
40	47	5	6
40	48	4	-100
40	58	5	6
40	82	5	-100
41	24	6	-100
41	40	4	6
41	89	7	-100
43	3	6	-100
43	9	6	-100
43	12	7	-100
43	18	5	-100
43	24	5	7
43	34	4	7
43	44	5	7
43	56	7	-100
43	58	5	7
43	63	5	6
43	89	5	6
43	95	4	7
43	98	4	-100
44	34	5	6
44	74	4	-100
45	73	5	-100
46	7	4	6
46	23	4	-100
46	37	6	-100
46	54	5	7
46	55	5	7
46	67	4	7
46	88	5	7
46	92	5	7
47	13	5	-100
47	32	4	7
47	53	5	-100
47	58	5	7
47	71	4	7
47	81	5	7
47	89	5	7
47	92	4	6
48	22	4	-100
48	52	5	7
48	58	4	6
48	63	4	7
48	70	4	6
48	95	5	7
48	98	6	-100
49	34	5	6
49	43	6	-100
49	94	7	-100
50	12	4	6
50	22	4	7
50	27	5	7
50	47	4	7
50	71	5	7
50	85	5	6
52	1	4	7
52	23	5	6
52	45	6	-100
52	50	5	7
52	63	6	-100
52	86	4	7
53	3	4	-100
53	32	5	6
53	48	6	-100
53	50	5	6
53	55	4	6
53	70	6	-100
53	74	5	6
54	1	4	6
54	5	5	6
54	27	4	7
54	88	4	7
55	12	4	6
55	32	4	6
55	43	6	-100
55	45	7	-100
55	67	7	-100
55	81	4	6
55	88	4	-100
56	23	6	-100
56	57	5	6
56	88	4	6
56	92	4	-100
56	94	4	7
57	13	5	-100
57	37	5	-100
57	85	7	-100
57	90	4	7
58	7	4	6
58	23	4	6
58	24	4	7
58	44	5	7
58	52	5	7
58	63	6	-100
58	74	4	6
58	97	5	-100
59	9	5	7
59	44	7	-100
59	72	4	6
59	82	4	6
59	90	5	6
63	34	4	6
63	40	4	-100
63	54	6	-100
63	59	5	-100
63	73	5	7
63	80	6	-100
63	85	6	-100
63	89	4	7
63	98	5	7
67	9	4	7
67	12	4	-100
67	24	7	-100
67	47	5	7
67	50	5	-100
67	89	5	-100
67	90	5	6
70	13	5	6
70	29	4	-100
70	63	4	6
70	71	4	6
70	98	6	-100
71	32	5	6
71	40	4	6
71	43	5	-100
71	52	6	-100
71	56	6	-100
71	58	5	7
71	73	5	7
71	85	4	7
72	3	4	-100
72	9	5	7
72	10	4	7
72	34	4	-100
72	43	4	-100
72	56	4	-100
72	63	4	7
72	67	7	-100
72	89	5	-100
73	24	4	-100
73	57	4	7
73	67	5	7
73	74	5	7
73	76	6	-100
73	86	5	-100
73	88	4	6
74	9	4	6
74	13	4	6
74	32	4	7
74	48	5	-100
74	59	5	6
74	63	4	-100
74	82	6	-100
74	90	6	-100
74	97	4	-100
75	1	4	6
75	25	5	6
75	43	5	6
75	52	4	7
76	23	4	7
76	27	5	7
76	40	4	-100
76	55	7	-100
76	56	4	-100
76	63	5	6
76	67	5	6
76	74	6	-100
76	85	5	-100
76	92	7	-100
79	5	5	7
79	18	4	-100
79	21	5	6
79	27	4	7
80	1	5	-100
80	13	5	7
80	47	4	7
80	59	5	6
81	3	5	-100
81	6	5	7
81	24	4	-100
81	67	4	6
81	71	7	-100
81	89	5	6
81	98	7	-100
82	9	5	6
82	94	5	7
84	13	4	7
84	22	5	6
84	24	5	-100
84	44	5	-100
84	73	5	7
85	6	4	-100
85	44	4	6
85	48	7	-100
86	10	4	7
86	34	5	6
86	56	4	6
86	57	5	7
86	72	7	-100
88	1	5	7
88	8	6	-100
88	27	4	-100
88	52	5	7
88	98	5	6
89	1	7	-100
89	3	5	-100
89	5	7	-100
89	59	6	-100
89	80	4	-100
90	6	4	-100
90	47	4	6
92	1	4	-100
92	6	7	-100
92	44	6	-100
92	70	5	6
92	98	5	6
94	10	7	-100
94	44	4	7
94	81	7	-100
94	88	4	6
94	90	5	6
94	97	4	7
95	22	4	7
95	24	4	6
95	25	5	6
95	81	5	-100
95	90	4	6
97	6	6	-100
97	18	6	-100
97	44	7	-100
97	47	5	-100
97	70	4	7
97	73	5	7
97	79	5	6
98	1	5	7
98	34	6	-100
98	59	7	-100
98	67	4	7
98	76	5	7
9	98	-100	-100
9	75	-100	-100
9	8	-100	-100
63	8	-100	-100
63	88	-100	-100
63	71	-100	-100
63	75	-100	-100
43	5	-100	-100
43	88	-100	-100
43	46	-100	-100
43	38	-100	-100
43	21	-100	-100
43	10	-100	-100
24	74	-100	-100
24	12	-100	-100
24	18	-100	-100
24	53	-100	-100
24	82	-100	-100
24	59	-100	-100
24	50	-100	-100
24	56	-100	-100
34	25	-100	-100
34	38	-100	-100
34	76	-100	-100
34	85	-100	-100
34	23	-100	-100
34	95	-100	-100
34	54	-100	-100
34	18	-100	-100
23	45	-100	-100
23	18	-100	-100
23	3	-100	-100
23	41	-100	-100
23	13	-100	-100
23	73	-100	-100
23	44	-100	-100
67	59	-100	-100
67	27	-100	-100
67	21	-100	-100
67	95	-100	-100
67	88	-100	-100
67	70	-100	-100
67	22	-100	-100
67	13	-100	-100
67	53	-100	-100
88	79	-100	-100
88	29	-100	-100
88	59	-100	-100
88	48	-100	-100
88	95	-100	-100
88	97	-100	-100
88	82	-100	-100
88	21	-100	-100
88	25	-100	-100
25	97	-100	-100
25	53	-100	-100
25	49	-100	-100
25	47	-100	-100
25	44	-100	-100
25	29	-100	-100
25	46	-100	-100
25	5	-100	-100
25	71	-100	-100
25	76	-100	-100
89	8	-100	-100
89	84	-100	-100
89	76	-100	-100
89	98	-100	-100
89	79	-100	-100
89	48	-100	-100
89	29	-100	-100
89	57	-100	-100
89	97	-100	-100
89	49	-100	-100
81	38	-100	-100
81	85	-100	-100
81	75	-100	-100
81	59	-100	-100
81	40	-100	-100
81	10	-100	-100
81	12	-100	-100
81	45	-100	-100
81	82	-100	-100
81	84	-100	-100
81	18	-100	-100
12	79	-100	-100
12	57	-100	-100
12	10	-100	-100
12	85	-100	-100
12	82	-100	-100
12	7	-100	-100
12	6	-100	-100
12	13	-100	-100
12	53	-100	-100
12	22	-100	-100
21	37	-100	-100
21	72	-100	-100
21	97	-100	-100
21	54	-100	-100
21	58	-100	-100
21	82	-100	-100
21	84	-100	-100
21	3	-100	-100
21	94	-100	-100
21	73	-100	-100
21	48	-100	-100
58	32	-100	-100
58	45	-100	-100
58	86	-100	-100
58	72	-100	-100
58	53	-100	-100
58	46	-100	-100
58	92	-100	-100
58	82	-100	-100
58	90	-100	-100
58	37	-100	-100
72	55	-100	-100
72	27	-100	-100
72	48	-100	-100
72	92	-100	-100
72	18	-100	-100
72	85	-100	-100
72	8	-100	-100
72	82	-100	-100
72	74	-100	-100
72	47	-100	-100
48	80	-100	-100
48	92	-100	-100
48	97	-100	-100
48	94	-100	-100
48	27	-100	-100
48	41	-100	-100
48	82	-100	-100
48	7	-100	-100
48	57	-100	-100
48	55	-100	-100
55	8	-100	-100
55	97	-100	-100
55	54	-100	-100
55	37	-100	-100
55	27	-100	-100
55	41	-100	-100
55	84	-100	-100
55	44	-100	-100
55	73	-100	-100
97	76	-100	-100
97	92	-100	-100
97	53	-100	-100
97	3	-100	-100
97	84	-100	-100
97	90	-100	-100
97	86	-100	-100
97	13	-100	-100
97	57	-100	-100
73	82	-100	-100
73	10	-100	-100
73	29	-100	-100
73	32	-100	-100
73	37	-100	-100
73	95	-100	-100
73	47	-100	-100
73	49	-100	-100
73	41	-100	-100
73	92	-100	-100
47	84	-100	-100
47	59	-100	-100
47	41	-100	-100
47	98	-100	-100
47	8	-100	-100
47	5	-100	-100
47	52	-100	-100
47	76	-100	-100
47	6	-100	-100
76	13	-100	-100
76	71	-100	-100
76	57	-100	-100
76	10	-100	-100
76	32	-100	-100
76	59	-100	-100
76	46	-100	-100
76	75	-100	-100
76	95	-100	-100
59	6	-100	-100
59	57	-100	-100
59	45	-100	-100
59	7	-100	-100
59	38	-100	-100
59	22	-100	-100
59	53	-100	-100
59	86	-100	-100
59	71	-100	-100
6	75	-100	-100
6	13	-100	-100
6	40	-100	-100
6	98	-100	-100
6	38	-100	-100
6	95	-100	-100
6	41	-100	-100
6	53	-100	-100
6	79	-100	-100
53	98	-100	-100
53	10	-100	-100
53	5	-100	-100
53	82	-100	-100
53	84	-100	-100
53	7	-100	-100
53	37	-100	-100
53	40	-100	-100
53	18	-100	-100
71	80	-100	-100
71	44	-100	-100
71	75	-100	-100
71	41	-100	-100
71	22	-100	-100
71	29	-100	-100
71	37	-100	-100
71	57	-100	-100
71	27	-100	-100
95	44	-100	-100
95	79	-100	-100
95	38	-100	-100
95	74	-100	-100
95	80	-100	-100
95	10	-100	-100
95	50	-100	-100
95	54	-100	-100
95	52	-100	-100
98	75	-100	-100
98	80	-100	-100
98	57	-100	-100
98	79	-100	-100
98	85	-100	-100
98	22	-100	-100
98	41	-100	-100
98	49	-100	-100
98	84	-100	-100
44	82	-100	-100
44	7	-100	-100
44	56	-100	-100
44	70	-100	-100
44	18	-100	-100
44	29	-100	-100
44	57	-100	-100
44	13	-100	-100
44	22	-100	-100
57	70	-100	-100
57	3	-100	-100
57	18	-100	-100
57	27	-100	-100
57	40	-100	-100
57	84	-100	-100
57	46	-100	-100
57	92	-100	-100
27	94	-100	-100
27	90	-100	-100
27	56	-100	-100
27	84	-100	-100
27	74	-100	-100
27	8	-100	-100
27	92	-100	-100
27	41	-100	-100
74	92	-100	-100
74	22	-100	-100
74	86	-100	-100
74	56	-100	-100
74	29	-100	-100
74	38	-100	-100
74	45	-100	-100
74	54	-100	-100
92	90	-100	-100
92	80	-100	-100
92	18	-100	-100
92	32	-100	-100
92	13	-100	-100
92	54	-100	-100
92	85	-100	-100
92	82	-100	-100
13	10	-100	-100
13	22	-100	-100
13	82	-100	-100
13	7	-100	-100
13	37	-100	-100
13	45	-100	-100
13	32	-100	-100
13	94	-100	-100
82	10	-100	-100
82	52	-100	-100
82	56	-100	-100
82	5	-100	-100
82	3	-100	-100
82	84	-100	-100
82	29	-100	-100
29	41	-100	-100
29	7	-100	-100
29	49	-100	-100
29	50	-100	-100
29	54	-100	-100
29	84	-100	-100
29	45	-100	-100
29	40	-100	-100
84	56	-100	-100
84	38	-100	-100
84	32	-100	-100
84	49	-100	-100
84	70	-100	-100
84	85	-100	-100
84	75	-100	-100
56	18	-100	-100
56	70	-100	-100
56	80	-100	-100
56	52	-100	-100
56	54	-100	-100
56	10	-100	-100
56	5	-100	-100
32	22	-100	-100
32	46	-100	-100
32	5	-100	-100
32	18	-100	-100
32	38	-100	-100
32	50	-100	-100
32	41	-100	-100
18	37	-100	-100
18	38	-100	-100
18	40	-100	-100
18	85	-100	-100
18	41	-100	-100
18	49	-100	-100
18	94	-100	-100
85	49	-100	-100
85	5	-100	-100
85	8	-100	-100
85	70	-100	-100
85	86	-100	-100
85	75	-100	-100
85	79	-100	-100
22	37	-100	-100
22	41	-100	-100
22	38	-100	-100
22	54	-100	-100
22	52	-100	-100
22	49	-100	-100
22	45	-100	-100
22	46	-100	-100
38	52	-100	-100
38	7	-100	-100
38	86	-100	-100
38	75	-100	-100
38	49	-100	-100
38	50	-100	-100
38	45	-100	-100
38	41	-100	-100
52	46	-100	-100
52	41	-100	-100
52	5	-100	-100
52	80	-100	-100
52	37	-100	-100
52	40	-100	-100
52	54	-100	-100
52	3	-100	-100
37	3	-100	-100
37	94	-100	-100
37	90	-100	-100
37	70	-100	-100
37	40	-100	-100
37	10	-100	-100
37	50	-100	-100
37	75	-100	-100
10	79	-100	-100
10	8	-100	-100
10	45	-100	-100
10	75	-100	-100
10	46	-100	-100
10	40	-100	-100
10	50	-100	-100
10	90	-100	-100
5	46	-100	-100
5	86	-100	-100
5	75	-100	-100
5	7	-100	-100
5	8	-100	-100
5	90	-100	-100
5	41	-100	-100
5	3	-100	-100
46	90	-100	-100
46	45	-100	-100
46	50	-100	-100
46	8	-100	-100
46	79	-100	-100
46	86	-100	-100
46	40	-100	-100
8	40	-100	-100
8	41	-100	-100
8	90	-100	-100
8	75	-100	-100
8	7	-100	-100
8	79	-100	-100
8	54	-100	-100
7	54	-100	-100
7	79	-100	-100
7	90	-100	-100
7	49	-100	-100
7	86	-100	-100
7	70	-100	-100
7	94	-100	-100
41	86	-100	-100
41	50	-100	-100
41	90	-100	-100
41	79	-100	-100
41	49	-100	-100
41	70	-100	-100
41	45	-100	-100
90	70	-100	-100
90	50	-100	-100
90	79	-100	-100
90	75	-100	-100
90	54	-100	-100
90	80	-100	-100
54	50	-100	-100
54	75	-100	-100
54	86	-100	-100
54	40	-100	-100
54	70	-100	-100
54	94	-100	-100
70	86	-100	-100
70	80	-100	-100
70	75	-100	-100
70	94	-100	-100
70	45	-100	-100
79	86	-100	-100
79	94	-100	-100
79	75	-100	-100
79	49	-100	-100
79	45	-100	-100
79	40	-100	-100
40	86	-100	-100
40	50	-100	-100
40	3	-100	-100
40	80	-100	-100
40	94	-100	-100
75	50	-100	-100
75	3	-100	-100
75	80	-100	-100
75	94	-100	-100
75	49	-100	-100
50	94	-100	-100
50	86	-100	-100
50	45	-100	-100
50	80	-100	-100
94	45	-100	-100
94	80	-100	-100
94	86	-100	-100
86	45	-100	-100
86	3	-100	-100
86	80	-100	-100
45	49	-100	-100
45	3	-100	-100
45	80	-100	-100
80	3	-100	-100
80	49	-100	-100
3	49	-100	-100
3	71	-100	-100
71	95	-100	-100
71	24	-100	-100
95	41	-100	-100
95	29	-100	-100
24	76	-100	-100
24	8	-100	-100
29	21	-100	-100
29	79	-100	-100
8	18	-100	-100
8	59	-100	-100
21	27	-100	-100
21	57	-100	-100
41	97	-100	-100
41	46	-100	-100
97	54	-100	-100
97	63	-100	-100
27	59	-100	-100
27	22	-100	-100
59	43	-100	-100
57	1	-100	-100
57	23	-100	-100
23	90	-100	-100
23	6	-100	-100
76	22	-100	-100
76	54	-100	-100
22	82	-100	-100
54	53	-100	-100
79	38	-100	-100
79	92	-100	-100
46	18	-100	-100
46	38	-100	-100
18	75	-100	-100
38	55	-100	-100
90	32	-100	-100
90	25	-100	-100
53	13	-100	-100
53	73	-100	-100
92	45	-100	-100
92	55	-100	-100
55	52	-100	-100
45	67	-100	-100
45	98	-100	-100
43	48	-100	-100
43	1	-100	-100
1	37	-100	-100
25	86	-100	-100
25	50	-100	-100
67	7	-100	-100
67	10	-100	-100
6	48	-100	-100
6	84	-100	-100
48	73	-100	-100
73	3	-100	-100
84	80	-100	-100
84	52	-100	-100
52	81	-100	-100
63	56	-100	-100
63	3	-100	-100
50	49	-100	-100
50	81	-100	-100
81	5	-100	-100
56	13	-100	-100
56	9	-100	-100
13	5	-100	-100
5	88	-100	-100
82	86	-100	-100
82	98	-100	-100
98	94	-100	-100
86	49	-100	-100
7	72	-100	-100
7	89	-100	-100
80	88	-100	-100
80	74	-100	-100
88	34	-100	-100
10	85	-100	-100
10	47	-100	-100
37	89	-100	-100
37	9	-100	-100
9	32	-100	-100
89	70	-100	-100
32	44	-100	-100
85	58	-100	-100
85	47	-100	-100
47	12	-100	-100
94	58	-100	-100
94	74	-100	-100
74	3	-100	-100
58	3	-100	-100
3	12	-100	-100
12	34	-100	-100
34	75	-100	-100
75	44	-100	-100
44	72	-100	-100
72	40	-100	-100
70	40	-100	-100
70	49	-100	-100
40	49	-100	-100
49	47	-100	-100
47	34	-100	-100
47	37	-100	-100
47	46	-100	-100
34	10	-100	-100
34	71	-100	-100
34	46	-100	-100
46	63	-100	-100
46	82	-100	-100
10	89	-100	-100
10	41	-100	-100
10	3	-100	-100
37	38	-100	-100
37	41	-100	-100
37	25	-100	-100
41	56	-100	-100
41	7	-100	-100
3	98	-100	-100
3	76	-100	-100
3	9	-100	-100
89	88	-100	-100
89	55	-100	-100
89	32	-100	-100
38	44	-100	-100
38	94	-100	-100
38	63	-100	-100
63	82	-100	-100
63	55	-100	-100
82	27	-100	-100
82	8	-100	-100
55	95	-100	-100
55	79	-100	-100
9	18	-100	-100
9	13	-100	-100
9	79	-100	-100
79	43	-100	-100
79	53	-100	-100
76	6	-100	-100
76	12	-100	-100
76	44	-100	-100
44	67	-100	-100
44	73	-100	-100
56	6	-100	-100
56	40	-100	-100
56	32	-100	-100
32	95	-100	-100
32	94	-100	-100
94	71	-100	-100
94	84	-100	-100
95	13	-100	-100
95	59	-100	-100
71	86	-100	-100
71	88	-100	-100
13	50	-100	-100
13	85	-100	-100
6	70	-100	-100
6	21	-100	-100
88	86	-100	-100
88	50	-100	-100
86	24	-100	-100
86	18	-100	-100
50	72	-100	-100
50	97	-100	-100
18	67	-100	-100
18	58	-100	-100
67	25	-100	-100
67	54	-100	-100
25	7	-100	-100
25	70	-100	-100
7	27	-100	-100
7	57	-100	-100
27	73	-100	-100
27	29	-100	-100
73	12	-100	-100
73	81	-100	-100
70	52	-100	-100
70	8	-100	-100
12	48	-100	-100
12	59	-100	-100
8	49	-100	-100
8	58	-100	-100
59	92	-100	-100
59	48	-100	-100
58	22	-100	-100
58	49	-100	-100
48	49	-100	-100
48	24	-100	-100
24	54	-100	-100
24	21	-100	-100
21	85	-100	-100
21	53	-100	-100
53	80	-100	-100
53	1	-100	-100
85	23	-100	-100
85	54	-100	-100
54	72	-100	-100
72	1	-100	-100
72	84	-100	-100
1	90	-100	-100
1	5	-100	-100
84	74	-100	-100
84	40	-100	-100
40	43	-100	-100
40	92	-100	-100
92	23	-100	-100
92	29	-100	-100
43	57	-100	-100
43	29	-100	-100
29	57	-100	-100
57	52	-100	-100
23	5	-100	-100
23	49	-100	-100
52	90	-100	-100
52	97	-100	-100
5	49	-100	-100
5	97	-100	-100
97	49	-100	-100
49	74	-100	-100
90	81	-100	-100
90	22	-100	-100
74	98	-100	-100
74	75	-100	-100
22	80	-100	-100
22	75	-100	-100
81	80	-100	-100
81	54	-100	-100
22	92	-100	-100
82	89	-100	-100
88	45	-100	-100
76	43	-100	-100
53	38	-100	-100
97	37	-100	-100
10	24	-100	-100
27	18	-100	-100
9	25	-100	-100
21	41	-100	-100
48	46	-100	-100
52	98	-100	-100
55	3	-100	-100
58	12	-100	-100
86	98	-100	-100
70	81	-100	-100
47	7	-100	-100
98	72	-100	-100
5	94	-100	-100
6	1	-100	-100
71	8	-100	-100
73	90	-100	-100
32	79	-100	-100
56	85	-100	-100
29	34	-100	-100
23	50	-100	-100
74	57	-100	-100
40	45	-100	-100
84	59	-100	-100
67	75	-100	-100
13	63	-100	-100
49	95	-100	-100
44	80	-100	-100
80	32	-100	-100
85	29	-100	-100
49	6	-100	-100
82	18	-100	-100
12	80	-100	-100
72	53	-100	-100
95	40	-100	-100
25	38	-100	-100
50	76	-100	-100
47	43	-100	-100
21	92	-100	-100
59	37	-100	-100
58	54	-100	-100
9	89	-100	-100
94	57	-100	-100
48	67	-100	-100
56	98	-100	-100
41	63	-100	-100
8	97	-100	-100
84	5	-100	-100
86	90	-100	-100
79	70	-100	-100
10	23	-100	-100
74	34	-100	-100
44	27	-100	-100
22	88	-100	-100
3	24	-100	-100
46	81	-100	-100
7	1	-100	-100
73	52	-100	-100
71	13	-100	-100
55	75	-100	-100
75	45	-100	-100
75	97	-100	-100
50	84	-100	-100
85	82	-100	-100
57	32	-100	-100
53	95	-100	-100
18	21	-100	-100
59	54	-100	-100
40	7	-100	-100
8	23	-100	-100
37	5	-100	-100
86	48	-100	-100
38	58	-100	-100
29	9	-100	-100
79	72	-100	-100
3	44	-100	-100
10	98	-100	-100
74	55	-100	-100
24	90	-100	-100
34	70	-100	-100
43	13	-100	-100
63	47	-100	-100
1	27	-100	-100
75	46	-100	-100
49	71	-100	-100
41	92	-100	-100
6	94	-100	-100
88	76	-100	-100
67	56	-100	-100
89	45	-100	-100
81	22	-100	-100
25	52	-100	-100
80	73	-100	-100
12	45	-100	-100
45	32	-100	-100
32	98	-100	-100
50	8	-100	-100
50	73	-100	-100
73	18	-100	-100
8	95	-100	-100
18	6	-100	-100
95	63	-100	-100
6	88	-100	-100
63	86	-100	-100
88	37	-100	-100
86	43	-100	-100
37	80	-100	-100
43	53	-100	-100
80	67	-100	-100
53	23	-100	-100
67	85	-100	-100
23	7	-100	-100
7	3	-100	-100
85	40	-100	-100
3	47	-100	-100
40	90	-100	-100
47	9	-100	-100
90	98	-100	-100
9	52	-100	-100
98	97	-100	-100
52	24	-100	-100
97	56	-100	-100
24	79	-100	-100
56	89	-100	-100
79	22	-100	-100
89	75	-100	-100
22	5	-100	-100
75	92	-100	-100
92	71	-100	-100
71	72	-100	-100
72	81	-100	-100
81	48	-100	-100
48	54	-100	-100
54	49	-100	-100
49	59	-100	-100
59	55	-100	-100
55	70	-100	-100
70	5	-100	-100
34	45	-100	-100
34	57	-100	-100
57	58	-100	-100
58	25	-100	-100
25	84	-100	-100
84	45	-100	-100
45	76	-100	-100
76	29	-100	-100
29	1	-100	-100
1	94	-100	-100
94	41	-100	-100
41	82	-100	-100
82	38	-100	-100
38	27	-100	-100
27	46	-100	-100
46	21	-100	-100
21	12	-100	-100
12	44	-100	-100
44	40	-100	-100
72	97	-100	-100
75	47	-100	-100
1	8	-100	-100
95	23	-100	-100
76	38	-100	-100
27	63	-100	-100
59	29	-100	-100
44	89	-100	-100
7	22	-100	-100
21	55	-100	-100
43	67	-100	-100
48	18	-100	-100
85	25	-100	-100
52	34	-100	-100
81	41	-100	-100
88	92	-100	-100
84	46	-100	-100
6	74	-100	-100
71	5	-100	-100
90	13	-100	-100
80	82	-100	-100
73	13	-100	-100
32	24	-100	-100
13	86	-100	-100
53	57	-100	-100
70	74	-100	-100
3	54	-100	-100
37	12	-100	-100
79	56	-100	-100
58	50	-100	-100
45	53	-100	-100
3	85	-100	-100
45	48	-100	-100
27	43	-100	-100
82	54	-100	-100
63	7	-100	-100
41	74	-100	-100
6	8	-100	-100
71	46	-100	-100
1	59	-100	-100
32	40	-100	-100
50	21	-100	-100
56	22	-100	-100
67	84	-100	-100
76	37	-100	-100
47	24	-100	-100
70	88	-100	-100
29	94	-100	-100
80	10	-100	-100
94	89	-100	-100
34	97	-100	-100
72	90	-100	-100
13	79	-100	-100
23	38	-100	-100
73	58	-100	-100
55	49	-100	-100
52	92	-100	-100
49	44	-100	-100
86	9	-100	-100
18	95	-100	-100
57	81	-100	-100
25	74	-100	-100
75	12	-100	-100
5	98	-100	-100
9	10	-100	-100
10	49	-100	-100
49	37	-100	-100
59	40	-100	-100
59	75	-100	-100
75	41	-100	-100
41	53	-100	-100
40	23	-100	-100
53	52	-100	-100
23	82	-100	-100
52	6	-100	-100
82	47	-100	-100
6	45	-100	-100
47	45	-100	-100
89	13	-100	-100
89	46	-100	-100
46	97	-100	-100
13	72	-100	-100
97	1	-100	-100
72	73	-100	-100
1	86	-100	-100
73	34	-100	-100
34	27	-100	-100
86	55	-100	-100
27	10	-100	-100
55	5	-100	-100
5	29	-100	-100
29	67	-100	-100
67	58	-100	-100
58	70	-100	-100
70	12	-100	-100
12	9	-100	-100
9	50	-100	-100
50	92	-100	-100
92	43	-100	-100
43	7	-100	-100
7	56	-100	-100
56	25	-100	-100
25	22	-100	-100
22	8	-100	-100
8	84	-100	-100
84	3	-100	-100
3	48	-100	-100
48	76	-100	-100
76	90	-100	-100
90	85	-100	-100
85	80	-100	-100
80	24	-100	-100
24	94	-100	-100
94	63	-100	-100
63	18	-100	-100
18	10	-100	-100
10	32	-100	-100
32	54	-100	-100
54	44	-100	-100
44	21	-100	-100
21	81	-100	-100
81	74	-100	-100
74	79	-100	-100
79	71	-100	-100
71	38	-100	-100
38	98	-100	-100
98	37	-100	-100
37	63	-100	-100
74	43	-100	-100
97	12	-100	-100
7	55	-100	-100
27	25	-100	-100
41	13	-100	-100
44	47	-100	-100
94	92	-100	-100
21	40	-100	-100
49	1	-100	-100
53	56	-100	-100
85	73	-100	-100
50	98	-100	-100
9	48	-100	-100
8	67	-100	-100
84	18	-100	-100
6	34	-100	-100
79	81	-100	-100
71	23	-100	-100
32	59	-100	-100
76	80	-100	-100
52	89	-100	-100
24	38	-100	-100
70	3	-100	-100
29	90	-100	-100
22	10	-100	-100
5	58	-100	-100
46	95	-100	-100
86	75	-100	-100
45	57	-100	-100
82	95	-100	-100
54	57	-100	-100
72	95	-100	-100
57	88	-100	-100
88	75	-100	-100
75	40	-100	-100
40	97	-100	-100
97	38	-100	-100
38	85	-100	-100
85	27	-100	-100
27	98	-100	-100
98	7	-100	-100
7	10	-100	-100
10	88	-100	-100
9	90	-100	-100
9	54	-100	-100
54	45	-100	-100
90	21	-100	-100
45	21	-100	-100
72	46	-100	-100
72	5	-100	-100
46	1	-100	-100
5	74	-100	-100
1	58	-100	-100
74	52	-100	-100
58	34	-100	-100
52	76	-100	-100
34	37	-100	-100
76	8	-100	-100
37	48	-100	-100
8	13	-100	-100
48	56	-100	-100
13	55	-100	-100
56	49	-100	-100
55	50	-100	-100
49	57	-100	-100
50	70	-100	-100
57	22	-100	-100
70	82	-100	-100
22	73	-100	-100
82	43	-100	-100
73	79	-100	-100
43	41	-100	-100
79	25	-100	-100
41	88	-100	-100
25	24	-100	-100
88	18	-100	-100
24	23	-100	-100
18	12	-100	-100
23	12	-100	-100
92	53	-100	-100
92	81	-100	-100
53	94	-100	-100
81	32	-100	-100
94	3	-100	-100
32	3	-100	-100
89	71	-100	-100
89	86	-100	-100
86	6	-100	-100
71	6	-100	-100
80	29	-100	-100
80	21	-100	-100
50	1	-100	-100
82	55	-100	-100
71	84	-100	-100
88	40	-100	-100
94	23	-100	-100
97	59	-100	-100
41	3	-100	-100
12	25	-100	-100
75	48	-100	-100
54	84	-100	-100
7	76	-100	-100
80	5	-100	-100
13	81	-100	-100
57	79	-100	-100
46	74	-100	-100
84	34	-100	-100
53	44	-100	-100
70	18	-100	-100
32	52	-100	-100
49	27	-100	-100
8	92	-100	-100
85	89	-100	-100
90	38	-100	-100
22	6	-100	-100
45	43	-100	-100
9	44	-100	-100
86	47	-100	-100
37	29	-100	-100
98	29	-100	-100
24	44	-100	-100
58	56	-100	-100
72	94	-100	-100
50	63	-100	-100
72	45	-100	-100
32	21	-100	-100
49	67	-100	-100
75	73	-100	-100
9	76	-100	-100
74	1	-100	-100
41	85	-100	-100
88	3	-100	-100
13	98	-100	-100
18	5	-100	-100
73	40	-100	-100
56	95	-100	-100
8	81	-100	-100
55	71	-100	-100
80	97	-100	-100
34	59	-100	-100
29	63	-100	-100
58	10	-100	-100
82	25	-100	-100
10	6	-100	-100
92	38	-100	-100
57	47	-100	-100
12	86	-100	-100
79	63	-100	-100
84	43	-100	-100
63	67	-100	-100
53	89	-100	-100
52	59	-100	-100
24	22	-100	-100
90	44	-100	-100
46	70	-100	-100
54	47	-100	-100
48	23	-100	-100
27	37	-100	-100
7	24	-100	-100
92	5	-100	-100
45	85	-100	-100
49	53	-100	-100
71	54	-100	-100
88	74	-100	-100
12	41	-100	-100
80	27	-100	-100
75	23	-100	-100
6	72	-100	-100
94	22	-100	-100
50	18	-100	-100
40	9	-100	-100
3	90	-100	-100
8	32	-100	-100
76	70	-100	-100
82	1	-100	-100
46	13	-100	-100
52	79	-100	-100
10	25	-100	-100
38	56	-100	-100
86	95	-100	-100
84	58	-100	-100
63	44	-100	-100
43	97	-100	-100
34	81	-100	-100
37	67	-100	-100
57	55	-100	-100
29	48	-100	-100
7	73	-100	-100
98	95	-100	-100
21	89	-100	-100
47	95	-100	-100
47	88	-100	-100
53	22	-100	-100
45	56	-100	-100
27	13	-100	-100
10	21	-100	-100
44	50	-100	-100
79	54	-100	-100
38	89	-100	-100
86	81	-100	-100
29	24	-100	-100
84	37	-100	-100
46	3	-100	-100
8	80	-100	-100
90	82	-100	-100
18	25	-100	-100
49	63	-100	-100
43	73	-100	-100
34	40	-100	-100
9	41	-100	-100
72	52	-100	-100
74	85	-100	-100
97	7	-100	-100
76	94	-100	-100
48	32	-100	-100
98	58	-100	-100
70	59	-100	-100
92	67	-100	-100
55	23	-100	-100
47	1	-100	-100
5	59	-100	-100
57	67	-100	-100
75	95	-100	-100
71	67	-100	-100
6	25	-100	-100
92	34	-100	-100
49	88	-100	-100
72	80	-100	-100
82	97	-100	-100
44	45	-100	-100
54	23	-100	-100
21	76	-100	-100
79	1	-100	-100
3	22	-100	-100
86	29	-100	-100
84	10	-100	-100
8	57	-100	-100
7	75	-100	-100
40	55	-100	-100
13	24	-100	-100
43	37	-100	-100
53	85	-100	-100
67	94	-100	-100
63	12	-100	-100
9	71	-100	-100
12	32	-100	-100
73	5	-100	-100
56	81	-100	-100
52	27	-100	-100
48	50	-100	-100
41	59	-100	-100
74	18	-100	-100
70	38	-100	-100
98	46	-100	-100
90	89	-100	-100
6	7	-100	-100
53	46	-100	-100
45	27	-100	-100
71	10	-100	-100
12	74	-100	-100
72	76	-100	-100
82	75	-100	-100
94	52	-100	-100
88	38	-100	-100
25	80	-100	-100
13	54	-100	-100
81	29	-100	-100
70	9	-100	-100
73	8	-100	-100
89	58	-100	-100
32	6	-100	-100
56	3	-100	-100
58	59	-100	-100
98	44	-100	-100
59	79	-100	-100
90	43	-100	-100
22	47	-100	-100
50	5	-100	-100
47	18	-100	-100
63	57	-100	-100
34	48	-100	-100
24	97	-100	-100
1	95	-100	-100
49	92	-100	-100
55	85	-100	-100
41	84	-100	-100
86	67	-100	-100
37	86	-100	-100
59	50	-100	-100
45	97	-100	-100
6	37	-100	-100
74	40	-100	-100
27	9	-100	-100
12	1	-100	-100
44	81	-100	-100
25	94	-100	-100
98	21	-100	-100
63	90	-100	-100
43	70	-100	-100
41	58	-100	-100
49	46	-100	-100
85	88	-100	-100
10	54	-100	-100
40	67	-100	-100
7	32	-100	-100
21	71	-100	-100
53	29	-100	-100
56	75	-100	-100
13	34	-100	-100
92	95	-100	-100
82	57	-100	-100
24	72	-100	-100
89	23	-100	-100
55	80	-100	-100
23	47	-100	-100
48	5	-100	-100
76	18	-100	-100
8	3	-100	-100
84	79	-100	-100
38	73	-100	-100
52	12	-100	-100
85	52	-100	-100
75	27	-100	-100
41	54	-100	-100
88	90	-100	-100
57	72	-100	-100
50	7	-100	-100
18	13	-100	-100
25	92	-100	-100
40	98	-100	-100
47	56	-100	-100
58	80	-100	-100
81	23	-100	-100
8	74	-100	-100
3	59	-100	-100
37	44	-100	-100
55	94	-100	-100
82	67	-100	-100
10	97	-100	-100
79	34	-100	-100
38	48	-100	-100
86	21	-100	-100
84	1	-100	-100
76	49	-100	-100
43	22	-100	-100
32	70	-100	-100
6	9	-100	-100
29	46	-100	-100
45	24	-100	-100
63	22	-100	-100
89	95	-100	-100
5	44	-100	-100
50	82	-100	-100
49	12	-100	-100
59	23	-100	-100
75	72	-100	-100
57	41	-100	-100
45	95	-100	-100
47	38	-100	-100
92	63	-100	-100
1	10	-100	-100
6	55	-100	-100
32	88	-100	-100
76	84	-100	-100
34	3	-100	-100
52	67	-100	-100
80	7	-100	-100
29	8	-100	-100
58	9	-100	-100
70	95	-100	-100
18	98	-100	-100
95	27	-100	-100
5	40	-100	-100
90	53	-100	-100
22	21	-100	-100
53	71	-100	-100
97	81	-100	-100
71	48	-100	-100
25	54	-100	-100
94	85	-100	-100
89	74	-100	-100
79	67	-100	-100
22	34	-100	-100
82	37	-100	-100
74	71	-100	-100
95	94	-100	-100
37	54	-100	-100
10	70	-100	-100
32	86	-100	-100
79	44	-100	-100
23	80	-100	-100
86	76	-100	-100
75	21	-100	-100
49	52	-100	-100
72	41	-100	-100
50	43	-100	-100
5	45	-100	-100
89	40	-100	-100
43	81	-100	-100
55	47	-100	-100
27	58	-100	-100
88	7	-100	-100
25	13	-100	-100
9	92	-100	-100
13	29	-100	-100
84	12	-100	-100
8	48	-100	-100
18	59	-100	-100
85	46	-100	-100
53	63	-100	-100
1	3	-100	-100
38	57	-100	-100
90	56	-100	-100
98	24	-100	-100
6	46	-100	-100
97	95	-100	-100
94	9	-100	-100
45	8	-100	-100
25	73	-100	-100
53	86	-100	-100
44	48	-100	-100
50	89	-100	-100
97	29	-100	-100
12	92	-100	-100
21	52	-100	-100
7	82	-100	-100
72	49	-100	-100
43	85	-100	-100
98	73	-100	-100
13	75	-100	-100
18	90	-100	-100
32	1	-100	-100
23	74	-100	-100
5	38	-100	-100
37	81	-100	-100
84	88	-100	-100
79	76	-100	-100
54	73	-100	-100
47	70	-100	-100
73	46	-100	-100
41	80	-100	-100
6	67	-100	-100
34	5	-100	-100
46	44	-100	-100
85	37	-100	-100
8	98	-100	-100
84	92	-100	-100
79	47	-100	-100
54	80	-100	-100
50	56	-100	-100
52	43	-100	-100
13	40	-100	-100
41	34	-100	-100
25	89	-100	-100
29	18	-100	-100
74	67	-100	-100
75	53	-100	-100
38	9	-100	-100
82	45	-100	-100
1	24	-100	-100
6	3	-100	-100
40	27	-100	-100
3	95	-100	-100
27	86	-100	-100
49	90	-100	-100
76	81	-100	-100
88	12	-100	-100
21	7	-100	-100
32	97	-100	-100
72	70	-100	-100
23	27	-100	-100
90	71	-100	-100
25	45	-100	-100
82	49	-100	-100
12	40	-100	-100
88	81	-100	-100
44	8	-100	-100
32	75	-100	-100
52	10	-100	-100
50	74	-100	-100
86	84	-100	-100
72	22	-100	-100
76	58	-100	-100
95	9	-100	-100
41	67	-100	-100
38	3	-100	-100
43	23	-100	-100
34	89	-100	-100
53	8	-100	-100
86	44	-100	-100
41	76	-100	-100
84	90	-100	-100
34	32	-100	-100
3	67	-100	-100
50	57	-100	-100
81	53	-100	-100
82	71	-100	-100
38	40	-100	-100
89	54	-100	-100
74	7	-100	-100
88	72	-100	-100
45	63	-100	-100
54	6	-100	-100
25	57	-100	-100
7	92	-100	-100
92	37	-100	-100
23	97	-100	-100
6	43	-100	-100
49	13	-100	-100
95	57	-100	-100
52	18	-100	-100
12	71	-100	-100
9	85	-100	-100
37	56	-100	-100
97	22	-100	-100
27	47	-100	-100
18	71	-100	-100
75	29	-100	-100
47	94	-100	-100
57	24	-100	-100
13	59	-100	-100
29	56	-100	-100
85	59	-100	-100
46	94	-100	-100
46	59	-100	-100
94	59	-100	-100
5	63	-100	-100
5	24	-100	-100
1	73	-100	-100
1	70	-100	-100
70	22	-100	-100
22	40	-100	-100
90	55	-100	-100
71	97	-100	-100
32	49	-100	-100
6	29	-100	-100
44	41	-100	-100
88	58	-100	-100
50	79	-100	-100
12	98	-100	-100
22	86	-100	-100
18	1	-100	-100
82	34	-100	-100
45	90	-100	-100
22	89	-100	-100
45	1	-100	-100
82	76	-100	-100
29	72	-100	-100
41	25	-100	-100
97	85	-100	-100
88	53	-100	-100
18	55	-100	-100
49	81	-100	-100
32	37	-100	-100
12	5	-100	-100
71	98	-100	-100
40	25	-100	-100
37	74	-100	-100
5	67	-100	-100
67	38	-100	-100
76	53	-100	-100
85	95	-100	-100
44	52	-100	-100
86	92	-100	-100
72	23	-100	-100
89	73	-100	-100
6	50	-100	-100
92	3	-100	-100
34	7	-100	-100
81	58	-100	-100
38	72	-100	-100
29	38	-100	-100
40	24	-100	-100
71	45	-100	-100
6	63	-100	-100
97	67	-100	-100
50	3	-100	-100
86	23	-100	-100
44	88	-100	-100
81	63	-100	-100
41	1	-100	-100
49	24	-100	-100
85	7	-100	-100
82	79	-100	-100
90	48	-100	-100
37	8	-100	-100
7	9	-100	-100
12	54	-100	-100
34	21	-100	-100
5	76	-100	-100
18	22	-100	-100
89	92	-100	-100
23	98	-100	-100
53	27	-100	-100
32	27	-100	-100
25	55	-100	-100
3	13	-100	-100
27	70	-100	-100
98	54	-100	-100
98	55	-100	-100
54	43	-100	-100
9	21	-100	-100
9	80	-100	-100
13	48	-100	-100
13	52	-100	-100
52	8	-100	-100
8	94	-100	-100
43	80	-100	-100
43	94	-100	-100
94	73	-100	-100
95	58	-100	-100
95	84	-100	-100
74	10	-100	-100
74	47	-100	-100
70	21	-100	-100
70	73	-100	-100
84	63	-100	-100
84	48	-100	-100
73	59	-100	-100
73	56	-100	-100
21	56	-100	-100
21	47	-100	-100
47	48	-100	-100
63	24	-100	-100
63	10	-100	-100
59	56	-100	-100
59	10	-100	-100
48	79	-100	-100
48	10	-100	-100
24	46	-100	-100
24	75	-100	-100
56	55	-100	-100
56	46	-100	-100
46	80	-100	-100
79	80	-100	-100
79	58	-100	-100
80	57	-100	-100
10	57	-100	-100
10	55	-100	-100
55	58	-100	-100
57	75	-100	-100
58	75	-100	-100
