150
1677
1
3	102	2001
3	116	2001
3	73	2002
122	99	2000
122	125	1999
122	115	2000
122	86	2000
122	80	2000
122	52	2000
122	83	2000
122	48	2000
17	23	2000
17	12	2000
66	18	2001
66	90	2001
66	110	2001
66	51	2001
26	97	2001
26	90	2002
45	94	2000
45	150	2000
45	93	2001
109	96	2001
109	138	2001
109	117	2001
109	114	2001
109	49	2001
102	136	2001
102	44	2001
102	112	2001
102	140	2001
102	116	2001
102	139	2001
102	32	2001
102	25	2001
102	141	2001
102	61	2001
102	146	2001
99	18	2001
99	83	2001
136	3	2002
136	112	2001
136	140	2001
136	139	2001
136	141	2001
136	39	2001
136	73	2001
136	146	2001
85	100	2000
85	87	2000
85	7	2000
85	149	1999
85	127	2000
85	29	2001
85	124	2000
85	143	1999
120	26	2000
120	34	2001
120	128	2000
120	72	2000
120	150	2000
120	145	2001
125	17	2000
125	99	2000
125	53	2001
125	63	2001
125	23	1999
125	62	2001
125	89	2001
125	65	2000
125	67	2000
125	86	2001
125	24	2000
125	51	2001
44	112	2001
44	121	2001
44	140	2001
44	116	2001
44	70	2001
44	79	2001
44	146	2001
112	82	2001
133	69	2001
121	134	2001
121	94	2001
121	60	2001
121	31	2001
121	128	2001
121	41	2001
121	10	2001
121	50	2001
121	113	2001
76	45	2001
76	134	2001
76	36	2001
76	105	2001
76	111	2001
27	26	2000
27	100	2000
27	40	1999
27	75	2000
27	62	2000
27	65	2000
27	97	2001
27	149	1999
27	123	2001
27	41	2000
27	127	2000
27	143	1999
27	108	2001
134	45	2001
134	111	2001
46	96	2000
46	114	2000
46	93	2001
46	49	2001
53	27	2000
53	5	2000
53	16	2000
53	90	2000
38	109	2002
38	130	2001
38	81	2001
38	104	2001
38	84	2001
38	138	2001
38	95	2001
38	117	2002
38	49	2001
38	57	2002
38	42	2001
19	13	2000
19	142	2000
19	144	2000
19	16	2001
19	89	2000
19	4	2001
19	145	2001
19	103	2000
19	77	2000
19	50	2000
19	71	2001
94	26	2000
94	120	2000
94	133	2000
94	134	2000
94	119	2000
94	5	2000
94	23	2000
94	74	2001
94	126	2000
94	54	2000
94	64	2000
94	128	2000
94	98	2000
94	28	2000
94	150	2000
94	65	2000
94	149	2000
94	12	2000
94	95	2000
94	141	2000
94	135	2000
94	10	2000
94	77	2000
94	110	2000
94	106	2000
94	50	2000
94	113	2000
100	26	2001
100	99	2000
100	75	2001
100	97	2001
100	7	2000
100	4	2000
100	123	2001
100	110	2000
100	127	2000
100	29	2001
100	124	2000
100	71	2001
88	102	2001
88	136	2001
88	141	2001
88	39	2001
132	120	2002
132	76	2001
132	134	2001
132	60	2002
132	37	2001
132	111	2001
119	102	2002
119	112	2001
119	121	2001
119	37	2001
119	90	2001
119	91	2001
96	38	2001
96	8	2001
96	130	2000
96	104	2000
96	4	2001
96	114	2000
96	49	2000
13	66	2001
13	142	2000
13	63	2001
13	64	2000
13	16	2001
13	128	2000
13	90	2001
13	148	2002
60	85	2000
60	76	2001
60	134	1999
60	94	2000
60	33	1999
60	98	2000
60	150	1999
60	7	2001
60	149	1999
60	80	2001
60	10	1999
60	91	2000
60	106	2000
60	143	1999
5	27	2000
5	19	2000
5	144	2000
5	34	2001
5	54	2000
5	90	2001
5	67	2000
5	12	1999
5	86	2000
5	103	1999
5	50	2000
5	21	2001
140	6	2001
78	112	2001
78	119	2001
78	107	2002
142	66	2001
142	148	2001
55	99	2000
55	120	2001
55	94	2000
55	132	2001
55	37	2001
55	126	2000
55	36	2000
55	64	2000
55	128	2000
55	87	2000
55	135	2000
118	145	2000
116	136	2001
116	112	2001
116	140	2001
116	146	2001
63	72	2001
63	65	2001
63	87	2001
40	26	2001
40	85	1999
40	125	2000
40	100	2000
40	96	1999
40	13	2001
40	60	2001
40	75	2001
40	54	1999
40	97	2001
40	149	1999
40	41	2000
40	22	2001
40	50	1999
40	143	2001
40	57	2000
40	71	2000
33	66	2000
33	94	2000
33	55	2000
33	1	2000
33	23	2000
33	74	2000
33	126	2000
33	64	2000
33	128	1999
33	87	2000
33	59	2000
33	95	2000
33	135	2001
33	41	1999
33	10	2001
33	43	2000
33	110	2000
33	106	2000
33	113	2000
1	66	2001
1	91	2002
6	102	2001
6	136	2001
6	88	2001
6	116	2001
6	70	2001
6	139	2001
23	27	2001
23	19	2000
23	119	2000
23	55	2000
23	63	2000
23	75	2000
23	126	2000
23	64	2000
23	128	2000
23	28	2000
23	89	2000
23	65	2000
23	87	2001
23	67	2000
23	145	2000
23	123	2000
23	135	2000
23	52	2000
23	110	2000
23	24	2000
2	122	2000
2	26	2001
2	133	2001
2	12	2000
2	145	2000
2	56	2001
2	135	2000
2	68	2000
2	108	2000
75	65	2001
144	26	2001
144	118	2001
144	34	2001
144	145	2001
34	118	2000
34	23	2002
34	89	2001
34	72	2001
34	145	2000
34	56	2001
34	79	2001
34	71	2001
31	26	2001
31	44	2000
31	94	2000
31	119	2001
31	96	2000
31	55	2001
31	33	2001
31	2	2001
31	128	2000
31	72	2000
31	130	2000
31	150	2001
31	104	2001
31	87	2001
31	58	2000
31	59	2000
31	145	2001
31	141	2001
31	135	2000
31	41	2000
31	10	1999
31	79	2000
31	93	2001
31	30	2000
31	92	2001
31	49	2000
31	106	2000
31	50	2000
31	57	2001
31	113	2001
37	120	2001
37	36	2001
37	107	2000
126	66	2000
126	1	2000
126	128	2000
126	150	2001
126	87	2000
126	14	2001
126	145	2000
126	135	2001
126	10	2000
126	43	2000
62	100	2000
62	40	2000
62	8	2000
62	149	1999
62	14	2001
62	41	2000
62	127	2000
54	33	2001
54	62	2001
54	131	2001
54	128	2000
54	97	2001
54	18	2001
54	90	2001
54	93	2001
54	52	2001
54	110	2000
131	125	2002
131	27	2001
131	5	2001
131	40	2002
131	8	2002
131	90	2001
131	50	2002
36	120	2000
36	111	2001
9	45	2002
9	76	2001
9	132	2001
64	66	2000
64	142	2000
64	126	2000
64	54	2000
64	128	2000
64	150	2000
64	97	2001
64	87	2000
64	148	2000
64	86	2000
64	135	2000
64	52	2001
64	110	2000
64	113	2000
16	66	2001
16	99	2001
16	142	2000
16	64	2000
16	18	2001
16	148	2001
16	86	2001
128	17	2000
128	66	2000
128	26	2000
128	125	2001
128	134	2000
128	63	2000
128	150	2000
128	90	2001
128	107	2000
128	145	2000
128	86	2001
128	135	2000
128	10	2000
128	111	2000
128	24	2001
98	120	2001
98	133	2001
98	33	2002
98	128	2000
98	145	2001
28	122	2001
28	66	2001
28	26	2001
28	99	2001
28	120	2000
28	63	2001
28	64	2000
28	16	2001
28	128	1999
28	98	2001
28	115	2002
28	89	2001
28	72	2001
28	67	2001
28	148	2001
28	111	2001
28	110	2001
28	51	2001
82	132	2000
82	37	2000
82	9	2000
115	125	1999
89	142	2000
89	118	2001
89	144	2001
89	62	2001
89	72	2001
89	97	2001
89	147	2001
89	145	2001
89	101	2001
89	91	2002
89	108	2001
89	51	2002
70	102	2001
70	136	2000
70	112	2001
70	88	2000
70	140	2001
70	116	2000
70	97	2000
70	139	2001
70	25	2000
70	141	2000
70	61	2001
70	39	2000
70	79	2001
70	73	2001
70	69	2000
70	91	2001
70	146	2001
8	102	2001
8	85	2000
8	100	2001
8	60	2000
8	40	2001
8	59	2000
8	149	2000
8	14	2000
8	41	2000
8	22	2000
8	127	2001
8	29	2000
8	143	2001
72	144	2001
72	128	2000
72	145	2000
72	50	2002
130	109	2002
130	84	2002
130	138	2000
130	117	2002
130	114	2001
130	93	2001
130	49	2001
130	57	2001
65	100	2000
65	131	2002
65	123	2000
81	109	2001
81	46	2001
81	96	2000
81	130	2001
81	104	2001
81	84	2001
81	138	2000
81	95	2001
81	117	2001
81	114	2001
81	20	2002
81	49	2001
81	42	2001
105	132	2001
105	9	2000
105	130	2001
18	142	2001
18	55	2001
18	23	2001
18	64	2000
18	128	2001
18	87	2001
18	145	2001
18	148	2001
18	86	2000
18	135	2001
18	11	2001
18	110	2000
18	50	2000
90	2	2001
90	18	2002
90	21	2002
104	109	2001
104	46	2001
104	130	2001
104	138	2000
104	117	2001
104	114	2001
104	49	2001
104	42	2001
139	112	2001
87	66	2001
87	26	2001
87	121	2001
87	134	2001
87	46	2001
87	94	2001
87	119	2002
87	60	2001
87	40	2001
87	1	2001
87	128	2000
87	98	2001
87	150	2002
87	90	2001
87	7	2001
87	4	2001
87	14	2001
87	107	2002
87	145	2001
87	95	2000
87	141	2001
87	123	2001
87	135	2001
87	10	2001
87	43	2001
87	111	2001
87	22	2001
87	110	2000
87	91	2001
87	143	1999
84	109	2001
84	46	2001
84	96	2000
84	104	2001
84	138	2001
84	117	2001
84	114	2001
84	20	2001
84	49	2001
84	57	2001
84	42	2001
58	102	2001
58	136	2001
58	44	2000
58	88	2000
58	72	2001
58	150	2001
58	97	2000
58	32	2000
58	59	2001
58	25	2000
58	145	2001
58	141	2000
58	135	2000
58	39	2001
58	10	2000
58	43	2001
58	79	2000
58	69	2000
58	30	2000
58	106	2000
35	102	2001
35	136	2001
35	44	2001
35	112	2001
35	132	2001
35	119	2001
35	60	2001
35	78	2001
35	37	2001
35	97	2001
35	107	2001
35	79	2001
7	40	2001
7	62	2001
32	136	2000
32	112	2001
32	140	2001
32	116	2000
32	6	2000
32	70	2000
32	97	2000
32	141	2000
32	73	2000
32	146	2001
59	85	2000
59	27	2000
59	94	2000
59	100	2000
59	60	1999
59	40	2000
59	23	2000
59	74	2000
59	126	2000
59	62	2000
59	64	2000
59	128	2000
59	150	2000
59	87	1999
59	7	2001
59	149	1999
59	95	2000
59	135	2000
59	10	2000
59	43	2000
59	11	2000
59	22	2000
59	110	2000
59	127	1999
59	29	2001
59	106	1999
59	124	2000
59	143	1999
59	113	2000
149	66	2000
149	100	1999
149	13	2000
149	1	2000
149	64	2000
149	87	1999
149	7	1998
149	127	1999
149	29	2000
149	124	1999
4	26	2000
4	118	2001
4	40	2000
4	34	2001
4	89	2001
4	47	2001
4	71	2001
67	17	2001
67	99	2001
67	118	2001
67	75	2001
67	65	2001
147	2	2001
12	133	2000
12	118	2000
12	144	2000
12	34	2000
12	89	2002
12	72	2001
12	147	2001
12	145	2000
12	56	2001
12	135	2000
12	103	2000
12	79	2000
12	68	2000
12	50	2000
12	108	2000
14	46	2000
14	60	2000
14	23	2002
14	74	2001
14	59	1999
14	149	1998
14	41	2000
138	95	2001
138	117	2001
138	114	2001
138	49	2000
138	42	2001
107	112	2000
107	119	2000
107	98	2000
107	150	2000
107	111	2000
145	26	2001
145	133	2000
145	62	2001
145	64	2001
145	97	2001
145	90	2002
145	4	2001
145	25	2001
145	147	2001
145	68	2000
145	51	2002
95	66	2000
95	46	2001
95	1	2000
95	126	2000
95	128	2000
95	43	2000
95	106	2000
95	113	2000
141	44	2002
141	134	2001
141	72	2001
141	25	2001
141	145	2001
61	140	2001
61	32	2000
61	146	2001
56	17	2001
56	26	2001
56	120	2001
56	13	2001
56	5	2001
56	142	2001
56	118	2001
56	144	2001
56	72	2001
56	97	2001
56	18	2001
56	25	2001
56	147	2001
56	145	2000
56	86	2001
56	79	2001
56	110	2001
56	108	2001
123	75	2000
123	149	2000
123	24	2000
117	40	2001
117	2	2001
117	101	2001
86	99	2001
86	126	2000
86	87	2000
86	149	2000
86	145	2000
86	83	2000
86	108	2000
135	66	2000
135	26	2001
135	133	2000
135	118	2000
135	34	2000
135	28	2000
135	72	2000
135	149	2001
135	4	2001
135	147	2000
135	145	2000
135	56	2000
135	41	2000
135	10	2000
135	79	2000
135	11	2001
135	20	2001
135	68	2000
135	50	2001
103	17	2000
103	142	2001
103	63	2000
103	2	2001
103	75	2001
103	144	2000
103	89	2000
103	65	2001
103	67	2001
103	56	2001
103	123	2001
103	108	2001
39	6	2002
39	32	2000
39	79	2001
80	121	2001
80	31	2002
41	122	2000
41	85	2000
41	94	1999
41	60	1999
41	74	2000
41	128	2000
41	150	1999
41	87	2000
41	58	2000
41	7	2000
41	59	1999
41	149	1998
41	95	1999
41	10	1999
41	43	2001
41	106	1999
41	143	2001
41	24	2000
10	93	2001
10	92	2001
10	106	2000
43	94	2000
43	128	2000
101	125	2000
101	133	2000
101	118	2000
101	2	2000
101	34	2000
101	12	2000
101	145	2000
101	135	2000
101	68	2000
101	71	2000
101	108	2000
79	128	2001
79	145	2000
77	13	2000
77	142	2000
77	144	2000
77	28	2000
77	89	2000
77	103	2000
77	91	2001
77	50	2000
114	11	2001
114	49	2001
114	57	2002
93	94	2001
93	33	2000
93	74	2001
93	128	2001
93	59	2001
93	95	2000
93	43	2001
93	11	2001
93	92	2000
93	106	1999
93	113	2000
73	102	2001
73	112	2001
73	140	2001
73	116	2001
73	6	2001
11	66	2001
11	26	2000
11	45	2001
11	53	1999
11	19	1999
11	94	2000
11	13	1999
11	5	1999
11	78	2001
11	55	2000
11	33	2000
11	75	1999
11	144	2000
11	34	1999
11	126	1999
11	128	1999
11	82	1999
11	89	1999
11	90	2001
11	87	2000
11	149	2001
11	95	2000
11	56	1999
11	86	2001
11	103	1999
11	43	2000
11	77	2000
11	91	1999
11	106	2000
11	50	1999
11	71	1999
11	24	2001
11	113	2000
52	99	2001
52	94	2001
52	126	2000
52	16	2001
52	87	2001
52	110	2000
22	85	1999
22	100	1999
22	60	1999
22	1	1999
22	75	2000
22	62	2001
22	64	1999
22	150	2001
22	97	2000
22	18	2000
22	7	1999
22	149	1998
22	14	2000
22	148	2000
22	41	1999
22	110	1999
22	29	2000
22	124	1999
22	143	1999
83	125	1999
83	13	2001
83	18	2001
110	122	2000
110	17	2000
110	99	2000
110	125	1999
110	55	2000
110	126	2000
110	62	2001
110	16	2001
110	128	2000
110	115	2000
110	89	2001
110	90	2002
110	145	2000
110	148	2000
110	86	2000
110	135	2000
110	83	2000
110	48	2000
110	21	2000
110	51	2001
69	102	2001
69	136	2001
69	121	2002
69	88	2001
69	25	2001
69	141	2001
69	79	2001
30	121	2001
30	46	2001
30	38	2001
30	96	1999
30	130	2002
30	81	2001
30	104	2001
30	84	2001
30	138	2000
30	114	2000
30	49	2001
30	57	2001
30	42	2001
92	66	2000
92	26	2000
92	44	2000
92	46	2000
92	94	2000
92	33	2000
92	1	2000
92	74	2000
92	126	2000
92	128	2000
92	150	2000
92	87	2000
92	58	2000
92	149	2001
92	4	2001
92	95	2000
92	43	2000
92	114	2000
92	11	2000
92	110	2000
92	20	2000
92	106	2000
92	113	2000
127	99	2001
127	75	2001
127	22	2001
20	45	2000
20	46	2000
20	96	2000
20	33	2000
20	126	2001
20	128	2001
20	130	2001
20	104	2001
20	95	2001
20	43	2001
20	114	2000
20	93	2000
20	30	2000
20	49	2000
20	106	2000
20	42	2001
20	113	2001
29	125	2002
29	119	2002
29	60	2001
29	40	2001
29	62	2001
29	7	2001
29	123	2001
29	69	2002
49	117	2001
106	66	2000
106	74	2000
106	2	2001
106	126	2000
106	128	2000
106	87	2001
106	14	2000
106	145	2001
106	135	2000
106	43	2000
106	79	2000
106	114	2001
106	110	2001
106	30	2000
146	6	2001
146	73	2001
124	125	2002
124	7	2001
124	29	2001
124	143	1999
48	125	1999
48	127	2000
50	26	2001
50	46	2000
50	38	2000
50	96	1999
50	13	2000
50	142	2000
50	82	2001
50	130	2000
50	105	2001
50	104	1999
50	84	2000
50	138	2000
50	145	2000
50	56	2000
50	30	2000
50	49	2000
47	26	2001
47	100	2001
47	118	2001
47	40	2001
47	34	2001
47	97	2001
47	71	2001
143	66	2000
143	26	1999
143	134	2000
143	100	1999
143	13	2000
143	55	1999
143	75	2001
143	126	2000
143	62	2001
143	64	2000
143	128	1999
143	98	2000
143	150	2000
143	7	1999
143	149	1998
143	148	2000
143	141	2000
143	114	2000
143	127	1999
143	29	2000
143	106	1999
57	109	2001
57	96	2000
57	81	2001
57	105	2001
57	104	2001
57	138	2001
57	117	2002
57	49	2001
57	42	2001
71	26	2001
71	50	2001
24	33	2001
24	93	2001
108	55	2001
108	118	2001
108	34	2000
108	72	2001
108	97	2001
108	67	2000
108	147	2001
108	145	2000
108	135	2000
108	68	2001
108	50	2001
42	46	2001
42	130	2001
42	114	2000
42	49	2001
42	50	2001
21	16	2001
21	91	2000
21	113	2000
113	66	2001
113	45	2001
113	46	2001
113	55	2001
113	1	2000
113	23	2000
113	126	2000
113	54	2000
113	128	2000
113	150	2000
113	81	2000
113	87	2000
113	10	2000
113	43	2000
113	30	2000
113	106	2000
113	42	2000
51	13	2002
51	63	2001
51	16	2001
51	52	2001
128	4	-100
87	116	-100
87	17	-100
87	29	-100
128	53	-100
128	115	-100
128	80	-100
128	45	-100
128	75	-100
128	46	-100
94	53	-100
94	30	-100
94	72	-100
94	85	-100
94	103	-100
94	67	-100
94	32	-100
94	122	-100
94	116	-100
94	21	-100
11	83	-100
11	130	-100
11	142	-100
11	46	-100
11	85	-100
11	145	-100
11	35	-100
11	54	-100
11	107	-100
11	121	-100
11	72	-100
11	17	-100
145	88	-100
145	123	-100
145	138	-100
145	21	-100
145	65	-100
145	83	-100
145	29	-100
145	9	-100
145	17	-100
145	52	-100
145	38	-100
145	124	-100
135	14	-100
135	131	-100
135	107	-100
135	69	-100
135	73	-100
135	90	-100
135	71	-100
135	114	-100
135	95	-100
135	24	-100
135	102	-100
135	13	-100
135	36	-100
135	19	-100
110	61	-100
110	84	-100
110	91	-100
110	85	-100
110	143	-100
110	24	-100
110	38	-100
110	67	-100
110	103	-100
110	130	-100
110	97	-100
110	40	-100
110	141	-100
110	147	-100
110	88	-100
59	36	-100
59	44	-100
59	123	-100
59	51	-100
59	32	-100
59	63	-100
59	17	-100
59	61	-100
59	70	-100
59	115	-100
59	89	-100
59	77	-100
59	142	-100
59	130	-100
59	141	-100
31	95	-100
31	25	-100
31	5	-100
31	60	-100
31	149	-100
31	85	-100
31	132	-100
31	114	-100
31	53	-100
31	51	-100
31	23	-100
31	108	-100
31	64	-100
31	36	-100
31	144	-100
31	123	-100
31	47	-100
31	103	-100
31	43	-100
50	28	-100
50	4	-100
50	126	-100
50	147	-100
50	148	-100
50	118	-100
50	45	-100
50	51	-100
50	6	-100
50	117	-100
50	133	-100
50	17	-100
50	68	-100
50	36	-100
50	1	-100
50	109	-100
50	25	-100
50	143	-100
50	32	-100
143	5	-100
143	51	-100
143	45	-100
143	82	-100
143	2	-100
143	1	-100
143	99	-100
143	107	-100
143	73	-100
143	112	-100
143	61	-100
143	133	-100
143	125	-100
143	147	-100
143	10	-100
143	21	-100
143	24	-100
143	54	-100
23	97	-100
23	51	-100
23	101	-100
23	32	-100
23	5	-100
23	109	-100
23	83	-100
23	43	-100
23	91	-100
23	41	-100
23	112	-100
23	100	-100
23	42	-100
23	84	-100
23	10	-100
23	72	-100
23	25	-100
23	104	-100
23	73	-100
23	79	-100
23	148	-100
113	123	-100
113	3	-100
113	98	-100
113	85	-100
113	35	-100
113	27	-100
113	88	-100
113	22	-100
113	76	-100
113	107	-100
113	130	-100
113	47	-100
113	90	-100
113	71	-100
113	4	-100
113	44	-100
113	57	-100
113	141	-100
113	37	-100
113	114	-100
113	16	-100
113	62	-100
41	3	-100
41	115	-100
41	117	-100
41	144	-100
41	119	-100
41	29	-100
41	63	-100
41	12	-100
41	65	-100
41	108	-100
41	18	-100
41	21	-100
41	133	-100
41	71	-100
41	100	-100
41	52	-100
41	125	-100
41	114	-100
41	70	-100
41	136	-100
41	1	-100
41	80	-100
40	69	-100
40	19	-100
40	34	-100
40	37	-100
40	9	-100
40	33	-100
40	81	-100
40	45	-100
40	90	-100
40	3	-100
40	38	-100
40	89	-100
40	136	-100
40	108	-100
40	25	-100
40	132	-100
40	10	-100
40	68	-100
40	1	-100
40	114	-100
40	146	-100
40	43	-100
33	25	-100
33	81	-100
33	30	-100
33	34	-100
33	89	-100
33	3	-100
33	139	-100
33	26	-100
33	19	-100
33	72	-100
33	75	-100
33	70	-100
33	44	-100
33	27	-100
33	45	-100
33	37	-100
33	69	-100
33	61	-100
33	111	-100
33	77	-100
33	96	-100
33	83	-100
64	132	-100
149	56	-100
126	119	-100
126	2	-100
60	34	-100
60	28	-100
60	39	-100
56	73	-100
56	114	-100
56	58	-100
89	134	-100
89	66	-100
89	27	-100
92	53	-100
92	3	-100
92	103	-100
100	133	-100
100	118	-100
100	144	-100
100	95	-100
22	10	-100
22	39	-100
22	107	-100
22	118	-100
125	77	-100
125	141	-100
125	114	-100
125	2	-100
28	79	-100
28	147	-100
28	2	-100
28	70	-100
28	132	-100
114	74	-100
114	97	-100
114	5	-100
114	34	-100
114	95	-100
70	16	-100
70	21	-100
70	2	-100
70	95	-100
70	27	-100
95	5	-100
95	74	-100
95	19	-100
95	111	-100
58	55	-100
58	77	-100
58	112	-100
58	140	-100
58	1	-100
66	86	-100
102	19	-100
102	82	-100
18	44	-100
18	91	-100
27	119	-100
27	84	-100
34	91	-100
34	21	-100
130	85	-100
130	133	-100
108	132	-100
108	139	-100
5	146	-100
5	96	-100
20	63	-100
20	32	-100
20	99	-100
103	62	-100
103	69	-100
103	120	-100
12	81	-100
12	24	-100
12	104	-100
2	42	-100
2	67	-100
2	3	-100
30	24	-100
30	53	-100
30	147	-100
55	136	-100
55	104	-100
55	146	-100
72	4	-100
72	116	-100
72	81	-100
72	150	-100
85	10	-100
136	105	-100
141	51	-100
104	67	-100
62	123	-100
13	46	-100
13	68	-100
90	7	-100
90	8	-100
32	98	-100
32	133	-100
84	48	-100
84	99	-100
93	138	-100
93	48	-100
46	44	-100
46	120	-100
19	109	-100
19	83	-100
97	29	-100
97	4	-100
29	98	-100
86	148	-100
44	133	-100
150	101	-100
43	148	-100
8	132	-100
8	123	-100
57	45	-100
57	6	-100
119	73	-100
119	120	-100
38	99	-100
38	148	-100
54	123	-100
54	127	-100
120	47	-100
120	121	-100
99	144	-100
99	42	-100
123	124	-100
123	63	-100
121	48	-100
121	112	-100
42	131	-100
42	98	-100
79	88	-100
138	140	-100
51	37	-100
133	35	-100
133	73	-100
73	7	-100
7	88	-100
7	142	-100
45	118	-100
45	63	-100
118	109	-100
109	131	-100
109	69	-100
69	24	-100
35	117	-100
35	17	-100
17	6	-100
14	36	-100
116	24	-100
148	21	-100
6	25	-100
75	36	-100
131	37	-100
134	39	-100
147	48	-100
83	82	-100
146	80	-100
36	3	-100
36	115	-100
111	80	-100
74	105	-100
39	61	-100
61	139	-100
76	139	-100
76	82	-100
82	48	-100
68	78	-100
68	139	-100
139	78	-100
48	115	-100
48	80	-100
115	80	-100
115	78	-100
80	9	-100
105	78	-100
105	17	-100
17	48	-100
107	76	-100
107	140	-100
24	39	-100
24	75	-100
75	63	-100
63	61	-100
98	1	-100
98	117	-100
117	6	-100
6	48	-100
1	105	-100
142	61	-100
142	9	-100
77	101	-100
77	39	-100
101	82	-100
116	47	-100
116	67	-100
67	139	-100
14	78	-100
14	76	-100
148	53	-100
148	111	-100
53	111	-100
140	80	-100
48	68	-100
82	74	-100
47	139	-100
80	124	-100
68	9	-100
74	3	-100
124	3	-100
115	105	-100
115	9	-100
105	146	-100
53	115	-100
74	80	-100
111	82	-100
47	36	-100
88	134	-100
124	52	-100
127	140	-100
9	78	-100
9	52	-100
47	122	-100
115	83	-100
122	39	-100
82	134	-100
74	91	-100
39	78	-100
111	37	-100
53	21	-100
83	25	-100
36	139	-100
91	140	-100
127	78	-100
88	71	-100
147	9	-100
3	61	-100
76	65	-100
68	105	-100
131	78	-100
