1000
4728
2
1	2	9	3
1	3	3	7
1	4	1	7
1	5	9	8
1	6	5	7
1	7	10	9
1	8	8	2
1	9	10	6
1	10	9	8
1	11	4	7
1	12	10	4
1	13	1	2
1	14	10	2
1	15	10	7
1	16	6	7
1	17	10	4
1	18	7	10
1	19	5	6
1	20	1	5
1	21	7	9
1	22	2	5
1	23	1	8
1	24	4	6
1	25	1	5
1	26	5	1
1	27	9	8
1	28	1	4
1	29	9	10
1	30	7	3
1	31	6	3
1	32	9	8
1	33	4	3
1	34	5	3
1	35	9	8
1	36	1	3
1	37	8	10
1	38	7	8
1	39	2	4
1	40	4	8
1	41	3	2
1	42	1	9
1	43	3	1
1	44	3	6
1	45	9	4
1	46	2	1
1	47	2	4
1	48	9	8
1	49	3	5
1	50	5	7
1	51	10	8
1	52	7	5
1	53	5	2
1	54	4	2
1	55	2	9
1	56	3	5
1	57	4	9
1	58	5	4
1	59	3	5
1	60	3	4
1	61	3	4
1	62	1	8
1	63	2	6
1	64	7	4
1	65	6	10
1	66	2	4
1	67	10	9
1	68	6	5
1	69	8	5
1	70	3	5
1	71	9	7
1	72	6	5
2	73	6	3
2	74	5	3
2	75	7	5
2	76	7	8
2	77	1	5
2	78	6	10
2	79	1	6
3	80	9	8
3	81	8	2
3	82	2	9
3	83	6	2
3	84	9	7
3	85	2	4
3	86	6	7
3	87	4	7
3	88	7	10
3	89	6	10
3	90	6	10
3	91	3	1
3	92	1	10
3	93	5	9
3	94	7	3
3	95	4	7
3	96	1	4
3	97	7	6
3	98	3	5
3	99	6	8
3	100	4	1
3	101	5	2
3	102	5	4
3	103	2	1
3	104	5	2
3	105	7	4
3	106	8	1
3	107	4	9
3	108	5	7
3	109	2	4
3	110	9	2
3	111	1	8
3	112	2	6
3	113	7	3
3	114	1	3
3	115	6	1
3	116	5	4
3	117	1	7
3	118	6	4
3	119	1	5
3	120	4	2
3	121	1	4
3	122	7	5
3	123	8	9
3	124	7	9
3	125	2	9
3	126	9	8
3	127	3	4
3	128	10	3
3	129	8	10
3	130	5	7
3	131	1	5
3	132	9	4
3	133	4	3
3	134	5	8
3	135	6	4
3	136	2	9
3	137	3	6
3	138	10	7
3	139	3	9
3	140	5	4
3	141	9	6
3	142	5	10
3	143	4	7
3	144	10	9
3	145	4	6
3	146	6	4
3	147	10	2
3	148	1	6
3	149	7	6
3	150	4	10
3	151	1	7
3	152	9	2
3	153	4	9
3	154	2	1
3	155	4	5
3	156	10	6
3	157	3	7
3	158	9	4
3	159	9	7
3	160	5	8
3	161	3	5
3	162	2	1
3	163	8	7
3	164	5	2
3	165	9	8
3	166	6	2
3	167	3	9
3	168	5	1
3	169	9	5
4	170	2	6
4	171	2	4
4	172	6	4
4	173	8	10
4	174	6	4
4	175	7	5
4	176	2	8
4	177	1	8
4	178	1	8
4	179	3	4
4	180	5	1
4	181	6	8
4	182	10	6
4	183	10	7
4	184	9	3
4	185	4	3
4	186	9	4
4	187	1	5
4	188	8	3
4	189	2	5
4	190	6	5
4	191	9	2
4	192	5	7
4	193	3	2
4	194	3	2
4	195	2	1
4	196	2	10
4	197	1	6
4	198	9	3
4	199	5	3
4	200	7	2
4	201	8	10
4	202	7	4
4	203	1	3
4	204	2	1
4	205	2	4
5	206	8	1
5	207	10	5
5	208	7	4
5	209	2	10
5	210	1	4
5	211	4	7
5	212	8	10
5	213	5	4
5	214	9	3
5	215	6	8
5	216	10	9
5	217	8	10
5	218	7	8
5	219	1	4
5	220	4	7
5	221	9	8
5	222	5	7
5	223	8	7
5	224	8	2
5	225	9	5
5	226	2	4
5	227	3	4
5	228	1	7
5	229	7	3
5	230	8	2
5	231	7	8
5	232	4	1
5	233	5	10
5	234	9	4
5	235	3	5
5	236	5	10
5	237	6	3
5	238	9	4
5	239	8	7
5	240	8	3
5	241	9	4
5	242	8	4
5	243	4	2
5	244	9	1
5	245	7	3
5	246	7	1
5	33	9	5
5	247	6	4
5	248	2	1
5	249	2	4
5	250	6	5
5	251	9	2
5	252	6	4
5	253	4	5
5	254	8	10
5	255	2	6
5	256	7	2
5	257	9	5
5	258	2	4
5	259	3	8
5	260	1	6
5	261	5	10
5	262	5	2
5	263	3	10
5	264	4	1
5	265	7	4
5	266	8	10
5	267	3	8
5	268	7	1
5	269	1	8
5	270	1	5
5	271	1	5
5	272	9	6
5	273	9	7
5	274	6	1
5	275	3	9
5	276	4	1
5	277	2	3
5	278	6	2
5	279	3	4
5	280	8	5
5	281	1	7
5	282	2	8
5	283	7	6
5	284	2	3
5	285	1	5
5	286	3	10
5	287	8	7
6	288	9	8
6	289	3	9
6	290	7	6
6	291	10	3
6	292	1	2
6	293	9	6
6	294	5	9
6	295	2	8
6	296	7	6
6	297	3	1
6	298	8	3
6	299	2	4
6	300	10	9
6	301	1	6
6	302	9	10
6	303	5	7
6	304	7	8
6	305	10	9
6	306	3	5
6	307	3	6
6	308	6	3
6	309	6	5
6	310	2	5
6	311	2	3
6	312	1	8
6	313	9	1
6	314	6	8
6	315	6	2
6	316	1	6
6	317	5	7
6	318	4	8
6	319	2	4
6	320	6	9
6	321	8	2
6	322	3	10
6	323	7	4
6	324	8	4
6	325	8	4
6	326	7	4
6	327	6	8
6	328	6	5
6	329	1	8
6	330	9	8
6	8	10	3
6	331	5	9
6	332	3	2
6	333	2	3
6	334	5	2
6	335	3	2
6	336	4	7
6	337	2	9
6	10	5	8
6	338	8	9
6	339	8	1
6	340	1	7
6	341	7	10
6	342	4	1
6	343	1	9
6	344	2	5
6	345	8	6
6	346	5	9
6	347	4	2
6	348	1	5
6	349	7	2
6	350	1	7
6	351	8	7
6	14	6	8
6	352	7	6
6	353	9	7
6	354	10	6
6	355	2	8
6	356	7	6
6	357	1	3
6	358	10	5
6	179	1	2
6	359	2	4
6	360	2	4
6	361	4	7
6	362	2	4
6	363	3	5
6	364	8	6
6	239	8	2
6	365	7	1
6	366	7	10
6	367	7	6
6	368	5	2
6	369	9	1
6	22	6	9
6	370	2	4
6	371	7	5
6	372	3	4
6	373	10	5
6	374	6	9
6	375	3	8
6	376	7	2
6	377	8	10
6	378	10	1
6	379	7	9
6	380	6	1
6	381	8	4
6	382	10	5
6	383	5	7
6	384	6	5
6	242	7	6
6	385	5	4
6	386	1	7
6	387	5	6
6	388	10	2
6	389	2	8
6	390	1	6
6	391	2	9
6	33	4	3
6	392	2	3
6	393	8	4
6	394	7	6
6	395	2	8
6	396	10	7
6	397	8	7
6	398	8	7
6	399	10	5
6	400	5	3
6	401	9	10
6	402	10	8
6	403	10	1
6	404	4	3
6	405	6	10
6	406	2	6
6	407	2	1
6	408	3	9
6	42	9	5
6	409	5	2
6	410	7	8
6	411	5	7
6	412	1	5
6	413	8	5
6	414	8	4
6	415	9	2
6	416	2	1
6	43	8	10
6	417	9	8
6	418	5	8
6	419	7	10
6	420	7	6
6	421	6	10
6	422	10	1
6	423	4	10
6	424	3	1
6	425	1	7
6	426	10	1
6	427	10	5
6	428	2	6
6	429	5	10
6	430	10	8
6	431	9	4
6	432	8	1
6	433	5	10
6	434	8	3
6	435	8	9
6	436	3	8
6	437	7	3
6	438	5	10
6	439	3	9
6	440	8	6
6	441	5	8
6	442	8	4
6	443	2	10
6	444	10	3
6	445	4	1
6	446	6	2
6	447	4	8
6	448	6	2
6	449	9	2
6	450	6	5
6	451	5	8
7	452	2	10
7	453	1	9
7	454	4	3
7	455	3	6
7	456	9	6
7	457	2	5
7	458	2	9
7	459	8	1
7	460	9	3
7	461	5	8
7	462	4	5
7	463	10	5
7	464	6	8
7	33	10	5
7	465	1	2
7	466	8	10
7	467	1	8
7	56	7	2
7	468	9	8
7	469	10	7
7	470	8	4
7	471	2	7
8	472	7	9
8	473	4	1
8	474	2	9
8	475	4	7
8	476	9	10
8	477	7	1
8	478	8	3
8	479	3	2
8	480	9	4
8	481	7	1
8	482	10	5
8	483	8	3
8	484	8	6
8	485	5	2
8	486	3	8
8	487	8	3
8	488	5	3
8	489	9	1
8	490	3	10
8	491	6	4
8	492	2	1
8	493	1	10
8	494	2	8
8	221	3	1
8	495	6	10
8	496	10	6
8	497	8	1
8	498	4	7
8	499	10	7
8	500	5	4
8	501	4	6
8	502	9	1
8	503	4	2
8	504	5	7
8	505	7	4
8	506	1	3
8	507	8	3
8	508	8	1
8	509	9	4
8	510	9	7
8	511	7	3
8	512	7	10
8	13	8	7
8	513	6	7
8	514	1	7
8	515	8	9
8	516	5	8
8	517	7	6
8	518	2	3
8	356	8	9
8	519	8	3
8	520	6	8
8	521	3	9
8	522	8	3
8	523	7	4
8	524	9	1
8	525	2	8
8	526	1	9
8	527	10	6
8	528	3	9
8	529	9	7
8	530	2	5
8	531	2	9
8	532	3	2
8	533	1	8
8	534	2	4
8	535	6	9
8	536	3	4
8	373	8	7
8	537	9	3
8	538	2	7
8	539	10	4
8	540	10	5
8	541	6	8
8	542	8	9
8	543	7	2
8	544	6	5
8	545	5	4
8	546	1	3
8	244	4	10
8	547	7	3
8	548	7	3
8	549	7	9
8	550	4	8
8	551	5	4
8	552	5	1
8	553	7	6
8	554	5	7
8	555	8	10
8	556	2	6
8	557	2	6
8	558	4	10
8	559	8	2
8	560	3	9
8	400	6	2
8	561	10	8
8	562	4	3
8	563	3	2
8	564	2	6
8	565	8	10
8	566	10	6
8	567	3	2
8	568	8	2
8	569	8	7
8	570	1	4
8	571	3	8
8	572	1	2
8	573	9	10
8	574	9	4
8	575	10	5
8	255	3	6
8	576	4	7
8	577	3	10
8	578	5	8
8	579	6	3
8	580	7	4
8	581	6	7
8	582	9	10
8	583	10	7
8	584	5	7
8	585	3	8
8	586	4	9
8	587	6	5
8	588	2	6
8	423	7	9
8	589	1	7
8	590	8	5
8	591	10	3
8	592	9	10
8	593	10	6
8	594	4	8
8	595	8	6
8	596	3	4
8	597	6	3
8	598	6	9
8	599	1	5
8	600	3	5
8	601	10	9
8	602	3	7
8	603	5	2
8	604	5	9
8	605	8	3
8	606	8	5
8	607	1	9
8	608	1	8
8	609	9	6
8	610	10	2
8	611	2	1
8	55	1	10
8	612	9	3
8	613	3	10
8	614	7	2
8	615	1	2
8	616	2	7
8	617	4	2
8	618	6	9
8	60	7	5
8	619	3	6
8	620	2	9
8	621	10	1
8	622	1	10
8	623	9	5
8	624	6	2
8	625	3	8
8	626	10	5
8	627	9	7
8	628	8	7
8	629	1	9
8	69	6	2
8	630	7	2
8	631	10	1
9	632	2	8
9	633	4	7
9	634	8	1
9	635	1	10
9	636	1	4
9	637	9	4
9	638	7	5
9	639	7	10
9	640	8	5
9	641	6	4
9	642	9	4
9	643	8	9
9	644	7	4
9	645	5	2
9	646	3	10
9	647	9	1
9	648	5	3
9	649	2	1
9	650	9	5
9	651	9	1
9	652	9	10
9	653	5	6
9	654	10	6
9	655	4	6
9	656	4	1
9	657	10	6
9	658	7	2
9	659	4	1
9	660	1	5
9	661	7	5
9	662	8	4
9	663	1	9
9	664	9	5
9	665	8	5
9	666	5	7
9	667	5	4
9	668	9	5
9	669	3	2
9	670	10	3
9	671	2	4
9	672	9	7
9	673	7	3
9	674	9	1
9	675	9	2
9	676	10	9
9	677	10	3
9	678	8	5
9	679	7	3
9	680	1	7
9	681	9	2
9	682	7	4
9	683	3	8
9	684	6	1
9	685	1	5
9	686	4	1
9	172	3	7
9	687	10	9
9	688	8	7
9	689	8	7
9	690	10	5
9	691	3	2
9	692	3	7
9	693	4	5
9	694	4	6
9	695	4	5
9	696	6	2
9	697	2	10
9	698	4	9
9	699	4	3
9	700	6	5
9	701	2	4
9	702	9	2
9	703	6	4
9	704	2	6
9	705	5	3
9	706	9	1
9	707	7	4
9	708	6	1
9	709	10	2
9	710	5	8
9	711	6	4
9	712	1	10
9	713	1	4
9	714	6	7
9	715	10	7
9	716	9	8
9	717	7	2
9	718	10	9
9	719	4	10
9	720	6	2
9	721	3	4
9	722	2	9
9	723	8	7
9	724	9	3
9	725	8	3
9	726	8	3
9	727	5	2
9	728	7	5
9	495	7	5
9	729	6	3
9	730	2	10
9	731	5	4
9	732	10	4
9	733	7	5
9	734	1	8
9	735	2	7
9	736	1	6
9	737	6	2
9	738	4	3
9	739	8	1
9	740	1	9
9	741	2	4
9	742	3	9
9	743	9	6
9	744	6	7
9	745	7	10
9	746	6	9
9	747	1	7
9	748	6	2
9	749	8	2
9	750	5	9
9	751	3	4
9	752	4	7
9	753	8	10
9	754	7	5
9	755	6	1
9	756	9	2
9	757	2	9
9	758	7	4
9	759	10	4
9	502	10	9
9	760	1	6
9	761	2	3
9	762	2	8
9	763	10	7
9	764	5	10
9	765	2	8
9	766	8	6
9	767	3	9
9	768	1	3
9	769	9	1
9	770	2	8
9	771	8	6
9	772	7	5
9	773	10	8
9	774	2	5
9	775	2	4
9	776	6	4
9	777	10	3
9	778	9	3
9	779	2	7
9	780	9	7
9	336	4	2
9	781	3	4
9	782	6	7
9	783	6	8
9	784	4	8
9	785	3	9
9	786	8	4
9	787	2	9
9	788	8	6
9	789	6	5
9	790	5	8
9	791	2	7
9	792	7	1
9	793	8	7
9	794	3	8
9	795	10	3
9	796	5	4
9	797	7	10
9	798	3	10
9	799	4	2
9	800	2	1
9	801	7	3
9	802	10	6
9	803	8	4
9	804	5	4
9	805	8	6
9	806	6	3
9	807	5	6
9	808	3	8
9	809	4	8
9	810	7	1
9	811	6	2
9	812	7	5
9	813	10	3
9	814	10	1
9	815	7	10
9	816	4	7
9	817	3	1
9	818	10	8
9	819	5	6
9	820	6	5
9	821	5	7
9	822	9	1
9	823	9	6
9	233	5	7
9	824	1	6
9	825	2	8
9	517	10	1
9	826	2	3
9	827	1	9
9	828	5	6
9	829	1	3
9	830	4	7
9	831	7	9
9	832	7	6
9	833	5	6
9	834	5	1
9	835	5	2
9	836	5	4
9	837	3	9
9	838	1	2
9	839	4	9
9	840	7	3
9	841	4	3
9	842	9	5
9	843	1	8
9	844	2	9
9	845	1	8
9	846	6	1
9	847	6	4
9	848	2	3
9	849	5	1
9	850	2	8
9	851	10	8
9	852	3	2
9	853	7	2
9	854	3	10
9	855	9	5
9	856	2	4
9	857	5	9
9	858	8	4
9	859	9	10
9	860	8	3
9	861	8	10
9	862	3	10
9	863	6	4
9	864	4	9
9	239	1	2
9	865	9	1
9	866	4	8
9	867	10	1
9	868	4	2
9	869	3	6
9	870	5	2
9	871	5	6
9	872	6	2
9	873	7	3
9	874	4	9
9	875	5	8
9	876	4	7
9	877	9	7
9	878	6	7
9	879	7	5
9	880	4	9
9	881	1	3
9	882	4	5
9	883	2	7
9	884	6	9
9	885	2	1
9	886	6	9
9	887	1	6
9	888	2	9
9	889	9	5
9	890	7	8
9	891	8	4
9	892	6	9
9	893	6	9
9	894	9	3
9	895	6	9
9	896	8	2
9	897	2	3
9	898	1	9
9	899	2	7
9	900	3	9
9	901	2	5
9	902	10	7
9	903	4	7
9	904	4	9
9	905	4	1
9	906	2	4
9	907	8	10
9	908	9	7
9	909	3	8
9	910	2	5
9	911	1	3
9	912	3	9
9	242	10	3
9	913	1	3
9	914	2	6
9	915	1	6
9	916	4	8
9	917	2	7
9	918	3	10
9	919	2	3
9	920	5	7
9	921	8	10
9	922	2	9
9	923	1	8
9	924	4	5
9	925	9	8
9	926	5	2
9	927	9	10
9	928	4	5
9	929	5	3
9	930	6	10
9	931	7	2
9	932	2	6
9	933	3	6
9	934	4	8
9	33	9	6
9	935	1	3
9	936	8	5
9	937	4	3
9	938	2	4
9	939	8	9
9	940	8	1
9	941	3	8
9	942	6	2
9	943	2	4
9	944	10	9
9	945	10	1
9	946	6	10
9	947	10	9
9	948	6	5
9	949	7	2
9	950	7	2
9	951	4	6
9	952	3	8
9	953	8	1
9	954	8	3
9	955	6	1
9	956	3	7
9	957	3	7
9	958	8	3
9	959	2	6
9	960	2	3
9	961	10	8
9	962	1	4
9	963	10	1
9	964	9	10
9	965	7	6
9	966	7	1
9	967	8	5
9	968	1	6
9	969	7	5
9	970	1	7
9	971	5	8
9	972	5	10
9	973	7	2
9	974	1	5
9	975	2	5
9	976	4	6
9	977	3	10
9	978	7	9
9	979	9	2
9	980	6	1
9	981	10	3
9	982	4	9
9	983	2	6
9	984	3	10
9	255	3	9
9	985	1	4
9	986	9	2
9	987	4	2
9	988	2	8
9	989	6	9
9	990	6	9
9	991	10	4
9	992	1	8
9	993	3	8
9	994	3	6
9	995	2	10
9	996	7	10
9	997	4	5
9	998	3	4
9	999	8	6
9	1000	10	8
6	630	-100	-100
9	210	-100	-100
9	568	-100	-100
9	171	-100	-100
9	624	-100	-100
9	417	-100	-100
9	454	-100	-100
9	591	-100	-100
9	353	-100	-100
9	389	-100	-100
9	476	-100	-100
9	561	-100	-100
9	536	-100	-100
9	249	-100	-100
9	187	-100	-100
9	162	-100	-100
9	30	-100	-100
9	427	-100	-100
9	588	-100	-100
9	505	-100	-100
9	203	-100	-100
9	478	-100	-100
9	311	-100	-100
9	450	-100	-100
9	383	-100	-100
9	290	-100	-100
9	49	-100	-100
9	292	-100	-100
9	64	-100	-100
9	164	-100	-100
9	70	-100	-100
9	545	-100	-100
9	429	-100	-100
9	474	-100	-100
9	525	-100	-100
9	629	-100	-100
9	328	-100	-100
9	346	-100	-100
9	406	-100	-100
9	556	-100	-100
9	189	-100	-100
9	503	-100	-100
9	621	-100	-100
9	301	-100	-100
9	95	-100	-100
9	529	-100	-100
9	338	-100	-100
9	321	-100	-100
9	107	-100	-100
9	118	-100	-100
9	256	-100	-100
9	184	-100	-100
9	434	-100	-100
9	196	-100	-100
9	208	-100	-100
9	563	-100	-100
9	129	-100	-100
9	432	-100	-100
9	281	-100	-100
9	365	-100	-100
9	75	-100	-100
9	386	-100	-100
9	105	-100	-100
9	55	-100	-100
9	205	-100	-100
9	84	-100	-100
9	206	-100	-100
9	366	-100	-100
9	352	-100	-100
9	559	-100	-100
9	557	-100	-100
9	115	-100	-100
9	466	-100	-100
9	182	-100	-100
9	471	-100	-100
9	111	-100	-100
9	475	-100	-100
9	596	-100	-100
9	555	-100	-100
9	310	-100	-100
9	324	-100	-100
9	71	-100	-100
9	175	-100	-100
9	10	-100	-100
9	177	-100	-100
9	90	-100	-100
9	265	-100	-100
9	449	-100	-100
9	612	-100	-100
9	38	-100	-100
9	295	-100	-100
9	551	-100	-100
9	603	-100	-100
9	282	-100	-100
9	472	-100	-100
9	329	-100	-100
9	268	-100	-100
9	622	-100	-100
9	574	-100	-100
9	491	-100	-100
9	176	-100	-100
9	367	-100	-100
9	278	-100	-100
9	264	-100	-100
9	22	-100	-100
9	168	-100	-100
9	458	-100	-100
9	351	-100	-100
9	2	-100	-100
9	565	-100	-100
9	86	-100	-100
9	398	-100	-100
9	215	-100	-100
9	123	-100	-100
9	229	-100	-100
9	44	-100	-100
9	522	-100	-100
9	270	-100	-100
9	302	-100	-100
9	575	-100	-100
9	17	-100	-100
9	314	-100	-100
9	155	-100	-100
9	409	-100	-100
9	128	-100	-100
9	24	-100	-100
9	360	-100	-100
9	147	-100	-100
9	390	-100	-100
9	589	-100	-100
9	587	-100	-100
9	151	-100	-100
9	185	-100	-100
9	131	-100	-100
9	62	-100	-100
9	470	-100	-100
9	421	-100	-100
9	592	-100	-100
9	626	-100	-100
9	298	-100	-100
9	548	-100	-100
9	52	-100	-100
9	424	-100	-100
9	526	-100	-100
9	320	-100	-100
9	582	-100	-100
9	318	-100	-100
9	173	-100	-100
9	358	-100	-100
9	222	-100	-100
9	35	-100	-100
9	567	-100	-100
9	19	-100	-100
9	58	-100	-100
9	241	-100	-100
9	628	-100	-100
9	414	-100	-100
9	57	-100	-100
9	280	-100	-100
9	408	-100	-100
9	521	-100	-100
9	554	-100	-100
9	244	-100	-100
9	576	-100	-100
9	595	-100	-100
9	316	-100	-100
9	68	-100	-100
9	66	-100	-100
9	431	-100	-100
9	245	-100	-100
9	452	-100	-100
9	552	-100	-100
9	519	-100	-100
9	423	-100	-100
9	144	-100	-100
9	518	-100	-100
9	285	-100	-100
9	192	-100	-100
9	279	-100	-100
9	597	-100	-100
9	154	-100	-100
9	335	-100	-100
9	195	-100	-100
9	428	-100	-100
9	484	-100	-100
9	377	-100	-100
9	349	-100	-100
9	77	-100	-100
9	315	-100	-100
9	207	-100	-100
9	161	-100	-100
9	585	-100	-100
9	240	-100	-100
9	180	-100	-100
9	405	-100	-100
9	401	-100	-100
9	91	-100	-100
9	355	-100	-100
9	467	-100	-100
9	288	-100	-100
9	379	-100	-100
9	248	-100	-100
9	237	-100	-100
9	45	-100	-100
9	535	-100	-100
6	580	-100	-100
6	790	-100	-100
6	195	-100	-100
6	792	-100	-100
6	892	-100	-100
6	974	-100	-100
6	163	-100	-100
6	501	-100	-100
6	919	-100	-100
6	766	-100	-100
6	121	-100	-100
6	619	-100	-100
6	869	-100	-100
6	854	-100	-100
6	638	-100	-100
6	248	-100	-100
6	220	-100	-100
6	52	-100	-100
6	264	-100	-100
6	478	-100	-100
6	549	-100	-100
6	46	-100	-100
6	750	-100	-100
6	677	-100	-100
6	596	-100	-100
6	120	-100	-100
6	168	-100	-100
6	830	-100	-100
6	666	-100	-100
6	114	-100	-100
6	528	-100	-100
6	284	-100	-100
6	676	-100	-100
6	774	-100	-100
6	103	-100	-100
6	763	-100	-100
6	45	-100	-100
6	571	-100	-100
6	558	-100	-100
6	893	-100	-100
6	122	-100	-100
6	589	-100	-100
6	180	-100	-100
6	587	-100	-100
6	39	-100	-100
6	583	-100	-100
6	575	-100	-100
6	11	-100	-100
6	281	-100	-100
6	148	-100	-100
6	185	-100	-100
6	159	-100	-100
6	476	-100	-100
6	247	-100	-100
6	86	-100	-100
6	28	-100	-100
6	50	-100	-100
6	200	-100	-100
6	807	-100	-100
6	886	-100	-100
6	999	-100	-100
6	521	-100	-100
6	70	-100	-100
6	939	-100	-100
6	268	-100	-100
6	153	-100	-100
6	951	-100	-100
6	825	-100	-100
6	520	-100	-100
6	112	-100	-100
6	703	-100	-100
6	698	-100	-100
6	471	-100	-100
6	196	-100	-100
6	823	-100	-100
6	203	-100	-100
6	231	-100	-100
6	769	-100	-100
6	578	-100	-100
6	848	-100	-100
6	793	-100	-100
6	89	-100	-100
6	218	-100	-100
6	693	-100	-100
6	88	-100	-100
6	783	-100	-100
6	256	-100	-100
6	507	-100	-100
6	85	-100	-100
6	751	-100	-100
6	452	-100	-100
6	141	-100	-100
6	31	-100	-100
6	680	-100	-100
6	824	-100	-100
6	573	-100	-100
6	675	-100	-100
6	955	-100	-100
6	885	-100	-100
6	735	-100	-100
6	969	-100	-100
6	905	-100	-100
6	978	-100	-100
6	659	-100	-100
6	897	-100	-100
6	652	-100	-100
6	548	-100	-100
6	856	-100	-100
6	640	-100	-100
6	599	-100	-100
6	280	-100	-100
6	69	-100	-100
6	526	-100	-100
6	144	-100	-100
6	104	-100	-100
6	901	-100	-100
6	173	-100	-100
6	465	-100	-100
6	207	-100	-100
6	266	-100	-100
6	176	-100	-100
6	609	-100	-100
6	867	-100	-100
6	728	-100	-100
6	145	-100	-100
6	588	-100	-100
6	618	-100	-100
6	799	-100	-100
6	55	-100	-100
6	843	-100	-100
6	87	-100	-100
6	684	-100	-100
6	933	-100	-100
6	216	-100	-100
6	597	-100	-100
6	241	-100	-100
6	711	-100	-100
6	960	-100	-100
6	767	-100	-100
6	453	-100	-100
6	979	-100	-100
6	567	-100	-100
6	729	-100	-100
6	972	-100	-100
6	721	-100	-100
6	601	-100	-100
6	771	-100	-100
6	124	-100	-100
6	454	-100	-100
6	741	-100	-100
6	710	-100	-100
6	460	-100	-100
6	782	-100	-100
6	670	-100	-100
6	261	-100	-100
6	455	-100	-100
6	889	-100	-100
6	554	-100	-100
6	921	-100	-100
6	255	-100	-100
6	116	-100	-100
6	470	-100	-100
6	56	-100	-100
6	154	-100	-100
6	722	-100	-100
6	152	-100	-100
6	229	-100	-100
6	456	-100	-100
6	500	-100	-100
6	275	-100	-100
6	219	-100	-100
6	655	-100	-100
6	262	-100	-100
6	105	-100	-100
6	683	-100	-100
6	590	-100	-100
6	151	-100	-100
6	600	-100	-100
6	646	-100	-100
6	199	-100	-100
6	125	-100	-100
6	821	-100	-100
6	206	-100	-100
6	474	-100	-100
6	791	-100	-100
6	959	-100	-100
6	650	-100	-100
6	944	-100	-100
6	834	-100	-100
6	74	-100	-100
6	505	-100	-100
6	5	-100	-100
6	952	-100	-100
6	814	-100	-100
6	51	-100	-100
6	249	-100	-100
6	753	-100	-100
6	126	-100	-100
6	581	-100	-100
6	197	-100	-100
6	224	-100	-100
6	539	-100	-100
6	29	-100	-100
6	649	-100	-100
6	996	-100	-100
6	157	-100	-100
6	717	-100	-100
6	654	-100	-100
6	522	-100	-100
6	718	-100	-100
6	788	-100	-100
6	752	-100	-100
6	946	-100	-100
6	986	-100	-100
6	91	-100	-100
6	642	-100	-100
6	41	-100	-100
6	667	-100	-100
6	20	-100	-100
6	504	-100	-100
6	836	-100	-100
6	930	-100	-100
6	948	-100	-100
6	627	-100	-100
6	701	-100	-100
6	286	-100	-100
6	546	-100	-100
6	784	-100	-100
6	269	-100	-100
6	976	-100	-100
6	738	-100	-100
6	697	-100	-100
6	622	-100	-100
6	533	-100	-100
6	66	-100	-100
6	758	-100	-100
6	755	-100	-100
6	747	-100	-100
6	283	-100	-100
6	135	-100	-100
6	75	-100	-100
6	812	-100	-100
6	191	-100	-100
6	695	-100	-100
6	511	-100	-100
6	170	-100	-100
6	285	-100	-100
6	809	-100	-100
6	101	-100	-100
6	211	-100	-100
6	961	-100	-100
6	797	-100	-100
6	943	-100	-100
6	926	-100	-100
6	61	-100	-100
6	230	-100	-100
6	57	-100	-100
6	796	-100	-100
6	611	-100	-100
6	612	-100	-100
6	859	-100	-100
6	265	-100	-100
6	873	-100	-100
6	838	-100	-100
6	23	-100	-100
6	615	-100	-100
6	872	-100	-100
6	934	-100	-100
6	871	-100	-100
6	707	-100	-100
6	160	-100	-100
6	60	-100	-100
6	768	-100	-100
6	7	-100	-100
6	935	-100	-100
6	72	-100	-100
6	803	-100	-100
6	459	-100	-100
6	591	-100	-100
6	553	-100	-100
6	998	-100	-100
6	63	-100	-100
6	850	-100	-100
6	866	-100	-100
6	739	-100	-100
6	271	-100	-100
6	142	-100	-100
6	477	-100	-100
6	989	-100	-100
6	189	-100	-100
6	781	-100	-100
6	970	-100	-100
6	585	-100	-100
6	835	-100	-100
6	237	-100	-100
6	808	-100	-100
6	222	-100	-100
6	874	-100	-100
6	32	-100	-100
6	665	-100	-100
6	691	-100	-100
6	563	-100	-100
6	712	-100	-100
6	980	-100	-100
6	547	-100	-100
6	497	-100	-100
6	929	-100	-100
6	731	-100	-100
6	983	-100	-100
6	761	-100	-100
6	149	-100	-100
6	166	-100	-100
6	167	-100	-100
6	916	-100	-100
6	245	-100	-100
6	94	-100	-100
6	990	-100	-100
6	482	-100	-100
6	129	-100	-100
6	908	-100	-100
6	602	-100	-100
6	882	-100	-100
6	1000	-100	-100
6	38	-100	-100
6	586	-100	-100
6	132	-100	-100
6	973	-100	-100
6	705	-100	-100
6	213	-100	-100
6	201	-100	-100
6	463	-100	-100
6	709	-100	-100
6	657	-100	-100
6	214	-100	-100
6	757	-100	-100
6	903	-100	-100
6	503	-100	-100
6	918	-100	-100
6	186	-100	-100
6	648	-100	-100
6	617	-100	-100
6	164	-100	-100
6	566	-100	-100
6	100	-100	-100
6	15	-100	-100
6	92	-100	-100
6	107	-100	-100
6	90	-100	-100
6	702	-100	-100
6	621	-100	-100
6	502	-100	-100
6	48	-100	-100
6	637	-100	-100
6	887	-100	-100
6	645	-100	-100
6	888	-100	-100
6	884	-100	-100
6	24	-100	-100
6	137	-100	-100
6	716	-100	-100
6	719	-100	-100
6	568	-100	-100
6	527	-100	-100
6	682	-100	-100
6	569	-100	-100
6	861	-100	-100
6	831	-100	-100
6	2	-100	-100
6	708	-100	-100
6	762	-100	-100
6	635	-100	-100
6	496	-100	-100
6	878	-100	-100
6	491	-100	-100
6	651	-100	-100
6	540	-100	-100
6	909	-100	-100
6	538	-100	-100
6	36	-100	-100
6	616	-100	-100
6	945	-100	-100
6	828	-100	-100
6	971	-100	-100
6	896	-100	-100
6	938	-100	-100
6	462	-100	-100
6	647	-100	-100
6	988	-100	-100
6	744	-100	-100
6	562	-100	-100
6	82	-100	-100
6	253	-100	-100
6	276	-100	-100
6	993	-100	-100
6	544	-100	-100
6	881	-100	-100
6	730	-100	-100
6	71	-100	-100
6	458	-100	-100
6	906	-100	-100
6	208	-100	-100
6	798	-100	-100
6	732	-100	-100
6	966	-100	-100
6	860	-100	-100
6	690	-100	-100
6	780	-100	-100
6	190	-100	-100
8	942	-100	-100
8	751	-100	-100
8	979	-100	-100
8	863	-100	-100
8	829	-100	-100
8	681	-100	-100
8	339	-100	-100
8	439	-100	-100
8	774	-100	-100
8	799	-100	-100
8	928	-100	-100
8	918	-100	-100
8	703	-100	-100
8	889	-100	-100
8	843	-100	-100
8	445	-100	-100
8	729	-100	-100
8	379	-100	-100
8	45	-100	-100
8	661	-100	-100
8	220	-100	-100
8	944	-100	-100
8	962	-100	-100
8	826	-100	-100
8	114	-100	-100
8	764	-100	-100
8	841	-100	-100
8	734	-100	-100
8	458	-100	-100
8	744	-100	-100
8	391	-100	-100
8	79	-100	-100
8	362	-100	-100
8	180	-100	-100
8	680	-100	-100
8	32	-100	-100
8	961	-100	-100
8	96	-100	-100
8	278	-100	-100
8	85	-100	-100
8	901	-100	-100
8	685	-100	-100
8	958	-100	-100
8	251	-100	-100
8	375	-100	-100
8	632	-100	-100
8	718	-100	-100
8	984	-100	-100
8	141	-100	-100
8	457	-100	-100
8	82	-100	-100
8	809	-100	-100
8	421	-100	-100
8	923	-100	-100
8	701	-100	-100
8	149	-100	-100
8	861	-100	-100
8	899	-100	-100
8	660	-100	-100
8	832	-100	-100
8	331	-100	-100
8	368	-100	-100
8	917	-100	-100
8	25	-100	-100
8	652	-100	-100
8	254	-100	-100
8	64	-100	-100
8	126	-100	-100
8	710	-100	-100
8	998	-100	-100
8	642	-100	-100
8	303	-100	-100
8	191	-100	-100
8	654	-100	-100
8	438	-100	-100
8	188	-100	-100
8	412	-100	-100
8	155	-100	-100
8	662	-100	-100
8	290	-100	-100
8	58	-100	-100
8	646	-100	-100
8	921	-100	-100
8	871	-100	-100
8	136	-100	-100
8	101	-100	-100
8	795	-100	-100
8	120	-100	-100
8	115	-100	-100
8	273	-100	-100
8	325	-100	-100
8	434	-100	-100
8	875	-100	-100
8	295	-100	-100
8	429	-100	-100
8	868	-100	-100
8	208	-100	-100
8	735	-100	-100
8	874	-100	-100
8	643	-100	-100
8	324	-100	-100
8	682	-100	-100
8	468	-100	-100
8	176	-100	-100
8	113	-100	-100
8	118	-100	-100
8	139	-100	-100
8	936	-100	-100
8	847	-100	-100
8	792	-100	-100
8	696	-100	-100
8	437	-100	-100
8	726	-100	-100
8	924	-100	-100
8	635	-100	-100
8	173	-100	-100
8	224	-100	-100
8	830	-100	-100
8	864	-100	-100
8	849	-100	-100
8	378	-100	-100
8	374	-100	-100
8	876	-100	-100
8	353	-100	-100
8	877	-100	-100
8	878	-100	-100
8	779	-100	-100
8	862	-100	-100
8	157	-100	-100
8	450	-100	-100
8	68	-100	-100
8	78	-100	-100
8	361	-100	-100
8	264	-100	-100
8	62	-100	-100
8	241	-100	-100
8	294	-100	-100
8	293	-100	-100
8	742	-100	-100
8	59	-100	-100
8	154	-100	-100
8	426	-100	-100
8	856	-100	-100
8	678	-100	-100
8	351	-100	-100
8	424	-100	-100
8	753	-100	-100
8	839	-100	-100
8	291	-100	-100
8	409	-100	-100
8	786	-100	-100
8	797	-100	-100
8	773	-100	-100
8	18	-100	-100
8	222	-100	-100
8	743	-100	-100
8	711	-100	-100
8	313	-100	-100
8	702	-100	-100
8	57	-100	-100
8	86	-100	-100
8	745	-100	-100
8	720	-100	-100
8	772	-100	-100
8	822	-100	-100
8	320	-100	-100
8	2	-100	-100
8	666	-100	-100
8	992	-100	-100
8	858	-100	-100
8	997	-100	-100
8	665	-100	-100
8	74	-100	-100
8	169	-100	-100
8	845	-100	-100
8	216	-100	-100
8	663	-100	-100
8	304	-100	-100
8	146	-100	-100
8	649	-100	-100
8	326	-100	-100
8	651	-100	-100
8	11	-100	-100
8	815	-100	-100
8	640	-100	-100
8	99	-100	-100
8	51	-100	-100
8	105	-100	-100
8	214	-100	-100
8	939	-100	-100
8	344	-100	-100
8	158	-100	-100
8	167	-100	-100
8	367	-100	-100
8	88	-100	-100
8	860	-100	-100
8	28	-100	-100
8	909	-100	-100
8	228	-100	-100
8	420	-100	-100
8	3	-100	-100
8	22	-100	-100
8	940	-100	-100
8	355	-100	-100
8	252	-100	-100
8	904	-100	-100
8	124	-100	-100
8	232	-100	-100
8	641	-100	-100
8	84	-100	-100
8	756	-100	-100
8	453	-100	-100
8	444	-100	-100
8	306	-100	-100
8	688	-100	-100
8	670	-100	-100
8	227	-100	-100
8	844	-100	-100
8	314	-100	-100
8	837	-100	-100
8	823	-100	-100
8	435	-100	-100
8	462	-100	-100
8	422	-100	-100
8	775	-100	-100
8	783	-100	-100
8	960	-100	-100
8	894	-100	-100
8	811	-100	-100
8	669	-100	-100
8	161	-100	-100
8	798	-100	-100
8	263	-100	-100
8	881	-100	-100
8	757	-100	-100
8	119	-100	-100
8	733	-100	-100
8	931	-100	-100
8	200	-100	-100
8	749	-100	-100
8	385	-100	-100
8	782	-100	-100
8	459	-100	-100
8	135	-100	-100
8	972	-100	-100
8	33	-100	-100
8	215	-100	-100
8	855	-100	-100
8	417	-100	-100
8	950	-100	-100
8	281	-100	-100
8	311	-100	-100
8	432	-100	-100
8	282	-100	-100
8	919	-100	-100
8	175	-100	-100
8	405	-100	-100
8	813	-100	-100
8	67	-100	-100
8	73	-100	-100
8	333	-100	-100
8	991	-100	-100
8	20	-100	-100
8	963	-100	-100
8	30	-100	-100
8	686	-100	-100
8	859	-100	-100
8	396	-100	-100
8	872	-100	-100
8	846	-100	-100
8	996	-100	-100
8	885	-100	-100
8	27	-100	-100
8	202	-100	-100
8	196	-100	-100
8	38	-100	-100
8	218	-100	-100
8	340	-100	-100
8	789	-100	-100
8	238	-100	-100
8	887	-100	-100
8	323	-100	-100
8	107	-100	-100
8	427	-100	-100
8	242	-100	-100
8	639	-100	-100
8	957	-100	-100
8	284	-100	-100
8	56	-100	-100
8	806	-100	-100
8	164	-100	-100
8	900	-100	-100
8	905	-100	-100
8	952	-100	-100
8	387	-100	-100
8	14	-100	-100
8	659	-100	-100
8	715	-100	-100
8	896	-100	-100
8	298	-100	-100
8	53	-100	-100
8	237	-100	-100
8	716	-100	-100
8	389	-100	-100
8	151	-100	-100
8	908	-100	-100
8	111	-100	-100
8	970	-100	-100
8	451	-100	-100
8	838	-100	-100
8	812	-100	-100
8	467	-100	-100
8	205	-100	-100
8	402	-100	-100
8	761	-100	-100
8	794	-100	-100
8	234	-100	-100
8	791	-100	-100
8	440	-100	-100
8	41	-100	-100
8	315	-100	-100
8	814	-100	-100
8	359	-100	-100
8	12	-100	-100
8	342	-100	-100
8	129	-100	-100
8	134	-100	-100
8	709	-100	-100
8	982	-100	-100
8	714	-100	-100
8	431	-100	-100
8	116	-100	-100
8	239	-100	-100
8	4	-100	-100
8	77	-100	-100
8	927	-100	-100
8	968	-100	-100
8	704	-100	-100
8	851	-100	-100
8	381	-100	-100
8	679	-100	-100
8	269	-100	-100
8	140	-100	-100
8	920	-100	-100
8	633	-100	-100
8	695	-100	-100
8	833	-100	-100
8	163	-100	-100
8	147	-100	-100
8	198	-100	-100
8	784	-100	-100
8	705	-100	-100
8	976	-100	-100
8	657	-100	-100
8	52	-100	-100
8	406	-100	-100
8	358	-100	-100
8	765	-100	-100
8	722	-100	-100
8	465	-100	-100
8	796	-100	-100
8	231	-100	-100
8	964	-100	-100
8	371	-100	-100
8	5	-100	-100
8	785	-100	-100
8	181	-100	-100
8	249	-100	-100
8	199	-100	-100
8	92	-100	-100
8	80	-100	-100
8	102	-100	-100
8	346	-100	-100
8	463	-100	-100
8	857	-100	-100
8	17	-100	-100
8	354	-100	-100
8	867	-100	-100
8	37	-100	-100
8	184	-100	-100
8	886	-100	-100
8	737	-100	-100
8	182	-100	-100
8	365	-100	-100
8	245	-100	-100
8	752	-100	-100
8	287	-100	-100
8	966	-100	-100
8	106	-100	-100
8	953	-100	-100
8	852	-100	-100
8	259	-100	-100
8	930	-100	-100
8	674	-100	-100
8	948	-100	-100
8	384	-100	-100
8	780	-100	-100
8	730	-100	-100
8	801	-100	-100
8	766	-100	-100
8	945	-100	-100
8	380	-100	-100
8	274	-100	-100
8	327	-100	-100
8	310	-100	-100
8	664	-100	-100
8	248	-100	-100
8	19	-100	-100
8	470	-100	-100
8	777	-100	-100
8	23	-100	-100
3	572	-100	-100
3	246	-100	-100
3	343	-100	-100
3	767	-100	-100
3	659	-100	-100
3	334	-100	-100
3	596	-100	-100
3	852	-100	-100
3	408	-100	-100
3	282	-100	-100
3	901	-100	-100
3	942	-100	-100
3	62	-100	-100
3	592	-100	-100
3	519	-100	-100
3	894	-100	-100
3	688	-100	-100
3	585	-100	-100
3	174	-100	-100
3	956	-100	-100
3	731	-100	-100
3	457	-100	-100
3	969	-100	-100
3	906	-100	-100
3	655	-100	-100
3	746	-100	-100
3	431	-100	-100
3	193	-100	-100
3	967	-100	-100
3	382	-100	-100
3	53	-100	-100
3	278	-100	-100
3	249	-100	-100
3	494	-100	-100
3	387	-100	-100
3	643	-100	-100
3	389	-100	-100
3	589	-100	-100
3	543	-100	-100
3	314	-100	-100
3	822	-100	-100
3	696	-100	-100
3	563	-100	-100
3	827	-100	-100
3	818	-100	-100
3	232	-100	-100
3	258	-100	-100
3	652	-100	-100
3	214	-100	-100
3	290	-100	-100
3	533	-100	-100
3	486	-100	-100
3	737	-100	-100
3	367	-100	-100
3	353	-100	-100
3	36	-100	-100
3	381	-100	-100
3	513	-100	-100
3	873	-100	-100
3	717	-100	-100
3	626	-100	-100
3	650	-100	-100
3	687	-100	-100
3	646	-100	-100
3	728	-100	-100
3	350	-100	-100
3	58	-100	-100
3	303	-100	-100
3	842	-100	-100
3	872	-100	-100
3	627	-100	-100
3	663	-100	-100
3	932	-100	-100
3	380	-100	-100
3	227	-100	-100
3	797	-100	-100
3	941	-100	-100
3	265	-100	-100
3	48	-100	-100
3	463	-100	-100
3	686	-100	-100
3	517	-100	-100
3	853	-100	-100
3	536	-100	-100
3	349	-100	-100
3	579	-100	-100
3	64	-100	-100
3	287	-100	-100
3	273	-100	-100
3	905	-100	-100
3	315	-100	-100
3	998	-100	-100
3	644	-100	-100
3	468	-100	-100
3	2	-100	-100
3	313	-100	-100
3	828	-100	-100
3	275	-100	-100
3	310	-100	-100
3	766	-100	-100
3	312	-100	-100
3	70	-100	-100
3	411	-100	-100
3	698	-100	-100
3	391	-100	-100
3	522	-100	-100
3	317	-100	-100
3	959	-100	-100
3	974	-100	-100
3	821	-100	-100
3	958	-100	-100
3	857	-100	-100
3	571	-100	-100
3	422	-100	-100
3	233	-100	-100
3	931	-100	-100
3	43	-100	-100
3	854	-100	-100
3	719	-100	-100
3	357	-100	-100
3	464	-100	-100
3	295	-100	-100
3	957	-100	-100
3	266	-100	-100
3	60	-100	-100
3	438	-100	-100
3	916	-100	-100
3	651	-100	-100
3	713	-100	-100
3	591	-100	-100
3	405	-100	-100
3	22	-100	-100
3	257	-100	-100
3	944	-100	-100
3	47	-100	-100
3	512	-100	-100
3	176	-100	-100
3	542	-100	-100
3	760	-100	-100
3	79	-100	-100
3	612	-100	-100
3	703	-100	-100
3	823	-100	-100
3	677	-100	-100
3	69	-100	-100
3	74	-100	-100
3	371	-100	-100
3	672	-100	-100
3	535	-100	-100
3	192	-100	-100
3	510	-100	-100
3	329	-100	-100
3	283	-100	-100
3	412	-100	-100
3	832	-100	-100
3	858	-100	-100
3	649	-100	-100
3	473	-100	-100
3	668	-100	-100
3	978	-100	-100
3	256	-100	-100
3	4	-100	-100
3	492	-100	-100
3	586	-100	-100
3	347	-100	-100
3	348	-100	-100
3	555	-100	-100
3	884	-100	-100
3	479	-100	-100
3	462	-100	-100
3	419	-100	-100
3	961	-100	-100
3	229	-100	-100
3	785	-100	-100
3	834	-100	-100
3	49	-100	-100
3	499	-100	-100
3	44	-100	-100
3	720	-100	-100
3	629	-100	-100
3	867	-100	-100
3	304	-100	-100
3	413	-100	-100
3	979	-100	-100
3	780	-100	-100
3	213	-100	-100
3	910	-100	-100
3	409	-100	-100
3	279	-100	-100
3	962	-100	-100
3	825	-100	-100
3	895	-100	-100
3	77	-100	-100
3	356	-100	-100
3	432	-100	-100
3	172	-100	-100
3	297	-100	-100
3	523	-100	-100
3	234	-100	-100
3	323	-100	-100
3	781	-100	-100
3	14	-100	-100
3	28	-100	-100
3	934	-100	-100
3	641	-100	-100
3	570	-100	-100
3	301	-100	-100
3	930	-100	-100
3	848	-100	-100
3	241	-100	-100
3	861	-100	-100
3	889	-100	-100
3	933	-100	-100
3	776	-100	-100
3	388	-100	-100
3	599	-100	-100
3	690	-100	-100
3	950	-100	-100
3	223	-100	-100
3	254	-100	-100
3	481	-100	-100
3	19	-100	-100
3	505	-100	-100
3	877	-100	-100
3	18	-100	-100
3	34	-100	-100
3	444	-100	-100
3	531	-100	-100
3	859	-100	-100
3	682	-100	-100
3	970	-100	-100
3	701	-100	-100
3	938	-100	-100
3	68	-100	-100
3	804	-100	-100
3	252	-100	-100
3	420	-100	-100
3	540	-100	-100
3	394	-100	-100
3	710	-100	-100
3	949	-100	-100
3	250	-100	-100
3	331	-100	-100
3	515	-100	-100
3	359	-100	-100
3	527	-100	-100
3	173	-100	-100
3	230	-100	-100
3	614	-100	-100
3	714	-100	-100
3	7	-100	-100
3	860	-100	-100
3	427	-100	-100
3	640	-100	-100
3	502	-100	-100
3	840	-100	-100
3	706	-100	-100
3	197	-100	-100
3	345	-100	-100
3	632	-100	-100
3	855	-100	-100
3	685	-100	-100
3	856	-100	-100
3	567	-100	-100
3	474	-100	-100
3	568	-100	-100
3	881	-100	-100
3	532	-100	-100
3	972	-100	-100
3	325	-100	-100
3	993	-100	-100
3	330	-100	-100
3	260	-100	-100
3	25	-100	-100
3	29	-100	-100
3	235	-100	-100
3	221	-100	-100
3	269	-100	-100
3	673	-100	-100
3	921	-100	-100
3	813	-100	-100
3	170	-100	-100
3	683	-100	-100
3	5	-100	-100
3	65	-100	-100
3	749	-100	-100
3	552	-100	-100
3	704	-100	-100
3	374	-100	-100
3	180	-100	-100
3	897	-100	-100
3	489	-100	-100
3	307	-100	-100
3	608	-100	-100
3	248	-100	-100
3	820	-100	-100
3	45	-100	-100
3	434	-100	-100
3	946	-100	-100
3	384	-100	-100
3	741	-100	-100
3	377	-100	-100
3	927	-100	-100
3	291	-100	-100
3	306	-100	-100
3	284	-100	-100
3	16	-100	-100
3	498	-100	-100
3	211	-100	-100
3	340	-100	-100
3	926	-100	-100
3	73	-100	-100
3	204	-100	-100
3	576	-100	-100
3	224	-100	-100
3	477	-100	-100
3	796	-100	-100
3	27	-100	-100
3	981	-100	-100
3	460	-100	-100
3	547	-100	-100
3	989	-100	-100
3	954	-100	-100
3	259	-100	-100
3	968	-100	-100
3	792	-100	-100
3	398	-100	-100
3	186	-100	-100
3	528	-100	-100
3	980	-100	-100
3	368	-100	-100
3	660	-100	-100
3	534	-100	-100
3	705	-100	-100
3	610	-100	-100
3	836	-100	-100
3	815	-100	-100
3	446	-100	-100
3	620	-100	-100
3	747	-100	-100
3	407	-100	-100
3	546	-100	-100
3	658	-100	-100
3	33	-100	-100
3	20	-100	-100
3	999	-100	-100
3	443	-100	-100
3	521	-100	-100
3	442	-100	-100
3	38	-100	-100
3	556	-100	-100
3	564	-100	-100
3	635	-100	-100
3	435	-100	-100
3	296	-100	-100
3	320	-100	-100
3	11	-100	-100
3	830	-100	-100
3	417	-100	-100
3	57	-100	-100
3	712	-100	-100
3	200	-100	-100
3	937	-100	-100
3	386	-100	-100
3	994	-100	-100
3	338	-100	-100
3	188	-100	-100
3	187	-100	-100
3	699	-100	-100
3	453	-100	-100
3	298	-100	-100
3	869	-100	-100
3	450	-100	-100
3	911	-100	-100
3	952	-100	-100
3	190	-100	-100
3	277	-100	-100
3	913	-100	-100
3	773	-100	-100
3	891	-100	-100
3	917	-100	-100
3	573	-100	-100
3	268	-100	-100
3	806	-100	-100
3	851	-100	-100
3	75	-100	-100
3	583	-100	-100
3	194	-100	-100
3	878	-100	-100
3	52	-100	-100
3	424	-100	-100
3	40	-100	-100
3	759	-100	-100
3	802	-100	-100
3	838	-100	-100
3	455	-100	-100
3	756	-100	-100
3	569	-100	-100
3	231	-100	-100
3	919	-100	-100
3	997	-100	-100
3	485	-100	-100
3	789	-100	-100
3	992	-100	-100
3	288	-100	-100
3	378	-100	-100
3	245	-100	-100
3	977	-100	-100
3	376	-100	-100
3	794	-100	-100
3	267	-100	-100
3	733	-100	-100
3	692	-100	-100
3	888	-100	-100
3	887	-100	-100
3	831	-100	-100
3	850	-100	-100
3	326	-100	-100
3	203	-100	-100
3	294	-100	-100
3	480	-100	-100
3	559	-100	-100
3	983	-100	-100
3	293	-100	-100
3	467	-100	-100
3	661	-100	-100
3	561	-100	-100
3	183	-100	-100
3	758	-100	-100
3	247	-100	-100
3	456	-100	-100
3	684	-100	-100
3	896	-100	-100
3	645	-100	-100
3	837	-100	-100
3	238	-100	-100
3	936	-100	-100
3	24	-100	-100
3	383	-100	-100
3	795	-100	-100
3	602	-100	-100
3	478	-100	-100
3	10	-100	-100
3	322	-100	-100
3	601	-100	-100
3	675	-100	-100
3	642	-100	-100
3	600	-100	-100
3	370	-100	-100
3	656	-100	-100
3	274	-100	-100
3	865	-100	-100
3	423	-100	-100
3	487	-100	-100
3	545	-100	-100
3	708	-100	-100
3	898	-100	-100
3	56	-100	-100
3	511	-100	-100
3	32	-100	-100
3	622	-100	-100
3	439	-100	-100
3	202	-100	-100
3	50	-100	-100
3	78	-100	-100
3	816	-100	-100
3	817	-100	-100
3	893	-100	-100
3	497	-100	-100
3	617	-100	-100
3	768	-100	-100
3	217	-100	-100
3	358	-100	-100
3	270	-100	-100
3	799	-100	-100
3	201	-100	-100
3	336	-100	-100
3	39	-100	-100
3	365	-100	-100
3	209	-100	-100
3	395	-100	-100
3	71	-100	-100
3	537	-100	-100
3	390	-100	-100
3	907	-100	-100
3	440	-100	-100
3	205	-100	-100
3	630	-100	-100
3	544	-100	-100
3	361	-100	-100
3	375	-100	-100
3	496	-100	-100
5	645	-100	-100
5	333	-100	-100
5	785	-100	-100
5	764	-100	-100
5	107	-100	-100
5	441	-100	-100
5	586	-100	-100
5	787	-100	-100
5	404	-100	-100
5	664	-100	-100
5	732	-100	-100
5	565	-100	-100
5	363	-100	-100
5	947	-100	-100
5	111	-100	-100
5	43	-100	-100
5	454	-100	-100
5	495	-100	-100
5	319	-100	-100
5	416	-100	-100
5	37	-100	-100
5	409	-100	-100
5	762	-100	-100
5	810	-100	-100
5	655	-100	-100
5	599	-100	-100
5	26	-100	-100
5	430	-100	-100
5	564	-100	-100
5	877	-100	-100
5	445	-100	-100
5	844	-100	-100
5	429	-100	-100
5	476	-100	-100
5	426	-100	-100
5	395	-100	-100
5	717	-100	-100
5	859	-100	-100
5	798	-100	-100
5	849	-100	-100
5	828	-100	-100
5	901	-100	-100
5	350	-100	-100
5	585	-100	-100
5	311	-100	-100
5	607	-100	-100
5	182	-100	-100
5	707	-100	-100
5	337	-100	-100
5	357	-100	-100
5	914	-100	-100
5	927	-100	-100
5	602	-100	-100
5	149	-100	-100
5	450	-100	-100
5	28	-100	-100
5	137	-100	-100
5	700	-100	-100
5	760	-100	-100
5	767	-100	-100
5	66	-100	-100
5	23	-100	-100
5	482	-100	-100
5	362	-100	-100
5	919	-100	-100
5	866	-100	-100
5	801	-100	-100
5	965	-100	-100
5	422	-100	-100
5	194	-100	-100
5	161	-100	-100
5	129	-100	-100
5	526	-100	-100
5	816	-100	-100
5	48	-100	-100
5	777	-100	-100
5	55	-100	-100
5	407	-100	-100
5	814	-100	-100
5	551	-100	-100
5	606	-100	-100
5	890	-100	-100
5	784	-100	-100
5	510	-100	-100
5	504	-100	-100
5	953	-100	-100
5	431	-100	-100
5	497	-100	-100
5	316	-100	-100
5	724	-100	-100
5	435	-100	-100
5	847	-100	-100
5	656	-100	-100
5	903	-100	-100
5	845	-100	-100
5	763	-100	-100
5	530	-100	-100
5	413	-100	-100
5	695	-100	-100
5	408	-100	-100
5	729	-100	-100
5	806	-100	-100
5	831	-100	-100
5	42	-100	-100
5	46	-100	-100
5	900	-100	-100
5	720	-100	-100
5	543	-100	-100
5	13	-100	-100
5	711	-100	-100
5	769	-100	-100
5	557	-100	-100
5	383	-100	-100
5	659	-100	-100
5	974	-100	-100
5	488	-100	-100
5	113	-100	-100
5	483	-100	-100
5	166	-100	-100
5	958	-100	-100
5	800	-100	-100
5	774	-100	-100
5	824	-100	-100
5	292	-100	-100
5	369	-100	-100
5	611	-100	-100
5	346	-100	-100
5	630	-100	-100
5	653	-100	-100
5	821	-100	-100
5	850	-100	-100
5	20	-100	-100
5	381	-100	-100
5	479	-100	-100
5	136	-100	-100
5	325	-100	-100
5	628	-100	-100
5	992	-100	-100
5	912	-100	-100
5	119	-100	-100
5	491	-100	-100
5	451	-100	-100
5	201	-100	-100
5	601	-100	-100
5	580	-100	-100
5	361	-100	-100
5	610	-100	-100
5	343	-100	-100
5	63	-100	-100
5	908	-100	-100
5	722	-100	-100
5	100	-100	-100
5	788	-100	-100
5	591	-100	-100
5	192	-100	-100
5	549	-100	-100
5	97	-100	-100
5	133	-100	-100
5	372	-100	-100
5	703	-100	-100
5	809	-100	-100
5	135	-100	-100
5	541	-100	-100
5	680	-100	-100
5	797	-100	-100
5	83	-100	-100
5	842	-100	-100
5	315	-100	-100
5	648	-100	-100
5	39	-100	-100
5	858	-100	-100
5	155	-100	-100
5	578	-100	-100
5	130	-100	-100
5	342	-100	-100
5	295	-100	-100
5	359	-100	-100
5	658	-100	-100
5	411	-100	-100
5	338	-100	-100
5	370	-100	-100
5	142	-100	-100
5	513	-100	-100
5	537	-100	-100
5	103	-100	-100
5	776	-100	-100
5	561	-100	-100
5	895	-100	-100
5	371	-100	-100
5	524	-100	-100
5	76	-100	-100
5	86	-100	-100
5	412	-100	-100
5	544	-100	-100
5	299	-100	-100
5	7	-100	-100
5	626	-100	-100
5	742	-100	-100
5	775	-100	-100
5	957	-100	-100
5	85	-100	-100
5	770	-100	-100
5	994	-100	-100
5	736	-100	-100
5	712	-100	-100
5	829	-100	-100
5	44	-100	-100
5	993	-100	-100
5	353	-100	-100
5	144	-100	-100
5	90	-100	-100
5	754	-100	-100
5	627	-100	-100
5	916	-100	-100
5	27	-100	-100
5	855	-100	-100
5	306	-100	-100
5	795	-100	-100
5	929	-100	-100
5	830	-100	-100
5	153	-100	-100
5	761	-100	-100
5	301	-100	-100
5	975	-100	-100
5	156	-100	-100
5	782	-100	-100
5	304	-100	-100
5	731	-100	-100
5	512	-100	-100
5	477	-100	-100
5	511	-100	-100
5	399	-100	-100
5	861	-100	-100
5	841	-100	-100
5	410	-100	-100
5	131	-100	-100
5	535	-100	-100
5	654	-100	-100
5	629	-100	-100
5	569	-100	-100
5	667	-100	-100
5	438	-100	-100
5	571	-100	-100
5	379	-100	-100
5	737	-100	-100
5	765	-100	-100
5	105	-100	-100
5	364	-100	-100
5	503	-100	-100
5	446	-100	-100
5	376	-100	-100
5	118	-100	-100
5	398	-100	-100
5	518	-100	-100
5	196	-100	-100
5	432	-100	-100
5	478	-100	-100
5	463	-100	-100
5	139	-100	-100
5	771	-100	-100
5	791	-100	-100
5	91	-100	-100
5	401	-100	-100
5	898	-100	-100
5	926	-100	-100
5	158	-100	-100
5	704	-100	-100
5	314	-100	-100
5	941	-100	-100
5	437	-100	-100
5	818	-100	-100
5	332	-100	-100
5	318	-100	-100
5	52	-100	-100
5	923	-100	-100
5	335	-100	-100
5	874	-100	-100
5	738	-100	-100
5	620	-100	-100
5	378	-100	-100
5	852	-100	-100
5	373	-100	-100
5	179	-100	-100
5	594	-100	-100
5	198	-100	-100
5	32	-100	-100
5	600	-100	-100
5	962	-100	-100
5	759	-100	-100
5	853	-100	-100
5	871	-100	-100
5	864	-100	-100
5	189	-100	-100
5	168	-100	-100
5	671	-100	-100
5	945	-100	-100
5	985	-100	-100
5	780	-100	-100
5	59	-100	-100
5	662	-100	-100
5	172	-100	-100
5	973	-100	-100
5	402	-100	-100
5	193	-100	-100
5	288	-100	-100
5	538	-100	-100
5	925	-100	-100
5	741	-100	-100
5	679	-100	-100
5	661	-100	-100
5	536	-100	-100
5	200	-100	-100
5	138	-100	-100
5	188	-100	-100
5	590	-100	-100
5	466	-100	-100
5	126	-100	-100
5	696	-100	-100
5	187	-100	-100
5	961	-100	-100
5	710	-100	-100
5	57	-100	-100
5	745	-100	-100
5	389	-100	-100
5	637	-100	-100
5	555	-100	-100
5	995	-100	-100
5	31	-100	-100
5	296	-100	-100
5	148	-100	-100
5	434	-100	-100
5	676	-100	-100
5	702	-100	-100
5	577	-100	-100
5	951	-100	-100
5	500	-100	-100
5	388	-100	-100
5	125	-100	-100
5	122	-100	-100
5	106	-100	-100
5	879	-100	-100
5	396	-100	-100
5	41	-100	-100
5	933	-100	-100
5	310	-100	-100
5	872	-100	-100
5	61	-100	-100
5	615	-100	-100
5	796	-100	-100
5	977	-100	-100
5	672	-100	-100
5	548	-100	-100
5	612	-100	-100
5	197	-100	-100
5	143	-100	-100
5	964	-100	-100
5	815	-100	-100
5	180	-100	-100
5	312	-100	-100
5	132	-100	-100
5	862	-100	-100
5	978	-100	-100
5	317	-100	-100
5	624	-100	-100
5	53	-100	-100
5	480	-100	-100
5	505	-100	-100
5	651	-100	-100
5	320	-100	-100
5	910	-100	-100
5	140	-100	-100
5	195	-100	-100
5	344	-100	-100
5	718	-100	-100
5	746	-100	-100
5	997	-100	-100
5	447	-100	-100
5	184	-100	-100
5	173	-100	-100
5	639	-100	-100
5	946	-100	-100
5	436	-100	-100
5	635	-100	-100
5	545	-100	-100
5	290	-100	-100
5	886	-100	-100
5	442	-100	-100
5	507	-100	-100
5	588	-100	-100
5	313	-100	-100
5	617	-100	-100
5	356	-100	-100
5	165	-100	-100
5	49	-100	-100
5	54	-100	-100
5	721	-100	-100
5	573	-100	-100
5	375	-100	-100
5	802	-100	-100
5	688	-100	-100
5	394	-100	-100
5	374	-100	-100
5	819	-100	-100
5	918	-100	-100
5	519	-100	-100
5	697	-100	-100
5	789	-100	-100
5	10	-100	-100
5	525	-100	-100
5	604	-100	-100
5	358	-100	-100
5	554	-100	-100
5	542	-100	-100
5	419	-100	-100
5	164	-100	-100
5	832	-100	-100
5	65	-100	-100
5	472	-100	-100
5	423	-100	-100
5	937	-100	-100
5	349	-100	-100
5	154	-100	-100
5	18	-100	-100
5	123	-100	-100
5	848	-100	-100
5	460	-100	-100
5	618	-100	-100
5	949	-100	-100
5	11	-100	-100
5	893	-100	-100
5	56	-100	-100
5	89	-100	-100
5	783	-100	-100
5	481	-100	-100
5	865	-100	-100
5	733	-100	-100
5	988	-100	-100
5	532	-100	-100
5	474	-100	-100
5	458	-100	-100
5	899	-100	-100
5	768	-100	-100
5	452	-100	-100
5	468	-100	-100
5	987	-100	-100
5	68	-100	-100
5	60	-100	-100
5	792	-100	-100
5	365	-100	-100
5	650	-100	-100
5	540	-100	-100
5	421	-100	-100
5	709	-100	-100
5	950	-100	-100
5	576	-100	-100
5	678	-100	-100
5	781	-100	-100
5	467	-100	-100
5	465	-100	-100
5	170	-100	-100
5	124	-100	-100
5	614	-100	-100
5	300	-100	-100
5	323	-100	-100
5	990	-100	-100
5	686	-100	-100
5	743	-100	-100
5	4	-100	-100
5	670	-100	-100
5	12	-100	-100
5	486	-100	-100
5	175	-100	-100
5	94	-100	-100
5	115	-100	-100
5	16	-100	-100
5	934	-100	-100
5	838	-100	-100
5	418	-100	-100
5	307	-100	-100
5	956	-100	-100
5	21	-100	-100
5	345	-100	-100
5	740	-100	-100
5	38	-100	-100
5	904	-100	-100
5	547	-100	-100
5	330	-100	-100
5	550	-100	-100
5	469	-100	-100
5	392	-100	-100
5	22	-100	-100
5	147	-100	-100
5	177	-100	-100
5	619	-100	-100
5	665	-100	-100
5	870	-100	-100
5	705	-100	-100
1	121	-100	-100
1	755	-100	-100
1	444	-100	-100
1	929	-100	-100
1	429	-100	-100
1	82	-100	-100
1	179	-100	-100
1	76	-100	-100
1	84	-100	-100
1	921	-100	-100
1	889	-100	-100
1	380	-100	-100
1	775	-100	-100
1	445	-100	-100
1	668	-100	-100
1	147	-100	-100
1	209	-100	-100
1	1000	-100	-100
1	771	-100	-100
1	150	-100	-100
1	572	-100	-100
1	95	-100	-100
1	478	-100	-100
1	732	-100	-100
1	629	-100	-100
1	246	-100	-100
1	701	-100	-100
1	383	-100	-100
1	675	-100	-100
1	891	-100	-100
1	583	-100	-100
1	228	-100	-100
1	621	-100	-100
1	514	-100	-100
1	536	-100	-100
1	174	-100	-100
1	551	-100	-100
1	410	-100	-100
1	296	-100	-100
1	506	-100	-100
1	657	-100	-100
1	683	-100	-100
1	879	-100	-100
1	106	-100	-100
1	390	-100	-100
1	269	-100	-100
1	477	-100	-100
1	618	-100	-100
1	689	-100	-100
1	695	-100	-100
1	86	-100	-100
1	538	-100	-100
1	869	-100	-100
1	746	-100	-100
1	917	-100	-100
1	682	-100	-100
1	265	-100	-100
1	491	-100	-100
1	128	-100	-100
1	709	-100	-100
1	961	-100	-100
1	997	-100	-100
1	728	-100	-100
1	285	-100	-100
1	339	-100	-100
1	999	-100	-100
1	153	-100	-100
1	358	-100	-100
1	378	-100	-100
1	352	-100	-100
1	903	-100	-100
1	970	-100	-100
1	974	-100	-100
1	708	-100	-100
1	175	-100	-100
1	972	-100	-100
1	859	-100	-100
1	653	-100	-100
1	939	-100	-100
1	751	-100	-100
1	967	-100	-100
1	545	-100	-100
1	254	-100	-100
1	585	-100	-100
1	744	-100	-100
1	768	-100	-100
1	818	-100	-100
1	767	-100	-100
1	456	-100	-100
1	490	-100	-100
1	954	-100	-100
1	558	-100	-100
1	114	-100	-100
1	544	-100	-100
1	949	-100	-100
1	631	-100	-100
1	624	-100	-100
1	493	-100	-100
1	164	-100	-100
1	266	-100	-100
1	840	-100	-100
1	877	-100	-100
1	671	-100	-100
1	297	-100	-100
1	835	-100	-100
1	735	-100	-100
1	341	-100	-100
1	213	-100	-100
1	79	-100	-100
1	430	-100	-100
1	77	-100	-100
1	772	-100	-100
1	314	-100	-100
1	619	-100	-100
1	281	-100	-100
1	367	-100	-100
1	781	-100	-100
1	633	-100	-100
1	914	-100	-100
1	587	-100	-100
1	568	-100	-100
1	196	-100	-100
1	900	-100	-100
1	459	-100	-100
1	173	-100	-100
1	486	-100	-100
1	952	-100	-100
1	356	-100	-100
1	760	-100	-100
1	355	-100	-100
1	161	-100	-100
1	622	-100	-100
1	799	-100	-100
1	795	-100	-100
1	337	-100	-100
1	911	-100	-100
1	719	-100	-100
1	513	-100	-100
1	924	-100	-100
1	992	-100	-100
1	396	-100	-100
1	855	-100	-100
1	982	-100	-100
1	424	-100	-100
1	978	-100	-100
1	968	-100	-100
1	817	-100	-100
1	211	-100	-100
1	794	-100	-100
1	264	-100	-100
1	547	-100	-100
1	221	-100	-100
1	740	-100	-100
1	446	-100	-100
1	425	-100	-100
1	440	-100	-100
1	323	-100	-100
1	731	-100	-100
1	875	-100	-100
1	198	-100	-100
1	782	-100	-100
1	808	-100	-100
1	282	-100	-100
1	623	-100	-100
1	669	-100	-100
1	484	-100	-100
1	918	-100	-100
1	839	-100	-100
1	864	-100	-100
1	267	-100	-100
1	260	-100	-100
1	176	-100	-100
1	910	-100	-100
1	747	-100	-100
1	713	-100	-100
1	539	-100	-100
1	377	-100	-100
1	894	-100	-100
1	630	-100	-100
1	186	-100	-100
1	240	-100	-100
1	442	-100	-100
1	259	-100	-100
1	584	-100	-100
1	294	-100	-100
1	74	-100	-100
1	485	-100	-100
1	431	-100	-100
1	438	-100	-100
1	336	-100	-100
1	985	-100	-100
1	381	-100	-100
1	824	-100	-100
1	475	-100	-100
1	787	-100	-100
1	590	-100	-100
1	890	-100	-100
1	87	-100	-100
1	460	-100	-100
1	866	-100	-100
1	752	-100	-100
1	117	-100	-100
1	876	-100	-100
1	353	-100	-100
1	756	-100	-100
1	255	-100	-100
1	317	-100	-100
1	608	-100	-100
1	187	-100	-100
1	542	-100	-100
1	800	-100	-100
1	935	-100	-100
1	991	-100	-100
1	611	-100	-100
1	85	-100	-100
1	896	-100	-100
1	874	-100	-100
1	792	-100	-100
1	137	-100	-100
1	139	-100	-100
1	500	-100	-100
1	293	-100	-100
1	318	-100	-100
1	415	-100	-100
1	423	-100	-100
1	593	-100	-100
1	125	-100	-100
1	508	-100	-100
1	893	-100	-100
1	190	-100	-100
1	448	-100	-100
1	451	-100	-100
1	158	-100	-100
1	780	-100	-100
1	770	-100	-100
1	443	-100	-100
1	692	-100	-100
1	673	-100	-100
1	757	-100	-100
1	108	-100	-100
1	863	-100	-100
1	850	-100	-100
1	540	-100	-100
1	419	-100	-100
1	948	-100	-100
1	872	-100	-100
1	118	-100	-100
1	249	-100	-100
1	454	-100	-100
1	895	-100	-100
1	678	-100	-100
1	783	-100	-100
1	906	-100	-100
1	497	-100	-100
1	749	-100	-100
1	821	-100	-100
1	822	-100	-100
1	516	-100	-100
1	733	-100	-100
1	833	-100	-100
1	569	-100	-100
1	595	-100	-100
1	288	-100	-100
1	512	-100	-100
1	963	-100	-100
1	91	-100	-100
1	638	-100	-100
1	308	-100	-100
1	476	-100	-100
1	591	-100	-100
1	677	-100	-100
1	660	-100	-100
1	600	-100	-100
1	641	-100	-100
1	681	-100	-100
1	861	-100	-100
1	597	-100	-100
1	354	-100	-100
1	261	-100	-100
1	960	-100	-100
1	913	-100	-100
1	694	-100	-100
1	639	-100	-100
1	226	-100	-100
1	802	-100	-100
1	646	-100	-100
1	326	-100	-100
1	152	-100	-100
1	201	-100	-100
1	406	-100	-100
1	798	-100	-100
1	236	-100	-100
1	257	-100	-100
1	361	-100	-100
1	721	-100	-100
1	122	-100	-100
1	312	-100	-100
1	926	-100	-100
1	527	-100	-100
1	151	-100	-100
1	97	-100	-100
1	515	-100	-100
1	103	-100	-100
1	218	-100	-100
1	334	-100	-100
1	115	-100	-100
1	116	-100	-100
1	684	-100	-100
1	532	-100	-100
1	471	-100	-100
1	421	-100	-100
1	886	-100	-100
1	227	-100	-100
1	351	-100	-100
1	220	-100	-100
1	563	-100	-100
1	528	-100	-100
1	971	-100	-100
1	449	-100	-100
1	803	-100	-100
1	644	-100	-100
1	812	-100	-100
1	188	-100	-100
1	503	-100	-100
1	437	-100	-100
1	842	-100	-100
1	233	-100	-100
1	791	-100	-100
1	184	-100	-100
1	369	-100	-100
1	737	-100	-100
1	102	-100	-100
1	843	-100	-100
1	549	-100	-100
1	511	-100	-100
1	178	-100	-100
1	612	-100	-100
1	813	-100	-100
1	480	-100	-100
1	927	-100	-100
1	995	-100	-100
1	99	-100	-100
1	647	-100	-100
1	648	-100	-100
1	571	-100	-100
1	664	-100	-100
1	548	-100	-100
1	105	-100	-100
1	274	-100	-100
1	238	-100	-100
1	667	-100	-100
1	402	-100	-100
1	330	-100	-100
1	640	-100	-100
1	224	-100	-100
1	481	-100	-100
1	208	-100	-100
1	950	-100	-100
1	411	-100	-100
1	959	-100	-100
1	364	-100	-100
1	541	-100	-100
1	140	-100	-100
1	145	-100	-100
1	531	-100	-100
1	412	-100	-100
1	758	-100	-100
1	287	-100	-100
1	953	-100	-100
1	366	-100	-100
1	909	-100	-100
1	338	-100	-100
1	519	-100	-100
1	870	-100	-100
1	197	-100	-100
1	556	-100	-100
1	223	-100	-100
1	998	-100	-100
1	237	-100	-100
1	990	-100	-100
1	793	-100	-100
1	235	-100	-100
1	825	-100	-100
1	385	-100	-100
1	762	-100	-100
1	157	-100	-100
1	582	-100	-100
1	482	-100	-100
1	244	-100	-100
1	661	-100	-100
1	626	-100	-100
1	517	-100	-100
1	247	-100	-100
1	878	-100	-100
1	272	-100	-100
1	676	-100	-100
1	350	-100	-100
1	126	-100	-100
1	994	-100	-100
1	401	-100	-100
1	942	-100	-100
1	398	-100	-100
1	183	-100	-100
1	596	-100	-100
1	333	-100	-100
1	298	-100	-100
1	550	-100	-100
1	96	-100	-100
1	766	-100	-100
1	192	-100	-100
1	736	-100	-100
1	604	-100	-100
1	742	-100	-100
1	857	-100	-100
1	346	-100	-100
1	276	-100	-100
1	581	-100	-100
1	507	-100	-100
1	981	-100	-100
1	546	-100	-100
1	299	-100	-100
1	983	-100	-100
1	295	-100	-100
1	832	-100	-100
1	329	-100	-100
1	340	-100	-100
1	359	-100	-100
1	374	-100	-100
1	614	-100	-100
1	947	-100	-100
1	499	-100	-100
1	372	-100	-100
1	586	-100	-100
1	685	-100	-100
1	858	-100	-100
1	973	-100	-100
1	707	-100	-100
1	275	-100	-100
1	504	-100	-100
1	566	-100	-100
1	89	-100	-100
1	907	-100	-100
1	846	-100	-100
1	345	-100	-100
1	320	-100	-100
1	836	-100	-100
1	615	-100	-100
1	776	-100	-100
1	468	-100	-100
1	588	-100	-100
1	343	-100	-100
1	263	-100	-100
1	977	-100	-100
1	363	-100	-100
1	610	-100	-100
1	666	-100	-100
1	447	-100	-100
1	702	-100	-100
1	80	-100	-100
1	400	-100	-100
1	535	-100	-100
1	688	-100	-100
1	142	-100	-100
1	905	-100	-100
1	609	-100	-100
1	133	-100	-100
1	943	-100	-100
1	980	-100	-100
1	711	-100	-100
1	753	-100	-100
1	574	-100	-100
1	654	-100	-100
1	278	-100	-100
1	575	-100	-100
1	662	-100	-100
1	578	-100	-100
1	796	-100	-100
1	399	-100	-100
1	408	-100	-100
1	386	-100	-100
1	691	-100	-100
1	984	-100	-100
1	123	-100	-100
1	560	-100	-100
1	934	-100	-100
1	860	-100	-100
1	262	-100	-100
1	107	-100	-100
1	899	-100	-100
1	748	-100	-100
1	627	-100	-100
1	413	-100	-100
1	453	-100	-100
1	705	-100	-100
1	573	-100	-100
1	853	-100	-100
1	501	-100	-100
1	202	-100	-100
1	915	-100	-100
1	827	-100	-100
1	785	-100	-100
1	420	-100	-100
1	936	-100	-100
1	898	-100	-100
1	455	-100	-100
1	489	-100	-100
1	658	-100	-100
1	778	-100	-100
1	379	-100	-100
1	847	-100	-100
1	101	-100	-100
1	807	-100	-100
1	904	-100	-100
4	213	-100	-100
4	757	-100	-100
4	238	-100	-100
4	951	-100	-100
4	711	-100	-100
4	85	-100	-100
4	240	-100	-100
4	649	-100	-100
4	51	-100	-100
4	15	-100	-100
4	355	-100	-100
4	379	-100	-100
4	714	-100	-100
4	604	-100	-100
4	45	-100	-100
4	308	-100	-100
4	735	-100	-100
4	417	-100	-100
4	955	-100	-100
4	21	-100	-100
4	431	-100	-100
4	226	-100	-100
4	901	-100	-100
4	84	-100	-100
4	783	-100	-100
4	349	-100	-100
4	99	-100	-100
4	683	-100	-100
4	41	-100	-100
4	298	-100	-100
4	144	-100	-100
4	709	-100	-100
4	28	-100	-100
4	413	-100	-100
4	729	-100	-100
4	376	-100	-100
4	967	-100	-100
4	567	-100	-100
4	479	-100	-100
4	508	-100	-100
4	552	-100	-100
4	517	-100	-100
4	744	-100	-100
4	657	-100	-100
4	983	-100	-100
4	407	-100	-100
4	678	-100	-100
4	305	-100	-100
4	31	-100	-100
4	163	-100	-100
4	592	-100	-100
4	13	-100	-100
4	54	-100	-100
4	217	-100	-100
4	464	-100	-100
4	990	-100	-100
4	358	-100	-100
4	956	-100	-100
4	485	-100	-100
4	311	-100	-100
4	316	-100	-100
4	845	-100	-100
4	24	-100	-100
4	80	-100	-100
4	130	-100	-100
4	77	-100	-100
4	503	-100	-100
4	648	-100	-100
4	601	-100	-100
4	765	-100	-100
4	938	-100	-100
4	275	-100	-100
4	129	-100	-100
4	947	-100	-100
4	620	-100	-100
4	978	-100	-100
4	751	-100	-100
4	630	-100	-100
4	165	-100	-100
4	716	-100	-100
4	375	-100	-100
4	46	-100	-100
4	945	-100	-100
4	42	-100	-100
4	690	-100	-100
4	635	-100	-100
4	397	-100	-100
4	321	-100	-100
4	730	-100	-100
4	64	-100	-100
4	220	-100	-100
4	68	-100	-100
4	254	-100	-100
4	919	-100	-100
4	861	-100	-100
4	647	-100	-100
4	863	-100	-100
4	834	-100	-100
4	528	-100	-100
4	338	-100	-100
4	780	-100	-100
4	585	-100	-100
4	219	-100	-100
4	894	-100	-100
4	168	-100	-100
4	922	-100	-100
4	36	-100	-100
4	279	-100	-100
4	713	-100	-100
4	356	-100	-100
4	395	-100	-100
4	160	-100	-100
4	274	-100	-100
4	758	-100	-100
4	421	-100	-100
4	960	-100	-100
4	390	-100	-100
4	836	-100	-100
4	25	-100	-100
4	784	-100	-100
4	769	-100	-100
4	301	-100	-100
4	124	-100	-100
4	212	-100	-100
4	543	-100	-100
4	236	-100	-100
4	754	-100	-100
4	542	-100	-100
4	108	-100	-100
4	81	-100	-100
4	596	-100	-100
4	138	-100	-100
4	239	-100	-100
4	923	-100	-100
4	572	-100	-100
4	879	-100	-100
4	895	-100	-100
4	996	-100	-100
4	684	-100	-100
4	242	-100	-100
4	980	-100	-100
4	936	-100	-100
4	439	-100	-100
4	207	-100	-100
4	368	-100	-100
4	136	-100	-100
4	651	-100	-100
4	237	-100	-100
4	302	-100	-100
4	385	-100	-100
4	411	-100	-100
4	625	-100	-100
4	30	-100	-100
4	292	-100	-100
4	897	-100	-100
4	667	-100	-100
4	617	-100	-100
4	442	-100	-100
4	700	-100	-100
4	964	-100	-100
4	935	-100	-100
4	796	-100	-100
4	870	-100	-100
4	360	-100	-100
4	563	-100	-100
4	598	-100	-100
4	341	-100	-100
4	12	-100	-100
4	475	-100	-100
4	773	-100	-100
4	69	-100	-100
4	997	-100	-100
4	14	-100	-100
4	685	-100	-100
4	998	-100	-100
4	270	-100	-100
4	457	-100	-100
4	269	-100	-100
4	97	-100	-100
4	400	-100	-100
4	114	-100	-100
4	95	-100	-100
4	792	-100	-100
4	991	-100	-100
4	646	-100	-100
4	802	-100	-100
4	105	-100	-100
4	310	-100	-100
4	436	-100	-100
4	34	-100	-100
4	589	-100	-100
4	377	-100	-100
4	434	-100	-100
4	425	-100	-100
4	822	-100	-100
4	946	-100	-100
4	473	-100	-100
4	22	-100	-100
4	271	-100	-100
4	334	-100	-100
4	545	-100	-100
4	748	-100	-100
4	116	-100	-100
4	692	-100	-100
4	737	-100	-100
4	466	-100	-100
4	742	-100	-100
4	752	-100	-100
4	664	-100	-100
4	23	-100	-100
4	624	-100	-100
4	701	-100	-100
4	712	-100	-100
4	250	-100	-100
4	346	-100	-100
4	252	-100	-100
4	799	-100	-100
4	142	-100	-100
4	832	-100	-100
4	898	-100	-100
4	903	-100	-100
4	871	-100	-100
4	486	-100	-100
4	283	-100	-100
4	570	-100	-100
4	554	-100	-100
4	521	-100	-100
4	629	-100	-100
4	313	-100	-100
4	541	-100	-100
4	527	-100	-100
4	788	-100	-100
4	489	-100	-100
4	62	-100	-100
4	331	-100	-100
4	707	-100	-100
4	2	-100	-100
4	668	-100	-100
4	921	-100	-100
4	340	-100	-100
4	402	-100	-100
4	259	-100	-100
4	428	-100	-100
4	437	-100	-100
4	710	-100	-100
4	373	-100	-100
4	533	-100	-100
4	633	-100	-100
4	950	-100	-100
4	705	-100	-100
4	875	-100	-100
4	965	-100	-100
4	805	-100	-100
4	427	-100	-100
4	984	-100	-100
4	891	-100	-100
4	467	-100	-100
4	753	-100	-100
4	878	-100	-100
4	816	-100	-100
4	315	-100	-100
4	654	-100	-100
4	151	-100	-100
4	877	-100	-100
4	96	-100	-100
4	823	-100	-100
4	854	-100	-100
4	381	-100	-100
4	702	-100	-100
4	704	-100	-100
4	876	-100	-100
4	605	-100	-100
4	666	-100	-100
4	627	-100	-100
4	841	-100	-100
4	941	-100	-100
4	588	-100	-100
4	907	-100	-100
4	781	-100	-100
4	235	-100	-100
4	637	-100	-100
4	357	-100	-100
4	98	-100	-100
4	883	-100	-100
4	371	-100	-100
4	882	-100	-100
4	323	-100	-100
4	934	-100	-100
4	433	-100	-100
4	931	-100	-100
4	728	-100	-100
4	109	-100	-100
4	18	-100	-100
4	406	-100	-100
4	885	-100	-100
4	384	-100	-100
4	591	-100	-100
4	263	-100	-100
4	245	-100	-100
4	101	-100	-100
4	719	-100	-100
4	424	-100	-100
4	909	-100	-100
4	268	-100	-100
4	1000	-100	-100
4	296	-100	-100
4	55	-100	-100
4	557	-100	-100
4	590	-100	-100
4	111	-100	-100
4	291	-100	-100
4	145	-100	-100
4	435	-100	-100
4	444	-100	-100
4	917	-100	-100
4	674	-100	-100
4	884	-100	-100
4	29	-100	-100
4	977	-100	-100
4	869	-100	-100
4	494	-100	-100
4	939	-100	-100
4	287	-100	-100
4	297	-100	-100
4	510	-100	-100
4	540	-100	-100
4	653	-100	-100
4	354	-100	-100
4	916	-100	-100
4	626	-100	-100
4	57	-100	-100
4	804	-100	-100
4	930	-100	-100
4	507	-100	-100
4	671	-100	-100
4	264	-100	-100
4	262	-100	-100
4	443	-100	-100
4	284	-100	-100
4	276	-100	-100
4	992	-100	-100
4	782	-100	-100
4	353	-100	-100
4	234	-100	-100
4	560	-100	-100
4	970	-100	-100
4	410	-100	-100
4	412	-100	-100
4	734	-100	-100
4	887	-100	-100
4	687	-100	-100
4	516	-100	-100
4	675	-100	-100
4	515	-100	-100
4	985	-100	-100
4	120	-100	-100
4	277	-100	-100
4	401	-100	-100
4	958	-100	-100
4	688	-100	-100
4	48	-100	-100
4	352	-100	-100
4	755	-100	-100
4	67	-100	-100
4	642	-100	-100
4	408	-100	-100
4	122	-100	-100
4	309	-100	-100
4	386	-100	-100
4	812	-100	-100
4	112	-100	-100
4	285	-100	-100
4	260	-100	-100
4	248	-100	-100
4	526	-100	-100
4	815	-100	-100
4	926	-100	-100
4	325	-100	-100
4	514	-100	-100
4	778	-100	-100
4	115	-100	-100
4	330	-100	-100
4	83	-100	-100
4	164	-100	-100
4	843	-100	-100
4	708	-100	-100
4	631	-100	-100
4	582	-100	-100
4	361	-100	-100
4	126	-100	-100
4	49	-100	-100
4	512	-100	-100
4	339	-100	-100
4	33	-100	-100
4	416	-100	-100
4	487	-100	-100
4	772	-100	-100
4	482	-100	-100
4	561	-100	-100
4	662	-100	-100
4	117	-100	-100
4	850	-100	-100
4	989	-100	-100
4	587	-100	-100
4	593	-100	-100
4	763	-100	-100
4	789	-100	-100
4	430	-100	-100
4	888	-100	-100
4	860	-100	-100
4	568	-100	-100
4	912	-100	-100
4	746	-100	-100
4	577	-100	-100
4	74	-100	-100
4	787	-100	-100
4	458	-100	-100
4	253	-100	-100
4	38	-100	-100
4	881	-100	-100
4	155	-100	-100
4	498	-100	-100
4	581	-100	-100
4	462	-100	-100
4	539	-100	-100
4	348	-100	-100
4	911	-100	-100
4	520	-100	-100
4	294	-100	-100
4	469	-100	-100
4	853	-100	-100
4	682	-100	-100
4	697	-100	-100
4	288	-100	-100
4	913	-100	-100
4	759	-100	-100
4	300	-100	-100
4	607	-100	-100
4	942	-100	-100
4	614	-100	-100
4	50	-100	-100
4	928	-100	-100
4	652	-100	-100
4	896	-100	-100
4	246	-100	-100
4	775	-100	-100
4	972	-100	-100
4	703	-100	-100
4	693	-100	-100
4	389	-100	-100
4	971	-100	-100
4	133	-100	-100
4	403	-100	-100
4	830	-100	-100
4	608	-100	-100
4	918	-100	-100
4	979	-100	-100
4	223	-100	-100
4	336	-100	-100
4	573	-100	-100
4	493	-100	-100
4	905	-100	-100
4	718	-100	-100
4	79	-100	-100
4	828	-100	-100
4	776	-100	-100
4	364	-100	-100
4	88	-100	-100
4	307	-100	-100
4	839	-100	-100
4	497	-100	-100
4	948	-100	-100
4	785	-100	-100
4	418	-100	-100
4	92	-100	-100
4	523	-100	-100
4	993	-100	-100
4	764	-100	-100
4	549	-100	-100
4	553	-100	-100
4	16	-100	-100
4	286	-100	-100
4	65	-100	-100
4	499	-100	-100
4	723	-100	-100
4	699	-100	-100
4	396	-100	-100
4	969	-100	-100
4	210	-100	-100
4	768	-100	-100
4	241	-100	-100
4	837	-100	-100
4	359	-100	-100
4	800	-100	-100
4	228	-100	-100
4	278	-100	-100
4	611	-100	-100
4	925	-100	-100
4	480	-100	-100
4	450	-100	-100
4	531	-100	-100
4	777	-100	-100
4	842	-100	-100
4	548	-100	-100
4	595	-100	-100
4	501	-100	-100
4	350	-100	-100
4	471	-100	-100
4	609	-100	-100
4	810	-100	-100
4	208	-100	-100
4	586	-100	-100
4	957	-100	-100
4	681	-100	-100
4	741	-100	-100
4	399	-100	-100
4	70	-100	-100
4	867	-100	-100
4	500	-100	-100
4	11	-100	-100
4	559	-100	-100
4	504	-100	-100
4	644	-100	-100
4	798	-100	-100
4	583	-100	-100
4	137	-100	-100
4	423	-100	-100
4	600	-100	-100
4	249	-100	-100
4	932	-100	-100
4	821	-100	-100
4	261	-100	-100
4	849	-100	-100
4	71	-100	-100
4	461	-100	-100
4	134	-100	-100
4	82	-100	-100
4	106	-100	-100
4	613	-100	-100
4	327	-100	-100
4	121	-100	-100
4	857	-100	-100
4	616	-100	-100
4	491	-100	-100
7	344	-100	-100
7	359	-100	-100
7	896	-100	-100
7	20	-100	-100
7	628	-100	-100
7	980	-100	-100
7	108	-100	-100
7	593	-100	-100
7	659	-100	-100
7	757	-100	-100
7	10	-100	-100
7	303	-100	-100
7	843	-100	-100
7	52	-100	-100
7	181	-100	-100
7	437	-100	-100
7	398	-100	-100
7	304	-100	-100
7	700	-100	-100
7	299	-100	-100
7	81	-100	-100
7	96	-100	-100
7	716	-100	-100
7	65	-100	-100
7	319	-100	-100
7	201	-100	-100
7	947	-100	-100
7	406	-100	-100
7	204	-100	-100
7	55	-100	-100
7	156	-100	-100
7	245	-100	-100
7	744	-100	-100
7	322	-100	-100
7	367	-100	-100
7	860	-100	-100
7	216	-100	-100
7	508	-100	-100
7	617	-100	-100
7	315	-100	-100
7	157	-100	-100
7	671	-100	-100
7	79	-100	-100
7	953	-100	-100
7	607	-100	-100
7	440	-100	-100
7	142	-100	-100
7	317	-100	-100
7	184	-100	-100
7	251	-100	-100
7	522	-100	-100
7	636	-100	-100
7	609	-100	-100
7	992	-100	-100
7	562	-100	-100
7	520	-100	-100
7	502	-100	-100
7	859	-100	-100
7	660	-100	-100
7	264	-100	-100
7	267	-100	-100
7	753	-100	-100
7	788	-100	-100
7	118	-100	-100
7	109	-100	-100
7	908	-100	-100
7	260	-100	-100
7	969	-100	-100
7	721	-100	-100
7	701	-100	-100
7	566	-100	-100
7	719	-100	-100
7	116	-100	-100
7	637	-100	-100
7	941	-100	-100
7	314	-100	-100
7	22	-100	-100
7	407	-100	-100
7	120	-100	-100
7	129	-100	-100
7	707	-100	-100
7	717	-100	-100
7	198	-100	-100
7	509	-100	-100
7	766	-100	-100
7	170	-100	-100
7	286	-100	-100
7	180	-100	-100
7	497	-100	-100
7	549	-100	-100
7	374	-100	-100
7	513	-100	-100
7	166	-100	-100
7	930	-100	-100
7	417	-100	-100
7	126	-100	-100
7	273	-100	-100
7	197	-100	-100
7	360	-100	-100
7	748	-100	-100
7	675	-100	-100
7	162	-100	-100
7	146	-100	-100
7	773	-100	-100
7	115	-100	-100
7	929	-100	-100
7	725	-100	-100
7	445	-100	-100
7	112	-100	-100
7	283	-100	-100
7	119	-100	-100
7	733	-100	-100
7	379	-100	-100
7	148	-100	-100
7	523	-100	-100
7	27	-100	-100
7	165	-100	-100
7	558	-100	-100
7	726	-100	-100
7	424	-100	-100
7	339	-100	-100
7	661	-100	-100
7	610	-100	-100
7	219	-100	-100
7	11	-100	-100
7	353	-100	-100
7	541	-100	-100
7	673	-100	-100
7	948	-100	-100
7	884	-100	-100
7	754	-100	-100
7	574	-100	-100
7	819	-100	-100
7	914	-100	-100
7	839	-100	-100
7	441	-100	-100
7	911	-100	-100
7	296	-100	-100
7	489	-100	-100
7	589	-100	-100
7	380	-100	-100
7	845	-100	-100
7	268	-100	-100
7	496	-100	-100
7	682	-100	-100
7	346	-100	-100
7	949	-100	-100
7	408	-100	-100
7	863	-100	-100
7	122	-100	-100
7	837	-100	-100
7	586	-100	-100
7	688	-100	-100
7	718	-100	-100
7	69	-100	-100
7	248	-100	-100
7	38	-100	-100
7	534	-100	-100
7	770	-100	-100
7	186	-100	-100
7	193	-100	-100
7	951	-100	-100
7	552	-100	-100
7	232	-100	-100
7	959	-100	-100
7	650	-100	-100
7	643	-100	-100
7	383	-100	-100
7	473	-100	-100
7	594	-100	-100
7	524	-100	-100
7	976	-100	-100
7	571	-100	-100
7	815	-100	-100
7	1000	-100	-100
7	778	-100	-100
7	163	-100	-100
7	988	-100	-100
7	28	-100	-100
7	210	-100	-100
7	280	-100	-100
7	807	-100	-100
7	78	-100	-100
7	711	-100	-100
7	734	-100	-100
7	221	-100	-100
7	998	-100	-100
7	763	-100	-100
7	956	-100	-100
7	365	-100	-100
7	377	-100	-100
7	697	-100	-100
7	585	-100	-100
7	209	-100	-100
7	611	-100	-100
7	336	-100	-100
7	877	-100	-100
7	343	-100	-100
7	89	-100	-100
7	850	-100	-100
7	730	-100	-100
7	816	-100	-100
7	544	-100	-100
7	940	-100	-100
7	21	-100	-100
7	972	-100	-100
7	143	-100	-100
7	110	-100	-100
7	252	-100	-100
7	174	-100	-100
7	66	-100	-100
7	187	-100	-100
7	666	-100	-100
7	333	-100	-100
7	450	-100	-100
7	95	-100	-100
7	195	-100	-100
7	925	-100	-100
7	856	-100	-100
7	480	-100	-100
7	449	-100	-100
7	979	-100	-100
7	414	-100	-100
7	258	-100	-100
7	446	-100	-100
7	240	-100	-100
7	702	-100	-100
7	982	-100	-100
7	93	-100	-100
7	806	-100	-100
7	63	-100	-100
7	623	-100	-100
7	277	-100	-100
7	426	-100	-100
7	755	-100	-100
7	499	-100	-100
7	922	-100	-100
7	484	-100	-100
7	312	-100	-100
7	271	-100	-100
7	990	-100	-100
7	388	-100	-100
7	302	-100	-100
7	246	-100	-100
7	714	-100	-100
7	487	-100	-100
7	438	-100	-100
7	420	-100	-100
7	814	-100	-100
7	952	-100	-100
7	977	-100	-100
7	939	-100	-100
7	836	-100	-100
7	861	-100	-100
7	598	-100	-100
7	224	-100	-100
7	16	-100	-100
7	630	-100	-100
7	526	-100	-100
7	75	-100	-100
7	403	-100	-100
7	584	-100	-100
7	853	-100	-100
7	960	-100	-100
7	448	-100	-100
7	492	-100	-100
7	292	-100	-100
7	938	-100	-100
7	427	-100	-100
7	313	-100	-100
7	656	-100	-100
7	920	-100	-100
7	84	-100	-100
7	768	-100	-100
7	989	-100	-100
7	704	-100	-100
7	85	-100	-100
7	825	-100	-100
7	835	-100	-100
7	130	-100	-100
7	635	-100	-100
7	967	-100	-100
7	266	-100	-100
7	105	-100	-100
7	810	-100	-100
7	865	-100	-100
7	48	-100	-100
7	213	-100	-100
7	395	-100	-100
7	645	-100	-100
7	77	-100	-100
7	547	-100	-100
7	869	-100	-100
7	633	-100	-100
7	847	-100	-100
7	228	-100	-100
7	83	-100	-100
7	94	-100	-100
7	834	-100	-100
7	731	-100	-100
7	720	-100	-100
7	255	-100	-100
7	919	-100	-100
7	134	-100	-100
7	44	-100	-100
7	899	-100	-100
7	262	-100	-100
7	886	-100	-100
7	124	-100	-100
7	542	-100	-100
7	205	-100	-100
7	310	-100	-100
7	937	-100	-100
7	207	-100	-100
7	692	-100	-100
7	287	-100	-100
7	234	-100	-100
7	26	-100	-100
7	242	-100	-100
7	961	-100	-100
7	642	-100	-100
7	281	-100	-100
7	933	-100	-100
7	545	-100	-100
7	801	-100	-100
7	769	-100	-100
7	885	-100	-100
7	674	-100	-100
7	678	-100	-100
7	250	-100	-100
7	501	-100	-100
7	190	-100	-100
7	46	-100	-100
7	616	-100	-100
7	173	-100	-100
7	202	-100	-100
7	256	-100	-100
7	444	-100	-100
7	600	-100	-100
7	846	-100	-100
7	533	-100	-100
7	34	-100	-100
7	525	-100	-100
7	123	-100	-100
7	235	-100	-100
7	382	-100	-100
7	906	-100	-100
7	844	-100	-100
7	366	-100	-100
7	474	-100	-100
7	871	-100	-100
7	830	-100	-100
7	36	-100	-100
7	328	-100	-100
7	491	-100	-100
7	40	-100	-100
7	29	-100	-100
7	288	-100	-100
7	14	-100	-100
7	282	-100	-100
7	99	-100	-100
7	261	-100	-100
7	579	-100	-100
7	238	-100	-100
7	451	-100	-100
7	965	-100	-100
7	780	-100	-100
7	291	-100	-100
7	275	-100	-100
7	152	-100	-100
7	713	-100	-100
7	47	-100	-100
7	905	-100	-100
7	986	-100	-100
7	352	-100	-100
7	985	-100	-100
7	888	-100	-100
7	797	-100	-100
7	576	-100	-100
7	270	-100	-100
7	39	-100	-100
7	369	-100	-100
7	693	-100	-100
7	696	-100	-100
7	644	-100	-100
7	486	-100	-100
7	429	-100	-100
7	133	-100	-100
7	51	-100	-100
7	402	-100	-100
7	831	-100	-100
7	472	-100	-100
7	30	-100	-100
7	223	-100	-100
7	606	-100	-100
7	640	-100	-100
7	15	-100	-100
7	249	-100	-100
7	898	-100	-100
7	37	-100	-100
7	342	-100	-100
7	876	-100	-100
7	70	-100	-100
7	641	-100	-100
7	793	-100	-100
7	185	-100	-100
7	987	-100	-100
7	227	-100	-100
7	802	-100	-100
7	305	-100	-100
7	350	-100	-100
7	362	-100	-100
7	327	-100	-100
7	279	-100	-100
7	652	-100	-100
7	715	-100	-100
7	257	-100	-100
7	527	-100	-100
7	868	-100	-100
7	601	-100	-100
7	200	-100	-100
7	560	-100	-100
7	629	-100	-100
7	102	-100	-100
7	155	-100	-100
7	61	-100	-100
7	217	-100	-100
7	983	-100	-100
7	475	-100	-100
7	612	-100	-100
7	409	-100	-100
7	978	-100	-100
7	826	-100	-100
7	88	-100	-100
7	563	-100	-100
7	901	-100	-100
7	957	-100	-100
7	683	-100	-100
7	588	-100	-100
7	192	-100	-100
7	425	-100	-100
7	991	-100	-100
7	565	-100	-100
7	101	-100	-100
7	604	-100	-100
7	742	-100	-100
7	82	-100	-100
7	698	-100	-100
7	401	-100	-100
7	764	-100	-100
7	297	-100	-100
7	349	-100	-100
7	880	-100	-100
7	231	-100	-100
7	648	-100	-100
7	147	-100	-100
7	433	-100	-100
7	385	-100	-100
7	669	-100	-100
7	421	-100	-100
7	32	-100	-100
7	121	-100	-100
7	615	-100	-100
7	160	-100	-100
7	672	-100	-100
7	655	-100	-100
7	503	-100	-100
7	962	-100	-100
7	169	-100	-100
7	419	-100	-100
7	664	-100	-100
7	368	-100	-100
7	862	-100	-100
7	71	-100	-100
7	405	-100	-100
7	622	-100	-100
7	208	-100	-100
7	626	-100	-100
7	113	-100	-100
7	823	-100	-100
7	111	-100	-100
7	762	-100	-100
7	631	-100	-100
7	354	-100	-100
7	923	-100	-100
7	131	-100	-100
7	370	-100	-100
7	554	-100	-100
7	890	-100	-100
7	646	-100	-100
7	92	-100	-100
7	821	-100	-100
7	295	-100	-100
7	132	-100	-100
7	145	-100	-100
7	605	-100	-100
7	590	-100	-100
7	732	-100	-100
7	996	-100	-100
7	269	-100	-100
7	45	-100	-100
7	62	-100	-100
7	809	-100	-100
7	581	-100	-100
7	199	-100	-100
7	214	-100	-100
7	596	-100	-100
7	872	-100	-100
7	136	-100	-100
7	532	-100	-100
7	144	-100	-100
7	355	-100	-100
7	103	-100	-100
7	309	-100	-100
7	658	-100	-100
7	867	-100	-100
7	543	-100	-100
7	649	-100	-100
7	627	-100	-100
7	177	-100	-100
7	913	-100	-100
7	751	-100	-100
7	647	-100	-100
7	488	-100	-100
7	934	-100	-100
7	921	-100	-100
7	378	-100	-100
7	125	-100	-100
7	17	-100	-100
7	591	-100	-100
7	822	-100	-100
7	746	-100	-100
7	685	-100	-100
7	318	-100	-100
7	582	-100	-100
7	625	-100	-100
7	529	-100	-100
7	490	-100	-100
7	326	-100	-100
7	172	-100	-100
7	371	-100	-100
7	42	-100	-100
7	31	-100	-100
7	308	-100	-100
7	842	-100	-100
7	158	-100	-100
7	230	-100	-100
7	2	-100	-100
7	917	-100	-100
7	416	-100	-100
7	918	-100	-100
7	324	-100	-100
7	690	-100	-100
7	912	-100	-100
7	476	-100	-100
7	614	-100	-100
7	812	-100	-100
7	178	-100	-100
591	987	-100	-100
591	90	-100	-100
591	942	-100	-100
591	524	-100	-100
591	262	-100	-100
591	622	-100	-100
780	157	-100	-100
780	295	-100	-100
780	21	-100	-100
780	48	-100	-100
780	708	-100	-100
780	307	-100	-100
585	519	-100	-100
585	265	-100	-100
585	35	-100	-100
585	483	-100	-100
585	982	-100	-100
585	94	-100	-100
38	88	-100	-100
38	669	-100	-100
38	507	-100	-100
38	143	-100	-100
38	908	-100	-100
38	718	-100	-100
249	522	-100	-100
249	158	-100	-100
249	149	-100	-100
249	548	-100	-100
249	129	-100	-100
249	800	-100	-100
861	748	-100	-100
861	808	-100	-100
861	100	-100	-100
861	615	-100	-100
861	620	-100	-100
861	946	-100	-100
22	853	-100	-100
22	37	-100	-100
22	831	-100	-100
22	593	-100	-100
22	572	-100	-100
22	565	-100	-100
545	187	-100	-100
629	235	-100	-100
458	182	-100	-100
637	145	-100	-100
565	636	-100	-100
641	362	-100	-100
546	778	-100	-100
17	524	-100	-100
388	364	-100	-100
25	595	-100	-100
222	322	-100	-100
455	890	-100	-100
357	465	-100	-100
937	866	-100	-100
337	580	-100	-100
699	464	-100	-100
258	804	-100	-100
495	194	-100	-100
954	779	-100	-100
986	840	-100	-100
827	868	-100	-100
243	393	-100	-100
127	289	-100	-100
902	727	-100	-100
634	225	-100	-100
