2000
2958
2
1	2	3	9
1	3	8	3
1	4	5	6
1	5	3	4
1	6	10	7
1	7	1	9
1	8	9	7
1	9	7	2
1	10	2	6
1	11	1	10
1	12	7	3
1	13	6	3
1	14	3	9
1	15	10	6
1	16	4	1
1	17	8	7
1	18	7	2
1	19	2	3
1	20	4	6
1	21	3	9
1	22	2	9
1	23	5	3
1	24	1	3
1	25	8	10
1	26	1	8
1	27	8	7
1	28	7	8
1	29	6	8
1	30	6	5
1	31	4	8
1	32	8	2
1	33	5	10
1	34	3	9
1	35	4	5
1	36	9	1
1	37	3	8
1	38	3	7
1	39	3	7
1	40	5	7
1	41	5	6
1	42	10	5
1	43	4	6
1	44	5	10
1	45	3	2
1	46	5	4
1	47	2	9
1	48	7	6
1	49	7	5
1	50	9	8
1	51	10	1
1	52	7	10
1	53	2	10
1	54	7	4
1	55	6	7
1	56	10	3
1	57	10	5
1	58	1	6
1	59	2	7
1	60	6	4
1	61	1	2
1	62	5	1
1	63	2	3
1	64	3	2
1	65	8	4
1	66	9	2
1	67	6	5
1	68	10	7
1	69	7	1
1	70	5	9
1	71	9	6
1	72	2	4
2	73	9	7
2	74	10	8
2	75	4	7
2	76	4	1
2	77	1	7
2	78	7	5
2	79	4	6
3	80	2	8
3	81	7	5
3	82	2	7
3	83	6	1
3	84	2	6
3	85	5	9
3	86	9	1
3	87	6	7
3	88	7	1
3	89	5	9
3	90	7	2
3	91	7	1
3	92	9	10
3	93	5	8
3	94	7	10
3	95	9	5
3	96	6	5
3	97	7	3
3	98	10	4
3	99	7	4
3	100	9	4
3	101	8	10
3	102	7	4
3	103	2	9
3	104	4	5
3	105	5	7
3	106	9	5
3	107	2	9
3	108	5	4
3	109	2	8
3	110	1	3
3	111	10	8
3	112	5	6
3	113	10	8
3	114	5	3
3	115	8	7
3	116	6	4
3	117	9	6
3	118	6	5
3	119	8	6
3	120	8	5
3	121	4	10
3	122	4	9
3	123	3	4
3	124	2	8
3	125	2	8
3	126	10	4
3	127	9	7
3	128	6	9
3	129	4	9
3	130	4	5
3	131	10	4
3	132	7	5
3	133	4	9
3	134	2	7
3	135	2	10
3	136	4	2
3	137	4	2
3	138	3	7
3	139	9	5
3	140	4	8
3	141	7	5
3	142	5	7
3	143	1	7
3	144	3	2
3	145	8	1
3	146	2	6
3	147	9	8
3	148	2	10
3	149	10	2
3	150	9	6
3	151	6	1
3	152	9	10
3	153	8	2
3	154	3	1
3	155	3	5
3	156	7	3
3	157	6	4
3	158	3	1
3	159	1	10
3	160	7	5
3	161	5	9
3	162	2	10
3	163	7	2
3	164	8	2
3	165	5	8
3	166	10	6
3	167	6	3
3	168	4	1
3	169	6	8
4	170	5	8
4	171	2	10
4	172	7	2
4	173	2	9
4	174	4	2
4	175	3	4
4	176	2	7
4	177	1	9
4	178	10	2
4	179	8	4
4	180	3	5
4	181	9	1
4	182	6	4
4	183	10	7
4	184	7	3
4	185	4	6
4	186	4	3
4	187	8	3
4	188	6	10
4	189	5	8
4	190	8	7
4	191	2	5
4	192	10	8
4	193	2	3
4	194	2	4
4	195	1	9
4	196	10	2
4	197	8	9
4	198	5	6
4	199	3	10
4	200	7	3
4	201	2	6
4	202	7	9
4	203	7	3
4	204	7	2
4	205	7	9
5	206	4	2
5	207	4	7
5	208	7	1
5	209	7	2
5	210	2	9
5	211	10	3
5	212	4	9
5	213	10	6
5	214	6	9
5	215	9	10
5	216	1	5
5	217	5	6
5	218	3	1
5	219	9	1
5	220	2	9
5	221	4	5
5	222	1	6
5	223	6	3
5	224	5	8
5	225	10	6
5	226	10	1
5	227	3	8
5	228	9	1
5	229	2	9
5	230	5	1
5	231	9	4
5	232	6	9
5	233	5	9
5	234	4	6
5	235	3	2
5	236	1	7
5	237	3	9
5	238	5	10
5	239	6	8
5	240	5	3
5	241	2	10
5	242	7	8
5	243	2	7
5	244	7	3
5	245	9	8
5	246	7	3
5	33	1	7
5	247	8	7
5	248	4	7
5	249	6	9
5	250	2	10
5	251	6	8
5	252	4	6
5	253	4	5
5	254	8	7
5	255	8	3
5	256	4	5
5	257	4	7
5	258	4	10
5	259	3	1
5	260	3	4
5	261	4	2
5	262	4	1
5	263	4	6
5	264	7	4
5	265	5	3
5	266	4	10
5	267	1	2
5	268	7	8
5	269	8	5
5	270	3	4
5	271	1	3
5	272	5	9
5	273	1	6
5	274	2	7
5	275	5	6
5	276	5	3
5	277	6	7
5	278	5	10
5	279	5	6
5	280	6	9
5	281	2	10
5	282	10	1
5	283	3	9
5	284	3	8
5	285	3	2
5	286	6	10
5	287	1	3
6	288	5	10
6	289	10	7
6	290	5	6
6	291	3	4
6	292	6	5
6	293	5	7
6	294	3	1
6	295	8	10
6	296	4	6
6	297	6	7
6	298	4	6
6	299	2	3
6	300	3	9
6	301	4	1
6	302	4	2
6	303	7	6
6	304	1	3
6	305	3	7
6	306	6	9
6	307	5	2
6	308	9	3
6	309	6	8
6	310	2	6
6	311	9	5
6	312	7	1
6	313	2	7
6	314	5	2
6	315	3	6
6	316	2	7
6	317	6	4
6	318	3	7
6	319	5	10
6	320	3	2
6	321	10	8
6	322	7	10
6	323	2	1
6	324	3	4
6	325	3	10
6	326	9	2
6	327	8	5
6	328	1	8
6	329	9	10
6	330	3	8
6	8	7	8
6	331	7	1
6	332	9	2
6	333	1	4
6	334	5	8
6	335	10	4
6	336	1	5
6	337	1	5
6	10	6	3
6	338	9	4
6	339	6	8
6	340	9	6
6	341	9	5
6	342	10	5
6	343	2	10
6	344	6	10
6	345	6	9
6	346	8	9
6	347	4	2
6	348	8	9
6	349	7	1
6	350	7	8
6	351	5	1
6	14	9	10
6	352	9	4
6	353	4	10
6	354	6	10
6	355	5	6
6	356	3	2
6	357	2	4
6	358	8	6
6	179	3	7
6	359	2	10
6	360	4	6
6	361	8	5
6	362	8	3
6	363	5	6
6	364	6	5
6	239	3	9
6	365	1	5
6	366	3	6
6	367	10	8
6	368	5	10
6	369	6	10
6	22	7	2
6	370	2	6
6	371	10	5
6	372	3	7
6	373	7	5
6	374	8	4
6	375	2	3
6	376	8	7
6	377	2	3
6	378	7	6
6	379	5	6
6	380	7	2
6	381	7	1
6	382	6	3
6	383	6	2
6	384	7	9
6	242	6	1
6	385	6	9
6	386	1	7
6	387	2	10
6	388	5	6
6	389	4	5
6	390	5	4
6	391	6	1
6	33	9	2
6	392	4	6
6	393	6	2
6	394	9	3
6	395	3	6
6	396	2	8
6	397	6	10
6	398	10	5
6	399	9	3
6	400	10	1
6	401	10	2
6	402	4	10
6	403	1	7
6	404	6	7
6	405	1	4
6	406	1	4
6	407	9	2
6	408	4	6
6	42	10	9
6	409	3	4
6	410	3	9
6	411	5	1
6	412	1	8
6	413	2	8
6	414	5	6
6	415	1	4
6	416	3	8
6	43	2	6
6	417	3	8
6	418	3	10
6	419	1	5
6	420	2	7
6	421	10	8
6	422	2	1
6	423	8	4
6	424	5	1
6	425	6	4
6	426	8	2
6	427	3	1
6	428	8	3
6	429	6	2
6	430	6	1
6	431	10	6
6	432	9	4
6	433	5	1
6	434	6	1
6	435	9	6
6	436	9	10
6	437	8	9
6	438	4	3
6	439	7	5
6	440	4	9
6	441	5	6
6	442	8	5
6	443	10	6
6	444	8	5
6	445	4	7
6	446	7	6
6	447	2	6
6	448	3	8
6	449	2	9
6	450	7	6
6	451	9	6
7	452	5	7
7	453	3	7
7	454	8	6
7	455	10	9
7	456	8	4
7	457	6	9
7	458	5	7
7	459	1	7
7	460	4	3
7	461	1	6
7	462	3	9
7	463	4	8
7	464	10	6
7	33	10	3
7	465	5	3
7	466	9	4
7	467	5	3
7	56	6	7
7	468	9	3
7	469	3	2
7	470	5	3
7	471	1	9
8	472	7	5
8	473	5	10
8	474	8	5
8	475	8	10
8	476	4	7
8	477	8	6
8	478	2	9
8	479	2	1
8	480	4	9
8	481	5	4
8	482	6	1
8	483	4	7
8	484	10	8
8	485	10	2
8	486	4	5
8	487	3	9
8	488	10	3
8	489	9	4
8	490	3	8
8	491	5	6
8	492	10	6
8	493	3	4
8	494	5	4
8	221	5	1
8	495	7	2
8	496	6	1
8	497	9	1
8	498	4	7
8	499	4	2
8	500	3	6
8	501	7	1
8	502	9	5
8	503	4	7
8	504	8	4
8	505	10	7
8	506	8	2
8	507	8	4
8	508	10	5
8	509	9	6
8	510	1	10
8	511	5	10
8	512	3	1
8	13	10	6
8	513	1	7
8	514	9	2
8	515	4	1
8	516	4	5
8	517	10	3
8	518	6	4
8	356	2	7
8	519	2	5
8	520	9	4
8	521	6	9
8	522	10	9
8	523	9	8
8	524	5	1
8	525	10	9
8	526	1	9
8	527	6	4
8	528	2	3
8	529	5	1
8	530	4	9
8	531	2	5
8	532	4	9
8	533	10	8
8	534	4	8
8	535	7	9
8	536	4	5
8	373	10	4
8	537	2	8
8	538	2	3
8	539	5	8
8	540	8	5
8	541	2	3
8	542	10	2
8	543	3	2
8	544	6	5
8	545	2	7
8	546	2	4
8	244	10	6
8	547	4	1
8	548	1	5
8	549	6	5
8	550	7	9
8	551	10	1
8	552	9	3
8	553	10	8
8	554	8	1
8	555	9	1
8	556	2	4
8	557	4	8
8	558	1	8
8	559	8	6
8	560	7	10
8	400	9	6
8	561	1	9
8	562	6	4
8	563	6	10
8	564	2	3
8	565	8	1
8	566	10	3
8	567	9	6
8	568	2	3
8	569	3	9
8	570	1	2
8	571	9	3
8	572	1	4
8	573	8	6
8	574	10	8
8	575	10	7
8	255	3	6
8	576	3	7
8	577	4	6
8	578	3	6
8	579	8	7
8	580	10	1
8	581	1	9
8	582	1	5
8	583	3	1
8	584	6	8
8	585	6	10
8	586	10	9
8	587	7	2
8	588	8	7
8	423	7	2
8	589	8	6
8	590	2	3
8	591	1	10
8	592	2	8
8	593	4	7
8	594	8	6
8	595	6	5
8	596	4	8
8	597	7	5
8	598	8	1
8	599	5	4
8	600	3	10
8	601	5	6
8	602	1	5
8	603	1	4
8	604	6	10
8	605	7	9
8	606	8	7
8	607	6	8
8	608	8	9
8	609	2	3
8	610	4	7
8	611	3	7
8	55	7	9
8	612	10	4
8	613	8	2
8	614	3	6
8	615	7	2
8	616	4	9
8	617	2	4
8	618	8	2
8	60	8	3
8	619	9	10
8	620	10	5
8	621	5	2
8	622	8	3
8	623	1	8
8	624	8	2
8	625	5	6
8	626	1	9
8	627	4	9
8	628	8	9
8	629	1	6
8	69	4	1
8	630	4	3
8	631	7	5
9	632	2	10
9	633	5	4
9	634	1	3
9	635	5	4
9	636	2	5
9	637	6	2
9	638	4	6
9	639	7	10
9	640	7	4
9	641	9	8
9	642	3	1
9	643	10	6
9	644	3	4
9	645	10	9
9	646	8	5
9	647	5	2
9	648	6	9
9	649	5	6
9	650	5	7
9	651	1	2
9	652	1	5
9	653	1	5
9	654	4	1
9	655	7	6
9	656	5	4
9	657	8	6
9	658	9	1
9	659	2	8
9	660	8	5
9	661	2	1
9	662	10	4
9	663	7	3
9	664	7	1
9	665	6	10
9	666	1	3
9	667	7	1
9	668	7	8
9	669	4	3
9	670	6	2
9	671	8	1
9	672	1	10
9	673	5	4
9	674	3	5
9	675	9	6
9	676	10	1
9	677	7	3
9	678	2	10
9	679	10	9
9	680	1	2
9	681	7	2
9	682	4	9
9	683	10	5
9	684	2	6
9	685	7	1
9	686	5	6
9	172	7	8
9	687	4	7
9	688	3	9
9	689	4	6
9	690	1	7
9	691	8	7
9	692	9	2
9	693	3	1
9	694	5	3
9	695	8	9
9	696	5	10
9	697	9	4
9	698	10	4
9	699	8	5
9	700	10	1
9	701	3	10
9	702	10	4
9	703	1	5
9	704	7	1
9	705	8	10
9	706	7	1
9	707	7	4
9	708	1	10
9	709	5	8
9	710	9	6
9	711	8	9
9	712	5	2
9	713	8	3
9	714	10	6
9	715	8	5
9	716	3	9
9	717	5	4
9	718	3	8
9	719	1	5
9	720	10	4
9	721	10	7
9	722	10	5
9	723	8	3
9	724	6	4
9	725	6	9
9	726	8	4
9	727	7	9
9	728	4	7
9	495	2	5
9	729	8	10
9	730	7	6
9	731	8	4
9	732	5	6
9	733	8	2
9	734	2	7
9	735	7	5
9	736	9	10
9	737	4	3
9	738	7	8
9	739	10	7
9	740	4	1
9	741	5	8
9	742	2	9
9	743	5	7
9	744	7	2
9	745	9	6
9	746	2	1
9	747	8	2
9	748	10	7
9	749	9	6
9	750	3	9
9	751	7	2
9	752	7	10
9	753	7	5
9	754	1	6
9	755	8	10
9	756	8	2
9	757	4	3
9	758	5	6
9	759	5	3
9	502	6	10
9	760	8	4
9	761	4	8
9	762	7	3
9	763	4	8
9	764	6	5
9	765	2	6
9	766	8	1
9	767	1	3
9	768	4	9
9	769	8	4
9	770	9	7
9	771	5	9
9	772	9	4
9	773	6	10
9	774	5	2
9	775	10	2
9	776	9	4
9	777	3	2
9	778	7	2
9	779	7	2
9	780	3	9
9	336	6	5
9	781	9	7
9	782	1	9
9	783	5	9
9	784	3	10
9	785	9	2
9	786	9	5
9	787	10	6
9	788	8	1
9	789	5	2
9	790	6	3
9	791	9	6
9	792	2	1
9	793	8	4
9	794	9	8
9	795	1	8
9	796	10	5
9	797	6	2
9	798	3	2
9	799	10	4
9	800	10	6
9	801	7	3
9	802	10	5
9	803	10	5
9	804	6	3
9	805	5	1
9	806	4	5
9	807	4	2
9	808	8	2
9	809	6	8
9	810	6	7
9	811	4	9
9	812	4	10
9	813	6	2
9	814	4	10
9	815	2	4
9	816	1	9
9	817	1	8
9	818	8	7
9	819	1	10
9	820	7	3
9	821	3	8
9	822	10	9
9	823	7	5
9	233	6	4
9	824	7	2
9	825	4	1
9	517	10	8
9	826	8	3
9	827	4	8
9	828	5	8
9	829	5	4
9	830	10	5
9	831	4	5
9	832	6	1
9	833	2	1
9	834	3	4
9	835	8	10
9	836	10	2
9	837	1	3
9	838	10	9
9	839	9	2
9	840	7	1
9	841	8	10
9	842	3	1
9	843	3	4
9	844	5	9
9	845	2	8
9	846	8	9
9	847	10	1
9	848	6	1
9	849	10	5
9	850	7	3
9	851	7	3
9	852	2	5
9	853	2	8
9	854	10	2
9	855	9	1
9	856	6	3
9	857	10	5
9	858	8	5
9	859	7	5
9	860	1	5
9	861	10	8
9	862	10	1
9	863	6	7
9	864	2	5
9	239	2	3
9	865	7	9
9	866	3	4
9	867	7	4
9	868	3	6
9	869	3	10
9	870	2	6
9	871	5	8
9	872	6	10
9	873	10	9
9	874	7	4
9	875	1	10
9	876	7	8
9	877	6	8
9	878	4	6
9	879	3	10
9	880	7	6
9	881	2	3
9	882	1	8
9	883	2	7
9	884	9	5
9	885	10	6
9	886	7	3
9	887	3	4
9	888	1	7
9	889	1	2
9	890	7	8
9	891	3	10
9	892	4	7
9	893	5	8
9	894	5	10
9	895	10	6
9	896	10	1
9	897	2	7
9	898	3	6
9	899	3	10
9	900	2	5
9	901	7	8
9	902	5	8
9	903	10	7
9	904	1	4
9	905	2	7
9	906	10	8
9	907	7	2
9	908	3	1
9	909	8	7
9	910	7	2
9	911	10	8
9	912	1	10
9	242	5	1
9	913	7	2
9	914	3	7
9	915	10	9
9	916	1	8
9	917	8	4
9	918	2	8
9	919	3	2
9	920	7	2
9	921	3	6
9	922	5	9
9	923	4	7
9	924	5	10
9	925	6	1
9	926	1	4
9	927	7	10
9	928	7	5
9	929	6	8
9	930	2	9
9	931	3	7
9	932	6	1
9	933	3	10
9	934	8	10
9	33	3	4
9	935	7	9
9	936	3	1
9	937	4	7
9	938	4	7
9	939	1	3
9	940	3	5
9	941	10	2
9	942	8	10
9	943	6	1
9	944	3	4
9	945	3	9
9	946	3	10
9	947	2	8
9	948	3	5
9	949	3	4
9	950	4	8
9	951	9	1
9	952	6	2
9	953	10	3
9	954	2	10
9	955	3	6
9	956	10	1
9	957	1	5
9	958	9	3
9	959	9	2
9	960	5	3
9	961	5	4
9	962	4	3
9	963	3	1
9	964	2	6
9	965	7	4
9	966	4	6
9	967	5	4
9	968	4	3
9	969	7	9
9	970	1	7
9	971	1	10
9	972	3	6
9	973	3	8
9	974	1	6
9	975	3	7
9	976	7	2
9	977	6	1
9	978	4	6
9	979	9	1
9	980	10	1
9	981	9	4
9	982	8	9
9	983	6	5
9	984	5	9
9	255	1	4
9	985	8	3
9	986	6	8
9	987	8	5
9	988	6	4
9	989	4	1
9	990	6	7
9	991	1	7
9	992	5	7
9	993	9	6
9	994	5	10
9	995	2	8
9	996	9	6
9	997	1	8
9	998	9	2
9	999	10	4
9	1000	6	2
9	1001	3	4
9	1002	9	1
9	1003	1	10
9	1004	9	7
9	1005	7	4
9	1006	1	10
9	1007	2	6
9	1008	9	6
9	1009	8	4
9	1010	9	10
9	1011	1	4
9	1012	5	7
9	1013	8	1
9	1014	2	1
9	1015	9	3
9	1016	3	5
9	1017	10	3
9	1018	9	4
9	1019	7	6
9	1020	10	5
9	1021	7	8
9	1022	9	10
9	1023	2	3
9	1024	8	7
9	1025	3	2
9	1026	9	10
9	1027	5	10
9	1028	8	4
9	1029	3	7
9	1030	3	7
9	1031	5	10
9	51	10	4
9	1032	6	9
9	1033	5	9
9	1034	1	8
9	1035	1	5
9	1036	2	3
9	1037	1	9
9	1038	4	1
9	1039	4	9
9	1040	1	10
9	1041	7	5
9	1042	9	8
9	1043	10	4
9	1044	9	8
9	1045	5	2
9	1046	5	8
9	1047	2	8
9	1048	9	7
9	1049	2	6
9	1050	1	5
9	1051	1	2
9	1052	8	9
9	1053	8	3
10	1054	1	4
10	1055	3	2
10	1056	4	9
10	1057	4	3
10	1058	7	8
10	1059	9	8
10	1060	9	10
10	295	2	8
10	1061	1	6
10	1062	2	1
10	1063	4	8
10	1064	1	5
10	1065	2	9
10	1066	5	9
10	1067	1	6
10	1068	3	7
10	1069	2	3
10	1070	2	8
10	1071	2	10
10	1072	6	1
10	1073	7	3
10	1074	2	1
10	1075	10	2
10	299	8	1
10	1076	3	9
10	1077	5	7
10	1078	3	8
10	1079	8	7
10	1080	7	5
10	1081	3	6
10	1082	10	1
10	1083	9	7
10	1084	2	3
10	1085	8	10
10	1086	3	2
10	1087	6	8
10	1088	7	10
10	1089	6	2
10	1090	7	6
10	1091	10	5
10	1092	2	1
10	1093	6	5
10	1094	6	5
10	1095	10	6
10	1096	2	4
10	1097	9	6
10	1098	6	4
10	1099	3	4
10	1100	1	6
10	1101	7	10
10	1102	7	6
10	1103	6	2
10	1104	5	9
10	1105	9	2
10	1106	4	9
10	1107	1	5
10	1108	10	4
10	1109	1	2
10	1110	10	8
10	1111	5	10
10	1112	4	5
10	1113	5	9
10	1114	3	4
10	1115	3	10
10	1116	8	5
10	1117	9	6
10	1118	10	6
10	1119	1	5
10	1120	5	10
10	1121	7	5
10	1122	8	1
10	1123	2	7
10	1124	8	6
10	1125	7	3
10	321	3	2
10	222	9	4
10	1126	5	6
10	1127	4	3
10	1128	2	3
10	1129	6	2
10	1130	9	5
10	1131	5	7
10	1132	6	10
10	1133	9	8
10	1134	4	10
10	1135	1	3
10	120	1	5
10	1136	2	4
10	1137	2	1
10	1138	10	2
10	1139	1	4
10	1140	1	2
10	1141	2	4
10	1142	8	6
10	1143	1	8
10	1144	6	2
10	1145	7	6
10	1146	10	2
10	1147	1	2
10	1148	9	1
10	1149	6	1
10	1150	1	10
10	1151	3	10
10	1152	6	8
10	1153	6	9
10	1154	10	8
10	1155	4	1
10	1156	9	2
10	1157	1	9
10	1158	9	4
10	1159	2	1
10	1160	9	1
10	1161	7	3
10	1162	6	7
10	1163	4	8
10	1164	9	8
10	1165	7	10
10	1166	7	5
10	1167	6	3
10	1168	5	8
10	1169	6	1
10	1170	5	9
10	1171	2	9
10	1172	2	4
10	1173	9	3
10	1174	8	9
10	1175	8	9
10	1176	9	5
10	1177	1	8
10	1178	9	2
10	1179	9	8
10	1180	8	9
10	1181	3	10
10	350	4	10
10	1182	4	6
10	1183	3	1
10	351	7	4
10	1184	4	8
10	1185	5	1
10	1186	3	5
10	1187	10	2
10	1188	6	3
10	1189	10	9
10	1190	8	1
10	1191	8	10
10	1192	4	10
10	1193	1	9
10	1194	9	8
10	1195	6	8
10	1196	6	10
10	1197	2	5
10	1198	4	9
10	1199	3	7
10	1200	6	4
10	1201	7	9
10	1202	2	8
10	16	3	5
10	1203	8	3
10	1204	5	1
10	1205	4	5
10	1206	3	7
10	1207	2	6
10	238	6	10
10	1208	6	2
10	1209	6	9
10	1210	5	4
10	1211	6	8
10	1212	2	1
10	1213	9	1
10	1214	8	7
10	1215	7	4
10	1216	9	1
10	367	4	10
10	1217	8	3
10	1218	6	3
10	23	8	4
10	1219	8	4
10	1220	9	4
10	1221	5	2
10	1222	1	6
10	1223	4	3
10	1224	10	2
10	1225	4	7
10	1226	5	3
10	1227	3	10
10	1228	2	10
10	1229	7	5
10	1230	2	8
10	1231	4	8
10	1232	9	6
10	1233	5	9
10	1234	10	6
10	1235	3	6
10	1236	3	7
10	28	1	4
10	1237	4	7
10	1238	1	2
10	1239	3	10
10	1240	8	2
10	1241	1	10
10	1242	4	10
10	1243	1	2
10	1244	8	3
10	1245	5	4
10	1246	10	3
10	1247	8	3
10	1248	1	7
10	1249	10	7
10	1250	5	9
10	1251	1	8
10	1252	3	6
10	1253	2	8
10	1254	7	9
10	248	7	6
10	1255	9	8
10	1256	5	10
10	1257	5	6
10	1258	7	3
10	1259	10	9
10	1260	9	3
10	1261	9	2
10	1262	7	5
10	1263	6	7
10	1264	7	6
10	1265	1	7
10	1266	1	9
10	1267	2	8
10	1268	8	2
10	1269	9	10
10	1270	10	1
10	1271	7	1
10	39	8	9
10	1272	3	7
10	1273	5	10
10	1274	5	9
10	1275	3	7
10	1276	5	6
10	1277	6	9
10	1278	4	6
10	1279	10	7
10	1280	1	8
10	1281	7	6
10	1282	2	10
10	1283	4	1
10	1284	8	6
10	1285	4	7
10	1286	10	6
10	1287	10	6
10	1288	7	2
10	1289	8	10
10	1290	4	1
10	1291	2	5
10	1292	4	9
10	1293	8	9
10	44	6	9
10	1294	6	8
10	1295	2	5
10	417	2	7
10	1296	7	2
10	1297	2	6
10	1298	6	5
10	1299	10	9
10	1300	10	8
10	1301	3	8
10	1302	7	4
10	1303	9	1
10	1304	5	1
10	1305	6	5
10	1306	9	1
10	1307	6	1
10	1308	4	8
10	427	1	7
10	1309	3	6
10	1310	9	10
10	1311	10	6
10	1312	8	9
10	1313	5	3
10	1314	7	2
10	1315	2	4
10	1316	8	4
10	1317	2	4
10	1318	2	8
10	1319	2	4
10	1320	3	8
10	1321	8	4
10	1322	9	5
10	1323	5	2
10	1324	3	2
10	1325	1	3
10	1326	6	4
10	1327	6	5
10	1328	4	9
10	1329	2	7
10	1330	4	7
10	1331	7	4
10	1332	5	10
10	1333	5	6
10	1334	6	5
10	444	6	9
10	1335	10	3
10	1336	6	9
10	1337	10	2
10	1338	1	8
10	1339	2	1
10	1340	5	4
10	1341	4	1
10	1342	5	9
10	69	9	1
11	1343	3	9
11	1344	9	8
11	1345	3	1
11	1346	1	3
11	1347	5	7
11	1348	3	10
11	1349	9	7
11	1350	3	1
11	1351	2	10
11	1352	7	2
11	1353	7	4
11	1354	8	7
11	1355	6	3
11	1356	4	6
11	1357	6	5
11	1358	7	9
11	1359	6	7
11	1360	3	1
11	1361	4	7
11	1362	10	7
11	1363	10	9
11	1364	4	9
11	1365	10	8
11	1366	8	3
11	1367	9	10
11	1368	5	4
11	1369	3	5
11	1370	9	7
11	1371	4	6
11	1372	7	10
11	1373	4	8
11	1374	6	1
11	1375	10	6
11	1376	9	8
11	1377	9	10
11	1378	2	5
11	1379	9	6
11	1380	3	6
11	18	9	6
11	1381	8	2
11	1382	9	7
11	1383	7	3
11	1384	7	6
11	1385	8	6
11	1386	4	8
11	1387	1	8
11	1388	2	8
11	1389	3	10
11	1390	8	6
11	1391	5	8
11	894	1	2
11	1392	2	3
11	1393	8	9
11	1394	4	5
11	1395	9	3
11	1396	10	1
11	1397	7	2
11	1398	1	9
11	1399	8	7
11	1400	1	9
11	1401	8	10
11	1402	3	1
11	1403	4	2
11	1404	4	2
11	1405	8	2
11	1406	2	1
11	1407	4	7
11	1408	3	4
11	1409	1	4
11	1410	5	1
11	1411	2	5
11	1412	9	2
11	1413	3	2
11	1414	10	3
11	1415	9	4
11	1416	10	6
11	1417	6	7
11	1418	9	10
11	1419	8	2
11	1420	6	7
11	1421	6	8
11	1422	4	8
11	1423	4	7
11	1424	2	9
11	1425	5	3
11	1426	6	9
11	1427	1	9
11	1428	7	6
11	1429	9	8
11	192	1	5
11	46	10	9
11	1430	3	4
11	1431	7	10
11	1432	4	3
11	1433	6	7
11	1434	5	6
11	1435	1	9
11	1436	2	4
11	1437	7	5
11	1438	8	9
11	1439	4	7
11	54	7	3
11	1440	10	8
11	1441	6	9
11	1442	10	7
11	1443	1	3
11	1444	5	10
11	1445	4	7
11	1446	3	10
11	1447	2	3
11	1448	1	4
11	1449	1	5
11	1450	1	5
11	1451	1	7
11	1452	10	3
11	1453	1	2
11	1454	6	1
11	1455	9	6
11	1456	7	9
11	70	4	6
11	1457	3	9
11	1458	8	4
11	1459	8	2
11	1460	7	4
11	1461	6	10
12	1462	9	5
12	1463	10	6
12	1464	9	6
12	172	6	9
12	1465	5	8
12	1466	6	4
12	1091	1	7
12	1467	5	8
12	703	9	8
12	493	10	3
12	1468	3	8
12	1469	7	9
12	1470	10	8
12	1471	5	9
12	1472	5	10
12	735	5	10
12	1357	2	4
12	1473	8	1
12	1474	1	6
12	1475	5	8
12	1476	3	9
12	508	4	7
12	1182	2	7
12	1477	6	2
12	516	1	5
12	1478	9	4
12	1479	9	7
12	1480	7	4
12	1481	1	5
12	1482	3	8
12	1483	3	7
12	1484	8	3
12	1485	3	2
12	1486	1	4
12	25	9	8
12	1487	6	7
12	1488	5	1
12	1489	4	9
12	1490	4	6
12	1491	4	9
12	1492	1	4
12	545	2	4
12	1493	3	9
12	1494	3	8
12	1495	3	2
12	1496	7	8
12	1497	8	3
12	1498	4	8
12	1499	1	7
12	1500	2	6
12	1501	3	5
12	1502	2	8
12	1503	9	8
12	562	8	1
12	1504	2	3
12	1505	4	2
12	1506	9	5
12	1507	10	4
12	1508	7	9
12	1509	9	1
12	1510	5	10
12	1511	4	1
12	1512	9	1
12	1513	3	1
12	1514	3	1
12	1515	9	8
12	1516	5	1
12	1517	5	1
12	1518	9	8
12	583	4	8
12	1519	9	2
12	1520	9	1
12	1521	4	8
12	1522	3	2
12	1523	9	7
12	1524	8	9
12	1525	8	7
12	49	10	9
12	1526	5	1
12	1527	7	9
12	599	2	1
12	1528	10	2
12	1529	1	6
12	1530	1	6
12	608	4	8
12	1531	6	5
12	1532	2	10
12	1533	9	2
12	1534	6	4
12	1535	9	3
12	1536	10	7
12	1537	1	9
12	1538	3	5
12	60	3	8
12	1539	10	3
12	1445	8	2
12	1540	1	10
12	1541	3	5
12	1542	2	3
12	1543	8	7
12	1544	9	1
12	1545	4	3
12	1546	5	1
12	1547	7	3
12	1548	2	6
12	1549	10	9
12	1550	7	10
12	1551	3	10
12	1552	5	4
12	1553	6	8
12	1554	8	7
12	1555	7	4
12	1556	3	7
12	1557	4	1
12	1558	2	4
12	1559	7	2
12	1560	6	10
12	1561	10	6
12	1562	8	9
12	1563	4	9
12	1564	7	9
12	1565	10	4
12	1566	2	9
12	1567	3	2
12	1568	10	2
12	1342	5	2
12	1569	9	4
12	1570	5	7
12	1571	3	7
12	1572	5	3
12	1573	10	5
12	1574	10	7
12	1575	8	6
12	1576	3	1
13	207	4	10
13	1577	5	9
13	1578	2	7
13	1579	4	8
13	1580	7	4
13	1581	2	4
13	1582	10	4
13	743	8	2
13	1357	6	2
13	1583	8	7
13	1584	4	10
13	1585	2	8
13	1586	5	9
13	1587	4	7
13	1588	8	1
13	179	9	8
13	1589	2	7
13	1590	4	8
13	1591	7	3
13	1592	9	8
13	1593	8	3
13	1594	6	10
13	1595	4	5
13	1596	1	4
13	1597	6	7
13	1598	4	8
13	1599	7	3
13	33	9	2
13	1600	6	4
13	401	4	7
13	42	1	5
13	1601	9	5
13	1602	2	10
13	192	8	7
13	1603	2	1
13	1604	7	3
13	1438	2	6
13	1605	3	4
13	1606	9	5
13	1607	3	5
13	1608	7	1
13	1609	8	1
13	1610	9	4
13	1611	3	8
13	1612	10	5
13	1613	2	10
14	1614	2	1
14	1615	4	5
14	1616	7	2
14	1617	3	4
14	1618	8	3
14	1619	4	3
14	1620	2	1
14	1621	8	2
14	1622	9	8
14	1623	8	7
14	1624	7	3
14	1625	7	1
14	1626	7	6
14	1627	10	7
14	1628	1	8
14	1629	4	6
14	1630	9	1
14	1631	9	7
14	1632	2	5
14	1633	7	9
14	1634	10	4
14	1635	10	9
14	1636	8	5
14	1637	1	2
14	1357	1	2
14	1638	8	4
14	1639	4	5
14	1640	3	6
14	1641	3	10
14	1642	1	4
14	1643	3	1
14	1644	7	1
14	1645	9	8
14	1646	6	9
14	1647	9	8
14	1648	5	10
14	1649	6	5
14	1650	8	10
14	1651	7	1
14	1652	1	4
14	1653	7	3
14	1654	1	8
14	1655	4	2
14	1656	7	5
14	1657	8	6
14	1658	3	9
14	1659	4	1
14	1660	5	9
14	1661	8	7
14	1662	10	6
14	1663	8	6
14	1664	5	6
14	1665	6	4
14	1666	4	9
14	16	4	9
14	1667	7	4
14	1668	1	3
14	179	6	10
14	1669	9	6
14	1670	6	10
14	1671	4	6
14	1672	1	9
14	1673	6	10
14	868	7	5
14	1674	7	6
14	1675	7	3
14	1676	5	9
14	20	8	6
14	1677	9	3
14	1678	8	10
14	1679	1	7
14	1680	9	4
14	1681	5	2
14	1682	9	3
14	1683	10	9
14	1684	8	4
14	1685	1	4
14	1686	4	9
14	1687	10	1
14	1688	8	5
14	895	6	3
14	1689	2	6
14	1690	4	10
14	1691	4	1
14	1692	5	4
14	1693	8	5
14	1694	9	5
14	1695	9	5
14	1696	10	5
14	1697	1	10
14	1698	4	2
14	1699	3	2
14	1700	4	6
14	1701	9	1
14	1702	1	4
14	1703	3	1
14	26	8	10
14	1704	1	4
14	1705	1	6
14	1706	9	6
14	1707	10	9
14	1708	9	5
14	1709	8	4
14	1710	1	10
14	1711	8	3
14	1712	5	9
14	1713	4	7
14	1714	9	1
14	1715	3	2
14	1716	6	7
14	1717	8	9
14	1718	1	9
14	1719	6	5
14	1720	7	4
14	1721	10	7
14	1722	7	4
14	1723	1	6
14	1724	9	6
14	1725	2	8
14	1726	5	10
14	1727	5	1
14	1728	1	5
14	1729	9	1
14	1730	5	2
14	1731	9	8
14	1732	10	2
14	1733	6	9
14	1734	1	3
14	1735	3	6
14	1736	2	5
14	1737	1	2
14	1738	3	7
14	1739	4	3
14	1740	6	3
14	1741	3	8
14	1742	1	6
14	1743	2	4
14	1744	1	8
14	1745	2	1
14	1746	2	8
14	1747	7	3
14	1748	7	2
14	1749	8	4
14	1750	7	10
14	1751	10	4
14	1752	2	9
14	1753	4	2
14	1754	2	8
14	1755	3	5
14	1756	4	2
14	1757	9	3
14	1758	10	6
14	1759	8	6
14	1760	3	5
14	1761	4	8
14	1762	1	3
14	1763	3	8
14	1764	3	6
14	1765	7	10
14	1766	7	6
14	1767	3	8
14	1768	7	3
14	1769	10	4
14	1770	5	4
14	1771	4	10
14	1772	8	10
14	1773	6	10
14	1774	7	9
14	1775	7	6
14	1776	1	10
14	1777	1	3
14	1778	3	10
14	1779	8	5
14	1780	9	1
14	1781	8	1
14	1782	2	10
14	1783	1	9
14	1784	5	3
14	1785	10	2
14	1786	7	8
14	1787	9	6
14	1788	10	6
14	1789	5	10
14	1790	1	4
14	1791	6	2
14	1792	5	10
14	1793	6	5
14	1794	4	9
14	1795	6	8
14	1796	6	9
14	1797	8	3
14	1798	6	2
14	1799	6	10
14	1800	7	3
14	1801	3	2
14	1802	5	9
14	1803	5	3
14	1804	4	2
14	1805	9	1
14	1806	3	4
14	1807	5	2
14	1808	9	5
14	1809	10	2
14	1810	4	10
14	1811	10	1
14	1812	4	8
14	1813	4	1
14	1814	1	2
14	69	8	1
14	1815	7	3
14	1816	9	6
15	1817	5	2
15	1578	6	7
15	1818	1	5
15	482	1	9
15	1819	7	6
15	1820	5	10
15	1821	8	4
15	1110	1	6
15	313	5	8
15	1822	6	7
15	1823	5	1
15	495	8	9
15	1824	4	3
15	1825	6	7
15	1826	6	9
15	1827	3	7
15	1828	2	6
15	1829	2	5
15	1830	8	3
15	1831	8	5
15	1832	1	7
15	1833	7	5
15	1651	4	3
15	1834	1	9
15	1835	1	7
15	1836	5	1
15	1837	6	2
15	1838	3	5
15	1839	2	9
15	1840	6	7
15	1841	8	4
15	1842	8	1
15	1843	8	2
15	1844	1	9
15	1845	9	6
15	1846	1	5
15	1847	2	9
15	1848	7	5
15	1849	7	5
15	1850	4	3
15	1851	7	10
15	1852	4	7
15	1853	7	5
15	1854	6	10
15	20	3	5
15	1855	3	5
15	531	6	7
15	1856	8	1
15	1857	3	9
15	1858	5	7
15	1859	6	1
15	1860	4	10
15	1861	6	7
15	1862	7	5
15	1863	6	4
15	1864	2	7
15	1865	3	7
15	1866	5	3
15	1867	7	9
15	1868	7	10
15	1869	1	2
15	1870	8	9
15	1228	2	5
15	1871	9	5
15	1872	6	4
15	1873	10	2
15	1874	2	5
15	1705	9	4
15	1875	4	1
15	1876	2	10
15	27	1	2
15	543	7	3
15	1877	5	10
15	1878	7	5
15	1879	1	6
15	1880	7	6
15	1881	9	5
15	1882	4	5
15	1883	6	4
15	1884	7	4
15	1885	8	1
15	1886	10	5
15	1887	2	10
15	1888	5	9
15	1889	4	3
15	1890	2	5
15	1747	3	1
15	1503	8	7
15	958	8	3
15	963	3	6
15	1891	3	9
15	1892	3	8
15	38	5	6
15	1893	5	3
15	1894	3	6
15	1895	10	9
15	1896	4	7
15	974	6	9
15	1897	7	6
15	1898	10	3
15	1899	9	10
15	575	3	6
15	1900	7	5
15	1901	8	2
15	1902	1	2
15	1903	2	5
15	1904	3	5
15	1905	2	3
15	1906	8	9
15	1907	3	8
15	1908	3	6
15	1909	8	9
15	1910	6	10
15	1911	6	2
15	1912	1	10
15	1913	7	3
15	1914	8	9
15	1915	2	4
15	1916	7	1
15	1917	4	10
15	1918	3	2
15	1919	10	1
15	1920	3	10
15	582	7	4
15	586	1	8
15	1921	6	2
15	1922	7	8
15	1923	7	6
15	1924	10	2
15	1925	2	8
15	1926	2	7
15	1927	4	6
15	1928	9	7
15	1929	2	4
15	1930	9	8
15	1931	2	10
15	1932	7	1
15	1933	10	5
15	1934	6	4
15	1935	9	7
15	1936	5	10
15	1937	8	7
15	1938	10	1
15	1939	9	7
15	1940	4	1
15	1941	10	7
15	1942	8	1
15	1943	5	3
15	1944	5	8
15	1945	7	8
15	606	5	8
15	1034	6	9
15	1946	10	5
15	1947	10	7
15	1948	8	9
15	1949	2	6
15	1950	8	7
15	1951	4	10
15	1952	7	2
15	1953	4	9
15	1954	4	5
15	1955	3	4
15	1956	10	4
15	1957	9	3
15	1958	7	3
15	1959	4	8
15	1960	5	4
15	1961	8	6
15	1962	6	2
15	616	7	5
15	1328	8	10
15	1963	7	9
15	1964	4	1
15	1965	7	4
15	1966	2	8
15	1967	10	1
15	1968	9	1
15	1969	10	1
15	1970	1	8
15	1971	1	7
15	1972	4	3
15	1973	2	9
15	1974	3	5
16	1975	3	10
16	1055	2	10
16	1057	2	9
16	1976	4	10
16	295	9	1
16	1062	4	9
16	1977	6	3
16	1978	5	7
16	1979	8	7
16	1345	4	1
16	1980	7	4
16	1981	9	4
16	1982	1	8
16	1983	8	2
16	1984	2	3
16	1071	4	8
16	1073	6	9
16	299	6	4
16	1985	9	4
16	1986	8	6
16	1987	5	6
16	1988	10	9
16	1989	10	6
16	1990	6	8
16	1991	10	4
16	1992	2	7
16	1093	5	7
16	1993	5	9
16	1097	7	9
16	1994	8	9
16	1995	7	3
16	1996	2	8
16	1997	5	8
16	1998	6	2
16	1109	8	5
16	1999	3	1
16	2000	6	5
10	736	-100	-100
10	599	-100	-100
10	1814	-100	-100
10	337	-100	-100
10	209	-100	-100
10	631	-100	-100
10	382	-100	-100
10	530	-100	-100
10	809	-100	-100
10	1846	-100	-100
10	824	-100	-100
10	1994	-100	-100
10	185	-100	-100
10	123	-100	-100
10	626	-100	-100
10	1995	-100	-100
10	1450	-100	-100
10	722	-100	-100
10	703	-100	-100
10	1490	-100	-100
10	1453	-100	-100
10	2	-100	-100
10	494	-100	-100
10	815	-100	-100
10	1756	-100	-100
10	456	-100	-100
10	407	-100	-100
10	737	-100	-100
10	77	-100	-100
10	839	-100	-100
10	167	-100	-100
10	426	-100	-100
10	1962	-100	-100
10	543	-100	-100
10	1806	-100	-100
10	1379	-100	-100
10	512	-100	-100
10	1553	-100	-100
10	848	-100	-100
10	431	-100	-100
10	1475	-100	-100
10	177	-100	-100
10	741	-100	-100
10	1850	-100	-100
10	186	-100	-100
10	1430	-100	-100
10	1795	-100	-100
10	676	-100	-100
10	1796	-100	-100
10	390	-100	-100
10	1401	-100	-100
10	1005	-100	-100
10	1393	-100	-100
10	1604	-100	-100
10	793	-100	-100
10	1552	-100	-100
10	797	-100	-100
10	509	-100	-100
10	533	-100	-100
10	22	-100	-100
10	933	-100	-100
10	823	-100	-100
10	1894	-100	-100
10	602	-100	-100
10	1630	-100	-100
10	965	-100	-100
10	922	-100	-100
10	582	-100	-100
10	323	-100	-100
10	735	-100	-100
10	1853	-100	-100
10	1835	-100	-100
10	96	-100	-100
10	340	-100	-100
10	281	-100	-100
10	237	-100	-100
10	672	-100	-100
10	587	-100	-100
10	706	-100	-100
10	1864	-100	-100
10	1488	-100	-100
10	600	-100	-100
10	294	-100	-100
10	1363	-100	-100
10	307	-100	-100
10	1415	-100	-100
10	1622	-100	-100
10	1438	-100	-100
10	391	-100	-100
10	1921	-100	-100
10	1716	-100	-100
10	1720	-100	-100
10	1678	-100	-100
10	387	-100	-100
10	896	-100	-100
10	505	-100	-100
10	804	-100	-100
10	1344	-100	-100
10	837	-100	-100
10	304	-100	-100
10	1767	-100	-100
10	1938	-100	-100
10	468	-100	-100
10	1409	-100	-100
10	422	-100	-100
10	719	-100	-100
10	1461	-100	-100
10	650	-100	-100
10	1742	-100	-100
10	1839	-100	-100
10	31	-100	-100
10	74	-100	-100
10	2000	-100	-100
10	1451	-100	-100
10	223	-100	-100
10	70	-100	-100
10	409	-100	-100
10	1677	-100	-100
10	825	-100	-100
10	871	-100	-100
10	297	-100	-100
10	1915	-100	-100
10	803	-100	-100
10	148	-100	-100
14	61	-100	-100
14	991	-100	-100
14	95	-100	-100
14	203	-100	-100
14	1214	-100	-100
14	690	-100	-100
14	967	-100	-100
14	902	-100	-100
14	519	-100	-100
14	1247	-100	-100
14	1387	-100	-100
14	758	-100	-100
14	1562	-100	-100
14	756	-100	-100
14	380	-100	-100
14	1318	-100	-100
14	1439	-100	-100
14	1174	-100	-100
14	146	-100	-100
14	1227	-100	-100
14	1594	-100	-100
14	1992	-100	-100
14	1179	-100	-100
14	283	-100	-100
14	1591	-100	-100
14	1461	-100	-100
14	282	-100	-100
14	493	-100	-100
14	909	-100	-100
14	168	-100	-100
14	459	-100	-100
14	1886	-100	-100
14	1462	-100	-100
14	1055	-100	-100
14	1906	-100	-100
14	1995	-100	-100
14	805	-100	-100
14	314	-100	-100
14	22	-100	-100
14	947	-100	-100
14	1338	-100	-100
14	59	-100	-100
14	1984	-100	-100
14	1588	-100	-100
14	49	-100	-100
14	1269	-100	-100
14	1979	-100	-100
14	1853	-100	-100
14	1341	-100	-100
14	161	-100	-100
14	602	-100	-100
14	18	-100	-100
14	1175	-100	-100
14	989	-100	-100
14	988	-100	-100
14	1970	-100	-100
14	267	-100	-100
14	1912	-100	-100
14	461	-100	-100
14	398	-100	-100
14	1900	-100	-100
14	238	-100	-100
14	1833	-100	-100
14	846	-100	-100
14	1043	-100	-100
14	1286	-100	-100
14	1069	-100	-100
14	1561	-100	-100
14	928	-100	-100
14	1515	-100	-100
14	1447	-100	-100
14	1534	-100	-100
14	308	-100	-100
14	1399	-100	-100
14	1609	-100	-100
14	1427	-100	-100
14	619	-100	-100
14	75	-100	-100
14	492	-100	-100
14	751	-100	-100
14	1335	-100	-100
14	1442	-100	-100
14	1366	-100	-100
14	1531	-100	-100
14	1901	-100	-100
14	1301	-100	-100
14	857	-100	-100
14	393	-100	-100
14	1903	-100	-100
14	999	-100	-100
14	1282	-100	-100
14	1241	-100	-100
14	1577	-100	-100
14	190	-100	-100
14	347	-100	-100
14	1854	-100	-100
14	542	-100	-100
14	1034	-100	-100
14	1178	-100	-100
14	512	-100	-100
14	437	-100	-100
14	1304	-100	-100
14	1207	-100	-100
14	427	-100	-100
14	1149	-100	-100
14	645	-100	-100
14	550	-100	-100
14	786	-100	-100
14	389	-100	-100
14	854	-100	-100
14	421	-100	-100
14	945	-100	-100
14	1259	-100	-100
14	1999	-100	-100
14	1511	-100	-100
14	1253	-100	-100
14	1273	-100	-100
14	183	-100	-100
14	995	-100	-100
14	1887	-100	-100
14	935	-100	-100
14	1601	-100	-100
14	439	-100	-100
14	1448	-100	-100
14	491	-100	-100
14	1240	-100	-100
14	392	-100	-100
14	1510	-100	-100
14	1088	-100	-100
14	1374	-100	-100
14	1940	-100	-100
14	1933	-100	-100
14	294	-100	-100
14	226	-100	-100
14	691	-100	-100
14	599	-100	-100
14	1155	-100	-100
14	1138	-100	-100
14	1067	-100	-100
14	843	-100	-100
14	718	-100	-100
14	139	-100	-100
14	710	-100	-100
14	1210	-100	-100
14	108	-100	-100
14	377	-100	-100
14	852	-100	-100
14	265	-100	-100
14	1444	-100	-100
14	1491	-100	-100
14	630	-100	-100
14	53	-100	-100
14	815	-100	-100
14	757	-100	-100
14	1393	-100	-100
14	1923	-100	-100
14	1445	-100	-100
14	744	-100	-100
14	874	-100	-100
14	1323	-100	-100
14	1595	-100	-100
14	1265	-100	-100
14	801	-100	-100
14	1275	-100	-100
14	765	-100	-100
14	215	-100	-100
14	965	-100	-100
14	94	-100	-100
14	780	-100	-100
14	1369	-100	-100
14	817	-100	-100
14	979	-100	-100
14	1169	-100	-100
14	65	-100	-100
14	128	-100	-100
14	1027	-100	-100
14	1910	-100	-100
14	1590	-100	-100
14	742	-100	-100
14	348	-100	-100
14	419	-100	-100
14	892	-100	-100
14	981	-100	-100
14	1378	-100	-100
14	798	-100	-100
14	1021	-100	-100
14	728	-100	-100
14	1414	-100	-100
14	802	-100	-100
14	236	-100	-100
14	447	-100	-100
14	243	-100	-100
14	1327	-100	-100
14	1383	-100	-100
14	620	-100	-100
14	482	-100	-100
14	732	-100	-100
14	135	-100	-100
14	1324	-100	-100
14	311	-100	-100
14	284	-100	-100
14	996	-100	-100
14	329	-100	-100
14	1344	-100	-100
14	1277	-100	-100
14	1193	-100	-100
14	463	-100	-100
14	916	-100	-100
14	204	-100	-100
14	133	-100	-100
14	300	-100	-100
14	1883	-100	-100
14	1861	-100	-100
14	3	-100	-100
14	593	-100	-100
14	531	-100	-100
14	1347	-100	-100
14	1584	-100	-100
14	218	-100	-100
14	652	-100	-100
14	432	-100	-100
15	523	-100	-100
15	1443	-100	-100
15	1158	-100	-100
15	698	-100	-100
15	117	-100	-100
15	712	-100	-100
15	1260	-100	-100
15	744	-100	-100
15	929	-100	-100
15	715	-100	-100
15	663	-100	-100
15	329	-100	-100
15	626	-100	-100
15	408	-100	-100
15	1777	-100	-100
15	1589	-100	-100
15	1368	-100	-100
15	165	-100	-100
15	1546	-100	-100
15	797	-100	-100
15	1998	-100	-100
15	1726	-100	-100
15	320	-100	-100
15	1708	-100	-100
15	123	-100	-100
15	834	-100	-100
15	870	-100	-100
15	849	-100	-100
15	1031	-100	-100
15	78	-100	-100
15	102	-100	-100
15	1617	-100	-100
15	1166	-100	-100
15	564	-100	-100
15	145	-100	-100
15	1468	-100	-100
15	150	-100	-100
15	1801	-100	-100
15	70	-100	-100
15	1694	-100	-100
15	327	-100	-100
15	1262	-100	-100
15	1337	-100	-100
15	1126	-100	-100
15	605	-100	-100
15	1419	-100	-100
15	374	-100	-100
15	750	-100	-100
15	597	-100	-100
15	251	-100	-100
15	779	-100	-100
15	91	-100	-100
15	195	-100	-100
15	879	-100	-100
15	966	-100	-100
15	807	-100	-100
15	1387	-100	-100
15	418	-100	-100
15	441	-100	-100
15	1533	-100	-100
15	64	-100	-100
15	143	-100	-100
15	813	-100	-100
15	1425	-100	-100
15	749	-100	-100
15	1245	-100	-100
15	394	-100	-100
15	83	-100	-100
15	159	-100	-100
15	1762	-100	-100
15	1765	-100	-100
15	1375	-100	-100
15	1675	-100	-100
15	1044	-100	-100
15	547	-100	-100
15	1571	-100	-100
15	31	-100	-100
15	1431	-100	-100
15	1136	-100	-100
15	836	-100	-100
15	47	-100	-100
15	885	-100	-100
15	1403	-100	-100
15	1213	-100	-100
15	805	-100	-100
15	32	-100	-100
15	1665	-100	-100
15	1796	-100	-100
15	1302	-100	-100
15	432	-100	-100
15	579	-100	-100
15	263	-100	-100
15	548	-100	-100
15	1370	-100	-100
15	1704	-100	-100
15	1217	-100	-100
15	563	-100	-100
15	1092	-100	-100
15	1346	-100	-100
15	1452	-100	-100
15	1207	-100	-100
15	1791	-100	-100
15	365	-100	-100
15	154	-100	-100
15	1002	-100	-100
15	496	-100	-100
15	931	-100	-100
15	1247	-100	-100
15	1276	-100	-100
15	1021	-100	-100
15	363	-100	-100
15	650	-100	-100
15	651	-100	-100
15	405	-100	-100
15	1982	-100	-100
15	1304	-100	-100
15	1411	-100	-100
15	1585	-100	-100
15	720	-100	-100
15	613	-100	-100
15	136	-100	-100
15	212	-100	-100
15	489	-100	-100
15	1137	-100	-100
15	894	-100	-100
15	1147	-100	-100
15	679	-100	-100
15	181	-100	-100
15	1441	-100	-100
15	1732	-100	-100
15	1236	-100	-100
15	1239	-100	-100
15	932	-100	-100
15	1495	-100	-100
15	420	-100	-100
15	1661	-100	-100
15	1554	-100	-100
15	1380	-100	-100
15	498	-100	-100
15	1711	-100	-100
15	1222	-100	-100
15	16	-100	-100
15	338	-100	-100
15	1432	-100	-100
15	568	-100	-100
15	1464	-100	-100
15	798	-100	-100
15	1093	-100	-100
15	1052	-100	-100
15	1671	-100	-100
15	1795	-100	-100
15	424	-100	-100
15	861	-100	-100
15	1279	-100	-100
15	269	-100	-100
15	1185	-100	-100
15	677	-100	-100
15	1631	-100	-100
15	883	-100	-100
15	1114	-100	-100
15	525	-100	-100
15	1775	-100	-100
15	1658	-100	-100
15	1706	-100	-100
15	247	-100	-100
15	1115	-100	-100
15	585	-100	-100
15	1074	-100	-100
15	1395	-100	-100
15	612	-100	-100
15	735	-100	-100
15	710	-100	-100
15	1081	-100	-100
15	280	-100	-100
15	827	-100	-100
15	951	-100	-100
15	1748	-100	-100
15	502	-100	-100
15	770	-100	-100
15	1514	-100	-100
15	889	-100	-100
15	978	-100	-100
15	1237	-100	-100
15	370	-100	-100
15	1254	-100	-100
15	17	-100	-100
15	376	-100	-100
15	469	-100	-100
15	820	-100	-100
15	988	-100	-100
15	839	-100	-100
15	108	-100	-100
15	976	-100	-100
15	1175	-100	-100
15	1523	-100	-100
15	622	-100	-100
15	1273	-100	-100
15	738	-100	-100
15	881	-100	-100
15	1363	-100	-100
15	399	-100	-100
15	1231	-100	-100
15	430	-100	-100
15	1759	-100	-100
15	895	-100	-100
15	943	-100	-100
15	382	-100	-100
15	156	-100	-100
15	55	-100	-100
15	882	-100	-100
15	1100	-100	-100
15	157	-100	-100
15	1313	-100	-100
15	487	-100	-100
15	293	-100	-100
15	588	-100	-100
15	858	-100	-100
15	109	-100	-100
15	1076	-100	-100
15	686	-100	-100
15	356	-100	-100
15	1806	-100	-100
15	1292	-100	-100
15	168	-100	-100
15	51	-100	-100
15	347	-100	-100
15	1618	-100	-100
15	521	-100	-100
15	1487	-100	-100
15	1367	-100	-100
15	979	-100	-100
15	233	-100	-100
15	1284	-100	-100
15	1435	-100	-100
15	908	-100	-100
15	843	-100	-100
15	760	-100	-100
15	478	-100	-100
15	434	-100	-100
15	700	-100	-100
15	413	-100	-100
15	1638	-100	-100
15	344	-100	-100
15	1531	-100	-100
15	294	-100	-100
15	1148	-100	-100
15	514	-100	-100
15	1151	-100	-100
15	429	-100	-100
15	419	-100	-100
8	1147	-100	-100
8	860	-100	-100
12	182	-100	-100
12	1233	-100	-100
12	238	-100	-100
12	1286	-100	-100
12	693	-100	-100
12	461	-100	-100
12	1693	-100	-100
12	1589	-100	-100
12	1746	-100	-100
12	887	-100	-100
12	1432	-100	-100
12	1941	-100	-100
12	1239	-100	-100
12	540	-100	-100
12	16	-100	-100
12	1636	-100	-100
12	918	-100	-100
12	565	-100	-100
12	132	-100	-100
12	1456	-100	-100
12	1173	-100	-100
12	89	-100	-100
12	596	-100	-100
12	919	-100	-100
12	933	-100	-100
12	715	-100	-100
12	1206	-100	-100
12	827	-100	-100
12	843	-100	-100
12	1864	-100	-100
12	1597	-100	-100
12	123	-100	-100
12	1157	-100	-100
12	358	-100	-100
12	810	-100	-100
12	627	-100	-100
12	1090	-100	-100
12	1851	-100	-100
12	200	-100	-100
12	1894	-100	-100
11	970	-100	-100
11	885	-100	-100
11	980	-100	-100
11	943	-100	-100
11	230	-100	-100
11	1019	-100	-100
11	338	-100	-100
11	547	-100	-100
11	1822	-100	-100
11	1678	-100	-100
11	1608	-100	-100
11	1928	-100	-100
11	1498	-100	-100
11	815	-100	-100
11	257	-100	-100
11	595	-100	-100
11	1512	-100	-100
11	68	-100	-100
11	405	-100	-100
11	1855	-100	-100
11	212	-100	-100
11	1040	-100	-100
11	1480	-100	-100
11	1706	-100	-100
11	1478	-100	-100
11	1038	-100	-100
11	1968	-100	-100
11	1575	-100	-100
11	1844	-100	-100
11	677	-100	-100
11	921	-100	-100
11	357	-100	-100
11	1663	-100	-100
11	1950	-100	-100
11	526	-100	-100
11	92	-100	-100
11	1222	-100	-100
11	1841	-100	-100
11	695	-100	-100
11	436	-100	-100
11	55	-100	-100
11	393	-100	-100
11	568	-100	-100
11	1829	-100	-100
11	3	-100	-100
11	835	-100	-100
11	1588	-100	-100
11	187	-100	-100
11	1712	-100	-100
5	970	-100	-100
5	892	-100	-100
5	373	-100	-100
5	890	-100	-100
5	964	-100	-100
5	511	-100	-100
5	1415	-100	-100
5	376	-100	-100
5	659	-100	-100
1	849	-100	-100
1	1296	-100	-100
1	1264	-100	-100
1	1022	-100	-100
1	1385	-100	-100
1	1285	-100	-100
1	587	-100	-100
1	186	-100	-100
1	580	-100	-100
1	1339	-100	-100
1	995	-100	-100
1	1512	-100	-100
1	797	-100	-100
1	1570	-100	-100
1	622	-100	-100
1	1780	-100	-100
1	1849	-100	-100
1	1067	-100	-100
1	1609	-100	-100
1	1372	-100	-100
1	258	-100	-100
1	1279	-100	-100
13	1896	-100	-100
13	1692	-100	-100
13	1099	-100	-100
13	1553	-100	-100
13	112	-100	-100
13	658	-100	-100
13	478	-100	-100
13	1314	-100	-100
13	1486	-100	-100
13	807	-100	-100
13	968	-100	-100
13	475	-100	-100
13	855	-100	-100
13	248	-100	-100
13	967	-100	-100
13	1302	-100	-100
13	435	-100	-100
13	528	-100	-100
13	1449	-100	-100
13	622	-100	-100
13	691	-100	-100
13	1933	-100	-100
13	304	-100	-100
13	544	-100	-100
13	218	-100	-100
13	423	-100	-100
13	650	-100	-100
13	1012	-100	-100
13	556	-100	-100
13	1112	-100	-100
13	1380	-100	-100
13	831	-100	-100
13	1996	-100	-100
13	1292	-100	-100
13	918	-100	-100
13	57	-100	-100
13	748	-100	-100
13	1123	-100	-100
13	1234	-100	-100
13	1650	-100	-100
13	1156	-100	-100
13	726	-100	-100
13	519	-100	-100
13	1478	-100	-100
13	81	-100	-100
4	1905	-100	-100
4	1927	-100	-100
4	64	-100	-100
4	228	-100	-100
4	1080	-100	-100
7	131	-100	-100
7	1190	-100	-100
7	600	-100	-100
7	195	-100	-100
7	1646	-100	-100
7	226	-100	-100
7	425	-100	-100
7	1967	-100	-100
7	705	-100	-100
7	1726	-100	-100
7	1170	-100	-100
7	871	-100	-100
7	976	-100	-100
7	557	-100	-100
7	1604	-100	-100
7	1320	-100	-100
7	1543	-100	-100
7	137	-100	-100
7	1580	-100	-100
2	1205	-100	-100
2	242	-100	-100
2	1268	-100	-100
2	381	-100	-100
2	917	-100	-100
2	543	-100	-100
2	111	-100	-100
2	994	-100	-100
2	554	-100	-100
2	377	-100	-100
2	663	-100	-100
2	1082	-100	-100
2	1799	-100	-100
2	1263	-100	-100
2	346	-100	-100
2	1382	-100	-100
2	1788	-100	-100
2	1277	-100	-100
2	221	-100	-100
2	1729	-100	-100
2	1745	-100	-100
2	296	-100	-100
2	1413	-100	-100
2	597	-100	-100
2	1473	-100	-100
2	1293	-100	-100
2	252	-100	-100
2	1976	-100	-100
2	1634	-100	-100
2	711	-100	-100
2	500	-100	-100
2	1345	-100	-100
2	976	-100	-100
976	949	-100	-100
976	1023	-100	-100
815	1285	-100	-100
815	1210	-100	-100
22	455	-100	-100
22	850	-100	-100
810	351	-100	-100
243	920	-100	-100
