1000
6084
2
1	2	9	3
1	3	3	7
1	4	1	7
1	5	9	8
1	6	5	7
1	7	10	9
1	8	8	2
1	9	10	6
1	10	9	8
1	11	4	7
1	12	10	4
1	13	1	2
1	14	10	2
1	15	10	7
1	16	6	7
1	17	10	4
1	18	7	10
1	19	5	6
1	20	1	5
1	21	7	9
1	22	2	5
1	23	1	8
1	24	4	6
1	25	1	5
1	26	5	1
1	27	9	8
1	28	1	4
1	29	9	10
1	30	7	3
1	31	6	3
1	32	9	8
1	33	4	3
1	34	5	3
1	35	9	8
1	36	1	3
1	37	8	10
1	38	7	8
1	39	2	4
1	40	4	8
1	41	3	2
1	42	1	9
1	43	3	1
1	44	3	6
1	45	9	4
1	46	2	1
1	47	2	4
1	48	9	8
1	49	3	5
1	50	5	7
1	51	10	8
1	52	7	5
1	53	5	2
1	54	4	2
1	55	2	9
1	56	3	5
1	57	4	9
1	58	5	4
1	59	3	5
1	60	3	4
1	61	3	4
1	62	1	8
1	63	2	6
1	64	7	4
1	65	6	10
1	66	2	4
1	67	10	9
1	68	6	5
1	69	8	5
1	70	3	5
1	71	9	7
1	72	6	5
2	73	6	3
2	74	5	3
2	75	7	5
2	76	7	8
2	77	1	5
2	78	6	10
2	79	1	6
3	80	9	8
3	81	8	2
3	82	2	9
3	83	6	2
3	84	9	7
3	85	2	4
3	86	6	7
3	87	4	7
3	88	7	10
3	89	6	10
3	90	6	10
3	91	3	1
3	92	1	10
3	93	5	9
3	94	7	3
3	95	4	7
3	96	1	4
3	97	7	6
3	98	3	5
3	99	6	8
3	100	4	1
3	101	5	2
3	102	5	4
3	103	2	1
3	104	5	2
3	105	7	4
3	106	8	1
3	107	4	9
3	108	5	7
3	109	2	4
3	110	9	2
3	111	1	8
3	112	2	6
3	113	7	3
3	114	1	3
3	115	6	1
3	116	5	4
3	117	1	7
3	118	6	4
3	119	1	5
3	120	4	2
3	121	1	4
3	122	7	5
3	123	8	9
3	124	7	9
3	125	2	9
3	126	9	8
3	127	3	4
3	128	10	3
3	129	8	10
3	130	5	7
3	131	1	5
3	132	9	4
3	133	4	3
3	134	5	8
3	135	6	4
3	136	2	9
3	137	3	6
3	138	10	7
3	139	3	9
3	140	5	4
3	141	9	6
3	142	5	10
3	143	4	7
3	144	10	9
3	145	4	6
3	146	6	4
3	147	10	2
3	148	1	6
3	149	7	6
3	150	4	10
3	151	1	7
3	152	9	2
3	153	4	9
3	154	2	1
3	155	4	5
3	156	10	6
3	157	3	7
3	158	9	4
3	159	9	7
3	160	5	8
3	161	3	5
3	162	2	1
3	163	8	7
3	164	5	2
3	165	9	8
3	166	6	2
3	167	3	9
3	168	5	1
3	169	9	5
4	170	2	6
4	171	2	4
4	172	6	4
4	173	8	10
4	174	6	4
4	175	7	5
4	176	2	8
4	177	1	8
4	178	1	8
4	179	3	4
4	180	5	1
4	181	6	8
4	182	10	6
4	183	10	7
4	184	9	3
4	185	4	3
4	186	9	4
4	187	1	5
4	188	8	3
4	189	2	5
4	190	6	5
4	191	9	2
4	192	5	7
4	193	3	2
4	194	3	2
4	195	2	1
4	196	2	10
4	197	1	6
4	198	9	3
4	199	5	3
4	200	7	2
4	201	8	10
4	202	7	4
4	203	1	3
4	204	2	1
4	205	2	4
5	206	8	1
5	207	10	5
5	208	7	4
5	209	2	10
5	210	1	4
5	211	4	7
5	212	8	10
5	213	5	4
5	214	9	3
5	215	6	8
5	216	10	9
5	217	8	10
5	218	7	8
5	219	1	4
5	220	4	7
5	221	9	8
5	222	5	7
5	223	8	7
5	224	8	2
5	225	9	5
5	226	2	4
5	227	3	4
5	228	1	7
5	229	7	3
5	230	8	2
5	231	7	8
5	232	4	1
5	233	5	10
5	234	9	4
5	235	3	5
5	236	5	10
5	237	6	3
5	238	9	4
5	239	8	7
5	240	8	3
5	241	9	4
5	242	8	4
5	243	4	2
5	244	9	1
5	245	7	3
5	246	7	1
5	33	9	5
5	247	6	4
5	248	2	1
5	249	2	4
5	250	6	5
5	251	9	2
5	252	6	4
5	253	4	5
5	254	8	10
5	255	2	6
5	256	7	2
5	257	9	5
5	258	2	4
5	259	3	8
5	260	1	6
5	261	5	10
5	262	5	2
5	263	3	10
5	264	4	1
5	265	7	4
5	266	8	10
5	267	3	8
5	268	7	1
5	269	1	8
5	270	1	5
5	271	1	5
5	272	9	6
5	273	9	7
5	274	6	1
5	275	3	9
5	276	4	1
5	277	2	3
5	278	6	2
5	279	3	4
5	280	8	5
5	281	1	7
5	282	2	8
5	283	7	6
5	284	2	3
5	285	1	5
5	286	3	10
5	287	8	7
6	288	9	8
6	289	3	9
6	290	7	6
6	291	10	3
6	292	1	2
6	293	9	6
6	294	5	9
6	295	2	8
6	296	7	6
6	297	3	1
6	298	8	3
6	299	2	4
6	300	10	9
6	301	1	6
6	302	9	10
6	303	5	7
6	304	7	8
6	305	10	9
6	306	3	5
6	307	3	6
6	308	6	3
6	309	6	5
6	310	2	5
6	311	2	3
6	312	1	8
6	313	9	1
6	314	6	8
6	315	6	2
6	316	1	6
6	317	5	7
6	318	4	8
6	319	2	4
6	320	6	9
6	321	8	2
6	322	3	10
6	323	7	4
6	324	8	4
6	325	8	4
6	326	7	4
6	327	6	8
6	328	6	5
6	329	1	8
6	330	9	8
6	8	10	3
6	331	5	9
6	332	3	2
6	333	2	3
6	334	5	2
6	335	3	2
6	336	4	7
6	337	2	9
6	10	5	8
6	338	8	9
6	339	8	1
6	340	1	7
6	341	7	10
6	342	4	1
6	343	1	9
6	344	2	5
6	345	8	6
6	346	5	9
6	347	4	2
6	348	1	5
6	349	7	2
6	350	1	7
6	351	8	7
6	14	6	8
6	352	7	6
6	353	9	7
6	354	10	6
6	355	2	8
6	356	7	6
6	357	1	3
6	358	10	5
6	179	1	2
6	359	2	4
6	360	2	4
6	361	4	7
6	362	2	4
6	363	3	5
6	364	8	6
6	239	8	2
6	365	7	1
6	366	7	10
6	367	7	6
6	368	5	2
6	369	9	1
6	22	6	9
6	370	2	4
6	371	7	5
6	372	3	4
6	373	10	5
6	374	6	9
6	375	3	8
6	376	7	2
6	377	8	10
6	378	10	1
6	379	7	9
6	380	6	1
6	381	8	4
6	382	10	5
6	383	5	7
6	384	6	5
6	242	7	6
6	385	5	4
6	386	1	7
6	387	5	6
6	388	10	2
6	389	2	8
6	390	1	6
6	391	2	9
6	33	4	3
6	392	2	3
6	393	8	4
6	394	7	6
6	395	2	8
6	396	10	7
6	397	8	7
6	398	8	7
6	399	10	5
6	400	5	3
6	401	9	10
6	402	10	8
6	403	10	1
6	404	4	3
6	405	6	10
6	406	2	6
6	407	2	1
6	408	3	9
6	42	9	5
6	409	5	2
6	410	7	8
6	411	5	7
6	412	1	5
6	413	8	5
6	414	8	4
6	415	9	2
6	416	2	1
6	43	8	10
6	417	9	8
6	418	5	8
6	419	7	10
6	420	7	6
6	421	6	10
6	422	10	1
6	423	4	10
6	424	3	1
6	425	1	7
6	426	10	1
6	427	10	5
6	428	2	6
6	429	5	10
6	430	10	8
6	431	9	4
6	432	8	1
6	433	5	10
6	434	8	3
6	435	8	9
6	436	3	8
6	437	7	3
6	438	5	10
6	439	3	9
6	440	8	6
6	441	5	8
6	442	8	4
6	443	2	10
6	444	10	3
6	445	4	1
6	446	6	2
6	447	4	8
6	448	6	2
6	449	9	2
6	450	6	5
6	451	5	8
7	452	2	10
7	453	1	9
7	454	4	3
7	455	3	6
7	456	9	6
7	457	2	5
7	458	2	9
7	459	8	1
7	460	9	3
7	461	5	8
7	462	4	5
7	463	10	5
7	464	6	8
7	33	10	5
7	465	1	2
7	466	8	10
7	467	1	8
7	56	7	2
7	468	9	8
7	469	10	7
7	470	8	4
7	471	2	7
8	472	7	9
8	473	4	1
8	474	2	9
8	475	4	7
8	476	9	10
8	477	7	1
8	478	8	3
8	479	3	2
8	480	9	4
8	481	7	1
8	482	10	5
8	483	8	3
8	484	8	6
8	485	5	2
8	486	3	8
8	487	8	3
8	488	5	3
8	489	9	1
8	490	3	10
8	491	6	4
8	492	2	1
8	493	1	10
8	494	2	8
8	221	3	1
8	495	6	10
8	496	10	6
8	497	8	1
8	498	4	7
8	499	10	7
8	500	5	4
8	501	4	6
8	502	9	1
8	503	4	2
8	504	5	7
8	505	7	4
8	506	1	3
8	507	8	3
8	508	8	1
8	509	9	4
8	510	9	7
8	511	7	3
8	512	7	10
8	13	8	7
8	513	6	7
8	514	1	7
8	515	8	9
8	516	5	8
8	517	7	6
8	518	2	3
8	356	8	9
8	519	8	3
8	520	6	8
8	521	3	9
8	522	8	3
8	523	7	4
8	524	9	1
8	525	2	8
8	526	1	9
8	527	10	6
8	528	3	9
8	529	9	7
8	530	2	5
8	531	2	9
8	532	3	2
8	533	1	8
8	534	2	4
8	535	6	9
8	536	3	4
8	373	8	7
8	537	9	3
8	538	2	7
8	539	10	4
8	540	10	5
8	541	6	8
8	542	8	9
8	543	7	2
8	544	6	5
8	545	5	4
8	546	1	3
8	244	4	10
8	547	7	3
8	548	7	3
8	549	7	9
8	550	4	8
8	551	5	4
8	552	5	1
8	553	7	6
8	554	5	7
8	555	8	10
8	556	2	6
8	557	2	6
8	558	4	10
8	559	8	2
8	560	3	9
8	400	6	2
8	561	10	8
8	562	4	3
8	563	3	2
8	564	2	6
8	565	8	10
8	566	10	6
8	567	3	2
8	568	8	2
8	569	8	7
8	570	1	4
8	571	3	8
8	572	1	2
8	573	9	10
8	574	9	4
8	575	10	5
8	255	3	6
8	576	4	7
8	577	3	10
8	578	5	8
8	579	6	3
8	580	7	4
8	581	6	7
8	582	9	10
8	583	10	7
8	584	5	7
8	585	3	8
8	586	4	9
8	587	6	5
8	588	2	6
8	423	7	9
8	589	1	7
8	590	8	5
8	591	10	3
8	592	9	10
8	593	10	6
8	594	4	8
8	595	8	6
8	596	3	4
8	597	6	3
8	598	6	9
8	599	1	5
8	600	3	5
8	601	10	9
8	602	3	7
8	603	5	2
8	604	5	9
8	605	8	3
8	606	8	5
8	607	1	9
8	608	1	8
8	609	9	6
8	610	10	2
8	611	2	1
8	55	1	10
8	612	9	3
8	613	3	10
8	614	7	2
8	615	1	2
8	616	2	7
8	617	4	2
8	618	6	9
8	60	7	5
8	619	3	6
8	620	2	9
8	621	10	1
8	622	1	10
8	623	9	5
8	624	6	2
8	625	3	8
8	626	10	5
8	627	9	7
8	628	8	7
8	629	1	9
8	69	6	2
8	630	7	2
8	631	10	1
9	632	2	8
9	633	4	7
9	634	8	1
9	635	1	10
9	636	1	4
9	637	9	4
9	638	7	5
9	639	7	10
9	640	8	5
9	641	6	4
9	642	9	4
9	643	8	9
9	644	7	4
9	645	5	2
9	646	3	10
9	647	9	1
9	648	5	3
9	649	2	1
9	650	9	5
9	651	9	1
9	652	9	10
9	653	5	6
9	654	10	6
9	655	4	6
9	656	4	1
9	657	10	6
9	658	7	2
9	659	4	1
9	660	1	5
9	661	7	5
9	662	8	4
9	663	1	9
9	664	9	5
9	665	8	5
9	666	5	7
9	667	5	4
9	668	9	5
9	669	3	2
9	670	10	3
9	671	2	4
9	672	9	7
9	673	7	3
9	674	9	1
9	675	9	2
9	676	10	9
9	677	10	3
9	678	8	5
9	679	7	3
9	680	1	7
9	681	9	2
9	682	7	4
9	683	3	8
9	684	6	1
9	685	1	5
9	686	4	1
9	172	3	7
9	687	10	9
9	688	8	7
9	689	8	7
9	690	10	5
9	691	3	2
9	692	3	7
9	693	4	5
9	694	4	6
9	695	4	5
9	696	6	2
9	697	2	10
9	698	4	9
9	699	4	3
9	700	6	5
9	701	2	4
9	702	9	2
9	703	6	4
9	704	2	6
9	705	5	3
9	706	9	1
9	707	7	4
9	708	6	1
9	709	10	2
9	710	5	8
9	711	6	4
9	712	1	10
9	713	1	4
9	714	6	7
9	715	10	7
9	716	9	8
9	717	7	2
9	718	10	9
9	719	4	10
9	720	6	2
9	721	3	4
9	722	2	9
9	723	8	7
9	724	9	3
9	725	8	3
9	726	8	3
9	727	5	2
9	728	7	5
9	495	7	5
9	729	6	3
9	730	2	10
9	731	5	4
9	732	10	4
9	733	7	5
9	734	1	8
9	735	2	7
9	736	1	6
9	737	6	2
9	738	4	3
9	739	8	1
9	740	1	9
9	741	2	4
9	742	3	9
9	743	9	6
9	744	6	7
9	745	7	10
9	746	6	9
9	747	1	7
9	748	6	2
9	749	8	2
9	750	5	9
9	751	3	4
9	752	4	7
9	753	8	10
9	754	7	5
9	755	6	1
9	756	9	2
9	757	2	9
9	758	7	4
9	759	10	4
9	502	10	9
9	760	1	6
9	761	2	3
9	762	2	8
9	763	10	7
9	764	5	10
9	765	2	8
9	766	8	6
9	767	3	9
9	768	1	3
9	769	9	1
9	770	2	8
9	771	8	6
9	772	7	5
9	773	10	8
9	774	2	5
9	775	2	4
9	776	6	4
9	777	10	3
9	778	9	3
9	779	2	7
9	780	9	7
9	336	4	2
9	781	3	4
9	782	6	7
9	783	6	8
9	784	4	8
9	785	3	9
9	786	8	4
9	787	2	9
9	788	8	6
9	789	6	5
9	790	5	8
9	791	2	7
9	792	7	1
9	793	8	7
9	794	3	8
9	795	10	3
9	796	5	4
9	797	7	10
9	798	3	10
9	799	4	2
9	800	2	1
9	801	7	3
9	802	10	6
9	803	8	4
9	804	5	4
9	805	8	6
9	806	6	3
9	807	5	6
9	808	3	8
9	809	4	8
9	810	7	1
9	811	6	2
9	812	7	5
9	813	10	3
9	814	10	1
9	815	7	10
9	816	4	7
9	817	3	1
9	818	10	8
9	819	5	6
9	820	6	5
9	821	5	7
9	822	9	1
9	823	9	6
9	233	5	7
9	824	1	6
9	825	2	8
9	517	10	1
9	826	2	3
9	827	1	9
9	828	5	6
9	829	1	3
9	830	4	7
9	831	7	9
9	832	7	6
9	833	5	6
9	834	5	1
9	835	5	2
9	836	5	4
9	837	3	9
9	838	1	2
9	839	4	9
9	840	7	3
9	841	4	3
9	842	9	5
9	843	1	8
9	844	2	9
9	845	1	8
9	846	6	1
9	847	6	4
9	848	2	3
9	849	5	1
9	850	2	8
9	851	10	8
9	852	3	2
9	853	7	2
9	854	3	10
9	855	9	5
9	856	2	4
9	857	5	9
9	858	8	4
9	859	9	10
9	860	8	3
9	861	8	10
9	862	3	10
9	863	6	4
9	864	4	9
9	239	1	2
9	865	9	1
9	866	4	8
9	867	10	1
9	868	4	2
9	869	3	6
9	870	5	2
9	871	5	6
9	872	6	2
9	873	7	3
9	874	4	9
9	875	5	8
9	876	4	7
9	877	9	7
9	878	6	7
9	879	7	5
9	880	4	9
9	881	1	3
9	882	4	5
9	883	2	7
9	884	6	9
9	885	2	1
9	886	6	9
9	887	1	6
9	888	2	9
9	889	9	5
9	890	7	8
9	891	8	4
9	892	6	9
9	893	6	9
9	894	9	3
9	895	6	9
9	896	8	2
9	897	2	3
9	898	1	9
9	899	2	7
9	900	3	9
9	901	2	5
9	902	10	7
9	903	4	7
9	904	4	9
9	905	4	1
9	906	2	4
9	907	8	10
9	908	9	7
9	909	3	8
9	910	2	5
9	911	1	3
9	912	3	9
9	242	10	3
9	913	1	3
9	914	2	6
9	915	1	6
9	916	4	8
9	917	2	7
9	918	3	10
9	919	2	3
9	920	5	7
9	921	8	10
9	922	2	9
9	923	1	8
9	924	4	5
9	925	9	8
9	926	5	2
9	927	9	10
9	928	4	5
9	929	5	3
9	930	6	10
9	931	7	2
9	932	2	6
9	933	3	6
9	934	4	8
9	33	9	6
9	935	1	3
9	936	8	5
9	937	4	3
9	938	2	4
9	939	8	9
9	940	8	1
9	941	3	8
9	942	6	2
9	943	2	4
9	944	10	9
9	945	10	1
9	946	6	10
9	947	10	9
9	948	6	5
9	949	7	2
9	950	7	2
9	951	4	6
9	952	3	8
9	953	8	1
9	954	8	3
9	955	6	1
9	956	3	7
9	957	3	7
9	958	8	3
9	959	2	6
9	960	2	3
9	961	10	8
9	962	1	4
9	963	10	1
9	964	9	10
9	965	7	6
9	966	7	1
9	967	8	5
9	968	1	6
9	969	7	5
9	970	1	7
9	971	5	8
9	972	5	10
9	973	7	2
9	974	1	5
9	975	2	5
9	976	4	6
9	977	3	10
9	978	7	9
9	979	9	2
9	980	6	1
9	981	10	3
9	982	4	9
9	983	2	6
9	984	3	10
9	255	3	9
9	985	1	4
9	986	9	2
9	987	4	2
9	988	2	8
9	989	6	9
9	990	6	9
9	991	10	4
9	992	1	8
9	993	3	8
9	994	3	6
9	995	2	10
9	996	7	10
9	997	4	5
9	998	3	4
9	999	8	6
9	1000	10	8
6	868	-100	-100
6	76	-100	-100
6	554	-100	-100
6	607	-100	-100
6	829	-100	-100
6	592	-100	-100
6	250	-100	-100
6	474	-100	-100
6	510	-100	-100
6	27	-100	-100
6	119	-100	-100
6	799	-100	-100
6	670	-100	-100
6	986	-100	-100
6	157	-100	-100
6	825	-100	-100
6	590	-100	-100
6	875	-100	-100
6	156	-100	-100
6	751	-100	-100
6	243	-100	-100
6	803	-100	-100
6	469	-100	-100
6	962	-100	-100
6	881	-100	-100
6	200	-100	-100
6	245	-100	-100
6	807	-100	-100
6	164	-100	-100
6	531	-100	-100
6	805	-100	-100
6	579	-100	-100
6	192	-100	-100
6	795	-100	-100
6	877	-100	-100
6	532	-100	-100
6	838	-100	-100
6	602	-100	-100
6	658	-100	-100
6	747	-100	-100
6	843	-100	-100
6	916	-100	-100
6	18	-100	-100
6	225	-100	-100
6	613	-100	-100
6	273	-100	-100
6	173	-100	-100
6	761	-100	-100
6	821	-100	-100
6	161	-100	-100
6	793	-100	-100
6	518	-100	-100
6	659	-100	-100
6	619	-100	-100
6	907	-100	-100
6	977	-100	-100
6	58	-100	-100
6	110	-100	-100
6	551	-100	-100
6	152	-100	-100
6	490	-100	-100
6	88	-100	-100
6	251	-100	-100
6	974	-100	-100
6	495	-100	-100
6	605	-100	-100
6	32	-100	-100
6	261	-100	-100
6	671	-100	-100
6	831	-100	-100
6	810	-100	-100
6	64	-100	-100
6	546	-100	-100
6	227	-100	-100
6	547	-100	-100
6	130	-100	-100
6	683	-100	-100
6	272	-100	-100
6	705	-100	-100
6	890	-100	-100
6	153	-100	-100
6	524	-100	-100
6	772	-100	-100
6	623	-100	-100
6	78	-100	-100
6	21	-100	-100
6	598	-100	-100
6	900	-100	-100
6	583	-100	-100
6	69	-100	-100
6	694	-100	-100
6	274	-100	-100
6	621	-100	-100
6	96	-100	-100
6	687	-100	-100
6	465	-100	-100
6	31	-100	-100
6	452	-100	-100
6	963	-100	-100
6	816	-100	-100
6	808	-100	-100
6	695	-100	-100
6	102	-100	-100
6	569	-100	-100
6	517	-100	-100
6	988	-100	-100
6	593	-100	-100
6	91	-100	-100
6	585	-100	-100
6	61	-100	-100
6	927	-100	-100
6	648	-100	-100
6	582	-100	-100
6	880	-100	-100
6	662	-100	-100
6	917	-100	-100
6	936	-100	-100
6	484	-100	-100
6	696	-100	-100
6	958	-100	-100
6	121	-100	-100
6	784	-100	-100
6	850	-100	-100
6	238	-100	-100
6	610	-100	-100
6	612	-100	-100
6	855	-100	-100
6	968	-100	-100
6	753	-100	-100
6	967	-100	-100
6	626	-100	-100
6	990	-100	-100
6	186	-100	-100
6	530	-100	-100
6	737	-100	-100
6	257	-100	-100
6	845	-100	-100
6	896	-100	-100
6	879	-100	-100
6	632	-100	-100
6	718	-100	-100
6	539	-100	-100
6	899	-100	-100
6	984	-100	-100
6	562	-100	-100
6	851	-100	-100
6	660	-100	-100
6	644	-100	-100
6	902	-100	-100
6	867	-100	-100
6	721	-100	-100
6	629	-100	-100
6	678	-100	-100
6	608	-100	-100
6	533	-100	-100
6	151	-100	-100
6	244	-100	-100
6	28	-100	-100
6	860	-100	-100
6	184	-100	-100
6	267	-100	-100
6	165	-100	-100
6	596	-100	-100
6	782	-100	-100
6	461	-100	-100
6	939	-100	-100
6	844	-100	-100
6	966	-100	-100
6	57	-100	-100
6	920	-100	-100
6	846	-100	-100
6	604	-100	-100
6	625	-100	-100
6	279	-100	-100
6	895	-100	-100
6	822	-100	-100
6	499	-100	-100
6	633	-100	-100
6	854	-100	-100
6	697	-100	-100
6	215	-100	-100
6	752	-100	-100
6	883	-100	-100
6	1000	-100	-100
6	125	-100	-100
6	771	-100	-100
6	485	-100	-100
6	71	-100	-100
6	36	-100	-100
6	708	-100	-100
6	980	-100	-100
6	702	-100	-100
6	669	-100	-100
6	666	-100	-100
6	240	-100	-100
6	60	-100	-100
6	217	-100	-100
6	174	-100	-100
6	781	-100	-100
6	624	-100	-100
6	861	-100	-100
6	276	-100	-100
6	979	-100	-100
6	729	-100	-100
6	103	-100	-100
8	428	-100	-100
8	121	-100	-100
8	946	-100	-100
8	170	-100	-100
8	989	-100	-100
8	210	-100	-100
8	131	-100	-100
8	271	-100	-100
8	937	-100	-100
8	145	-100	-100
8	381	-100	-100
8	919	-100	-100
8	202	-100	-100
8	146	-100	-100
8	412	-100	-100
8	870	-100	-100
8	674	-100	-100
8	167	-100	-100
8	201	-100	-100
8	71	-100	-100
8	296	-100	-100
8	680	-100	-100
8	941	-100	-100
8	236	-100	-100
8	164	-100	-100
8	854	-100	-100
8	934	-100	-100
8	714	-100	-100
8	130	-100	-100
8	411	-100	-100
8	16	-100	-100
8	955	-100	-100
8	816	-100	-100
8	269	-100	-100
8	398	-100	-100
8	464	-100	-100
8	194	-100	-100
8	192	-100	-100
8	355	-100	-100
8	224	-100	-100
8	363	-100	-100
8	414	-100	-100
8	307	-100	-100
8	257	-100	-100
8	643	-100	-100
8	46	-100	-100
8	931	-100	-100
8	21	-100	-100
8	450	-100	-100
8	470	-100	-100
8	169	-100	-100
8	465	-100	-100
8	237	-100	-100
8	744	-100	-100
8	41	-100	-100
8	648	-100	-100
8	258	-100	-100
8	983	-100	-100
8	959	-100	-100
8	830	-100	-100
8	927	-100	-100
8	185	-100	-100
8	717	-100	-100
8	87	-100	-100
8	24	-100	-100
8	771	-100	-100
8	200	-100	-100
8	933	-100	-100
8	63	-100	-100
8	245	-100	-100
8	7	-100	-100
8	264	-100	-100
8	308	-100	-100
8	847	-100	-100
8	718	-100	-100
8	806	-100	-100
8	853	-100	-100
8	260	-100	-100
8	287	-100	-100
8	463	-100	-100
8	647	-100	-100
8	663	-100	-100
8	348	-100	-100
8	225	-100	-100
8	39	-100	-100
8	895	-100	-100
8	410	-100	-100
8	383	-100	-100
8	913	-100	-100
8	879	-100	-100
8	49	-100	-100
8	774	-100	-100
8	769	-100	-100
8	329	-100	-100
8	371	-100	-100
8	653	-100	-100
8	14	-100	-100
8	18	-100	-100
8	995	-100	-100
8	971	-100	-100
8	960	-100	-100
8	338	-100	-100
8	178	-100	-100
8	690	-100	-100
8	281	-100	-100
8	189	-100	-100
8	799	-100	-100
8	761	-100	-100
8	833	-100	-100
8	94	-100	-100
8	153	-100	-100
8	302	-100	-100
8	45	-100	-100
8	62	-100	-100
8	273	-100	-100
8	159	-100	-100
8	785	-100	-100
8	871	-100	-100
8	337	-100	-100
8	767	-100	-100
8	279	-100	-100
8	56	-100	-100
8	716	-100	-100
8	118	-100	-100
8	148	-100	-100
8	650	-100	-100
8	693	-100	-100
8	788	-100	-100
8	923	-100	-100
8	719	-100	-100
8	158	-100	-100
8	784	-100	-100
8	736	-100	-100
8	261	-100	-100
8	873	-100	-100
8	259	-100	-100
8	300	-100	-100
8	976	-100	-100
8	889	-100	-100
8	780	-100	-100
8	862	-100	-100
8	689	-100	-100
8	925	-100	-100
8	890	-100	-100
8	649	-100	-100
8	685	-100	-100
8	120	-100	-100
8	702	-100	-100
8	922	-100	-100
8	424	-100	-100
8	213	-100	-100
8	433	-100	-100
8	831	-100	-100
8	763	-100	-100
8	912	-100	-100
8	313	-100	-100
8	263	-100	-100
8	44	-100	-100
8	322	-100	-100
8	132	-100	-100
8	866	-100	-100
8	235	-100	-100
8	444	-100	-100
8	26	-100	-100
8	676	-100	-100
8	52	-100	-100
8	723	-100	-100
8	197	-100	-100
8	155	-100	-100
8	295	-100	-100
8	332	-100	-100
8	379	-100	-100
8	795	-100	-100
8	698	-100	-100
8	787	-100	-100
8	240	-100	-100
8	317	-100	-100
8	637	-100	-100
8	89	-100	-100
8	953	-100	-100
8	990	-100	-100
8	902	-100	-100
8	90	-100	-100
8	233	-100	-100
8	789	-100	-100
8	738	-100	-100
8	888	-100	-100
8	805	-100	-100
8	17	-100	-100
8	812	-100	-100
8	422	-100	-100
8	858	-100	-100
8	777	-100	-100
8	199	-100	-100
8	165	-100	-100
8	906	-100	-100
8	466	-100	-100
8	335	-100	-100
8	61	-100	-100
8	756	-100	-100
8	857	-100	-100
8	662	-100	-100
8	176	-100	-100
8	22	-100	-100
8	975	-100	-100
8	732	-100	-100
8	938	-100	-100
3	801	-100	-100
3	52	-100	-100
3	311	-100	-100
3	742	-100	-100
3	213	-100	-100
3	568	-100	-100
3	646	-100	-100
3	278	-100	-100
3	714	-100	-100
3	934	-100	-100
3	917	-100	-100
3	995	-100	-100
3	291	-100	-100
3	251	-100	-100
3	804	-100	-100
3	33	-100	-100
3	459	-100	-100
3	243	-100	-100
3	990	-100	-100
3	310	-100	-100
3	204	-100	-100
3	365	-100	-100
3	441	-100	-100
3	334	-100	-100
3	381	-100	-100
3	500	-100	-100
3	685	-100	-100
3	72	-100	-100
3	219	-100	-100
3	935	-100	-100
3	680	-100	-100
3	448	-100	-100
3	818	-100	-100
3	970	-100	-100
3	465	-100	-100
3	585	-100	-100
3	257	-100	-100
3	737	-100	-100
3	339	-100	-100
3	986	-100	-100
3	39	-100	-100
3	604	-100	-100
3	53	-100	-100
3	691	-100	-100
3	664	-100	-100
3	545	-100	-100
3	843	-100	-100
3	4	-100	-100
3	237	-100	-100
3	515	-100	-100
3	688	-100	-100
3	234	-100	-100
3	496	-100	-100
3	528	-100	-100
3	738	-100	-100
3	197	-100	-100
3	928	-100	-100
3	602	-100	-100
3	389	-100	-100
3	401	-100	-100
3	861	-100	-100
3	186	-100	-100
3	71	-100	-100
3	24	-100	-100
3	552	-100	-100
3	973	-100	-100
3	789	-100	-100
3	377	-100	-100
3	589	-100	-100
3	228	-100	-100
3	244	-100	-100
3	670	-100	-100
3	921	-100	-100
3	218	-100	-100
3	752	-100	-100
3	697	-100	-100
3	410	-100	-100
3	662	-100	-100
3	951	-100	-100
3	514	-100	-100
3	533	-100	-100
3	600	-100	-100
3	509	-100	-100
3	478	-100	-100
3	561	-100	-100
3	592	-100	-100
3	941	-100	-100
3	323	-100	-100
3	580	-100	-100
3	950	-100	-100
3	490	-100	-100
3	653	-100	-100
3	549	-100	-100
3	859	-100	-100
3	177	-100	-100
3	588	-100	-100
3	345	-100	-100
3	875	-100	-100
3	272	-100	-100
3	22	-100	-100
3	886	-100	-100
3	522	-100	-100
3	658	-100	-100
3	19	-100	-100
3	936	-100	-100
3	51	-100	-100
3	723	-100	-100
3	946	-100	-100
3	361	-100	-100
3	793	-100	-100
3	327	-100	-100
3	849	-100	-100
3	318	-100	-100
3	403	-100	-100
3	59	-100	-100
3	455	-100	-100
3	400	-100	-100
3	701	-100	-100
3	433	-100	-100
3	408	-100	-100
3	298	-100	-100
3	259	-100	-100
3	10	-100	-100
3	676	-100	-100
3	895	-100	-100
3	820	-100	-100
3	331	-100	-100
3	785	-100	-100
3	5	-100	-100
3	722	-100	-100
3	870	-100	-100
3	933	-100	-100
3	744	-100	-100
3	335	-100	-100
3	994	-100	-100
3	871	-100	-100
3	411	-100	-100
3	188	-100	-100
3	558	-100	-100
3	860	-100	-100
3	20	-100	-100
3	622	-100	-100
3	966	-100	-100
3	725	-100	-100
3	567	-100	-100
3	767	-100	-100
3	540	-100	-100
3	300	-100	-100
3	492	-100	-100
3	449	-100	-100
3	570	-100	-100
3	390	-100	-100
3	708	-100	-100
3	901	-100	-100
3	560	-100	-100
3	647	-100	-100
3	953	-100	-100
3	284	-100	-100
3	595	-100	-100
3	413	-100	-100
3	944	-100	-100
3	498	-100	-100
3	322	-100	-100
3	879	-100	-100
3	481	-100	-100
3	897	-100	-100
3	654	-100	-100
3	796	-100	-100
3	451	-100	-100
3	189	-100	-100
3	456	-100	-100
3	77	-100	-100
3	987	-100	-100
3	386	-100	-100
3	504	-100	-100
3	788	-100	-100
3	826	-100	-100
3	667	-100	-100
3	216	-100	-100
3	844	-100	-100
3	292	-100	-100
3	869	-100	-100
3	337	-100	-100
3	285	-100	-100
3	392	-100	-100
3	295	-100	-100
3	903	-100	-100
3	230	-100	-100
3	473	-100	-100
3	550	-100	-100
3	49	-100	-100
3	696	-100	-100
3	863	-100	-100
3	992	-100	-100
3	601	-100	-100
3	342	-100	-100
3	932	-100	-100
3	766	-100	-100
3	839	-100	-100
3	530	-100	-100
3	42	-100	-100
3	721	-100	-100
3	484	-100	-100
3	421	-100	-100
3	829	-100	-100
3	786	-100	-100
3	741	-100	-100
3	294	-100	-100
3	25	-100	-100
3	54	-100	-100
3	960	-100	-100
3	351	-100	-100
3	938	-100	-100
3	838	-100	-100
3	395	-100	-100
3	41	-100	-100
3	631	-100	-100
3	450	-100	-100
3	487	-100	-100
3	360	-100	-100
3	947	-100	-100
3	745	-100	-100
3	65	-100	-100
3	517	-100	-100
3	172	-100	-100
3	571	-100	-100
3	268	-100	-100
3	32	-100	-100
3	442	-100	-100
3	324	-100	-100
3	626	-100	-100
3	710	-100	-100
3	705	-100	-100
3	241	-100	-100
3	961	-100	-100
3	964	-100	-100
3	645	-100	-100
3	464	-100	-100
3	769	-100	-100
3	643	-100	-100
3	452	-100	-100
3	46	-100	-100
3	203	-100	-100
3	210	-100	-100
3	531	-100	-100
3	551	-100	-100
3	642	-100	-100
3	581	-100	-100
3	371	-100	-100
3	846	-100	-100
3	317	-100	-100
3	639	-100	-100
3	267	-100	-100
3	572	-100	-100
3	286	-100	-100
3	378	-100	-100
3	66	-100	-100
3	523	-100	-100
3	78	-100	-100
3	792	-100	-100
3	627	-100	-100
3	851	-100	-100
3	963	-100	-100
3	424	-100	-100
3	740	-100	-100
3	665	-100	-100
3	282	-100	-100
3	201	-100	-100
3	729	-100	-100
3	641	-100	-100
3	187	-100	-100
3	866	-100	-100
3	527	-100	-100
3	858	-100	-100
3	630	-100	-100
3	30	-100	-100
3	891	-100	-100
3	416	-100	-100
3	746	-100	-100
3	813	-100	-100
3	623	-100	-100
3	748	-100	-100
3	61	-100	-100
3	178	-100	-100
3	765	-100	-100
3	58	-100	-100
3	369	-100	-100
3	503	-100	-100
3	621	-100	-100
5	328	-100	-100
5	444	-100	-100
5	400	-100	-100
5	927	-100	-100
5	869	-100	-100
5	74	-100	-100
5	817	-100	-100
5	132	-100	-100
5	116	-100	-100
5	676	-100	-100
5	308	-100	-100
5	393	-100	-100
5	729	-100	-100
5	360	-100	-100
5	406	-100	-100
5	431	-100	-100
5	84	-100	-100
5	345	-100	-100
5	865	-100	-100
5	671	-100	-100
5	607	-100	-100
5	636	-100	-100
5	149	-100	-100
5	43	-100	-100
5	56	-100	-100
5	698	-100	-100
5	923	-100	-100
5	992	-100	-100
5	540	-100	-100
5	411	-100	-100
5	844	-100	-100
5	108	-100	-100
5	944	-100	-100
5	570	-100	-100
5	800	-100	-100
5	424	-100	-100
5	121	-100	-100
5	789	-100	-100
5	840	-100	-100
5	670	-100	-100
5	307	-100	-100
5	26	-100	-100
5	550	-100	-100
5	353	-100	-100
5	401	-100	-100
5	526	-100	-100
5	987	-100	-100
5	90	-100	-100
5	127	-100	-100
5	690	-100	-100
5	576	-100	-100
5	31	-100	-100
5	664	-100	-100
5	887	-100	-100
5	707	-100	-100
5	42	-100	-100
5	777	-100	-100
5	48	-100	-100
5	509	-100	-100
5	916	-100	-100
5	402	-100	-100
5	952	-100	-100
5	420	-100	-100
5	557	-100	-100
5	128	-100	-100
5	341	-100	-100
5	703	-100	-100
5	380	-100	-100
5	653	-100	-100
5	647	-100	-100
5	311	-100	-100
5	417	-100	-100
5	291	-100	-100
5	24	-100	-100
5	681	-100	-100
5	942	-100	-100
5	357	-100	-100
5	885	-100	-100
5	317	-100	-100
5	427	-100	-100
5	951	-100	-100
5	541	-100	-100
5	626	-100	-100
5	736	-100	-100
5	859	-100	-100
5	962	-100	-100
5	194	-100	-100
5	104	-100	-100
5	659	-100	-100
5	717	-100	-100
5	821	-100	-100
5	193	-100	-100
5	538	-100	-100
5	969	-100	-100
5	807	-100	-100
5	615	-100	-100
5	148	-100	-100
5	125	-100	-100
5	191	-100	-100
5	522	-100	-100
5	486	-100	-100
5	147	-100	-100
5	452	-100	-100
5	888	-100	-100
5	388	-100	-100
5	77	-100	-100
5	37	-100	-100
5	130	-100	-100
5	379	-100	-100
5	519	-100	-100
5	120	-100	-100
5	466	-100	-100
5	753	-100	-100
5	932	-100	-100
5	318	-100	-100
5	39	-100	-100
5	748	-100	-100
5	961	-100	-100
5	86	-100	-100
5	873	-100	-100
5	597	-100	-100
5	551	-100	-100
5	195	-100	-100
5	792	-100	-100
5	931	-100	-100
5	701	-100	-100
5	628	-100	-100
5	151	-100	-100
5	919	-100	-100
5	426	-100	-100
5	292	-100	-100
5	344	-100	-100
5	872	-100	-100
5	22	-100	-100
5	107	-100	-100
5	725	-100	-100
5	995	-100	-100
5	524	-100	-100
5	787	-100	-100
5	602	-100	-100
5	134	-100	-100
5	136	-100	-100
5	68	-100	-100
5	574	-100	-100
5	428	-100	-100
5	779	-100	-100
5	627	-100	-100
5	57	-100	-100
5	584	-100	-100
5	160	-100	-100
5	749	-100	-100
5	329	-100	-100
5	794	-100	-100
5	784	-100	-100
5	609	-100	-100
5	78	-100	-100
5	816	-100	-100
5	51	-100	-100
5	364	-100	-100
5	527	-100	-100
5	20	-100	-100
5	180	-100	-100
5	356	-100	-100
5	660	-100	-100
5	928	-100	-100
5	827	-100	-100
5	546	-100	-100
5	733	-100	-100
5	771	-100	-100
5	945	-100	-100
5	603	-100	-100
5	895	-100	-100
5	590	-100	-100
5	165	-100	-100
5	644	-100	-100
5	801	-100	-100
5	809	-100	-100
5	900	-100	-100
5	340	-100	-100
5	780	-100	-100
5	991	-100	-100
5	50	-100	-100
5	436	-100	-100
5	156	-100	-100
5	111	-100	-100
5	450	-100	-100
5	980	-100	-100
5	721	-100	-100
5	146	-100	-100
5	414	-100	-100
5	403	-100	-100
5	562	-100	-100
5	613	-100	-100
5	545	-100	-100
5	871	-100	-100
5	668	-100	-100
5	756	-100	-100
5	549	-100	-100
5	19	-100	-100
5	303	-100	-100
5	114	-100	-100
5	925	-100	-100
5	966	-100	-100
5	665	-100	-100
5	129	-100	-100
5	614	-100	-100
5	587	-100	-100
5	806	-100	-100
5	177	-100	-100
5	909	-100	-100
5	774	-100	-100
5	884	-100	-100
5	203	-100	-100
5	123	-100	-100
5	373	-100	-100
5	656	-100	-100
5	355	-100	-100
5	462	-100	-100
5	684	-100	-100
5	651	-100	-100
5	96	-100	-100
5	839	-100	-100
5	330	-100	-100
5	32	-100	-100
5	637	-100	-100
5	986	-100	-100
5	580	-100	-100
5	868	-100	-100
5	1000	-100	-100
5	145	-100	-100
5	957	-100	-100
5	642	-100	-100
5	445	-100	-100
5	773	-100	-100
5	361	-100	-100
5	776	-100	-100
5	464	-100	-100
5	429	-100	-100
5	620	-100	-100
5	728	-100	-100
5	565	-100	-100
5	83	-100	-100
5	396	-100	-100
5	322	-100	-100
5	890	-100	-100
5	643	-100	-100
5	374	-100	-100
5	981	-100	-100
5	457	-100	-100
5	767	-100	-100
5	655	-100	-100
5	735	-100	-100
5	983	-100	-100
5	494	-100	-100
5	911	-100	-100
5	560	-100	-100
5	17	-100	-100
5	288	-100	-100
5	965	-100	-100
5	446	-100	-100
5	335	-100	-100
5	109	-100	-100
5	383	-100	-100
5	696	-100	-100
5	354	-100	-100
5	319	-100	-100
5	852	-100	-100
5	112	-100	-100
5	949	-100	-100
5	797	-100	-100
5	81	-100	-100
5	36	-100	-100
5	296	-100	-100
5	654	-100	-100
5	572	-100	-100
5	185	-100	-100
5	883	-100	-100
5	903	-100	-100
5	837	-100	-100
5	497	-100	-100
5	667	-100	-100
5	94	-100	-100
5	80	-100	-100
5	378	-100	-100
5	786	-100	-100
5	662	-100	-100
5	518	-100	-100
5	512	-100	-100
5	66	-100	-100
5	732	-100	-100
5	988	-100	-100
5	205	-100	-100
5	842	-100	-100
5	558	-100	-100
5	478	-100	-100
1	471	-100	-100
1	243	-100	-100
1	210	-100	-100
1	140	-100	-100
1	128	-100	-100
1	608	-100	-100
1	130	-100	-100
1	746	-100	-100
1	847	-100	-100
1	551	-100	-100
1	564	-100	-100
1	736	-100	-100
1	965	-100	-100
1	231	-100	-100
1	597	-100	-100
1	536	-100	-100
1	141	-100	-100
1	333	-100	-100
1	691	-100	-100
1	116	-100	-100
1	914	-100	-100
1	558	-100	-100
1	114	-100	-100
1	766	-100	-100
1	828	-100	-100
1	411	-100	-100
1	561	-100	-100
1	92	-100	-100
1	763	-100	-100
1	583	-100	-100
1	494	-100	-100
1	838	-100	-100
1	187	-100	-100
1	806	-100	-100
1	805	-100	-100
1	696	-100	-100
1	367	-100	-100
1	237	-100	-100
1	143	-100	-100
1	166	-100	-100
1	825	-100	-100
1	365	-100	-100
1	530	-100	-100
1	330	-100	-100
1	576	-100	-100
1	613	-100	-100
1	512	-100	-100
1	309	-100	-100
1	377	-100	-100
1	733	-100	-100
1	816	-100	-100
1	573	-100	-100
1	253	-100	-100
1	142	-100	-100
1	434	-100	-100
1	260	-100	-100
1	702	-100	-100
1	697	-100	-100
1	618	-100	-100
1	347	-100	-100
1	211	-100	-100
1	156	-100	-100
1	669	-100	-100
1	358	-100	-100
1	877	-100	-100
1	633	-100	-100
1	76	-100	-100
1	581	-100	-100
1	792	-100	-100
1	339	-100	-100
1	784	-100	-100
1	578	-100	-100
1	75	-100	-100
1	310	-100	-100
1	203	-100	-100
1	791	-100	-100
1	790	-100	-100
1	927	-100	-100
1	123	-100	-100
1	906	-100	-100
1	678	-100	-100
1	870	-100	-100
1	198	-100	-100
1	376	-100	-100
1	734	-100	-100
1	460	-100	-100
1	642	-100	-100
1	144	-100	-100
1	414	-100	-100
1	600	-100	-100
1	620	-100	-100
1	326	-100	-100
1	485	-100	-100
1	263	-100	-100
1	477	-100	-100
1	233	-100	-100
1	393	-100	-100
1	979	-100	-100
1	604	-100	-100
1	911	-100	-100
1	272	-100	-100
1	971	-100	-100
1	836	-100	-100
1	285	-100	-100
1	89	-100	-100
1	478	-100	-100
1	771	-100	-100
1	596	-100	-100
1	264	-100	-100
1	602	-100	-100
1	859	-100	-100
1	924	-100	-100
1	291	-100	-100
1	884	-100	-100
1	759	-100	-100
1	953	-100	-100
1	966	-100	-100
1	337	-100	-100
1	546	-100	-100
1	177	-100	-100
1	518	-100	-100
1	359	-100	-100
1	440	-100	-100
1	779	-100	-100
1	853	-100	-100
1	641	-100	-100
1	770	-100	-100
1	344	-100	-100
1	987	-100	-100
1	588	-100	-100
1	508	-100	-100
1	752	-100	-100
1	117	-100	-100
1	688	-100	-100
1	913	-100	-100
1	465	-100	-100
1	963	-100	-100
1	495	-100	-100
1	509	-100	-100
1	170	-100	-100
1	738	-100	-100
1	955	-100	-100
1	193	-100	-100
1	439	-100	-100
1	316	-100	-100
1	354	-100	-100
1	844	-100	-100
1	957	-100	-100
1	852	-100	-100
1	98	-100	-100
1	412	-100	-100
1	356	-100	-100
1	898	-100	-100
1	762	-100	-100
1	90	-100	-100
1	621	-100	-100
1	107	-100	-100
1	882	-100	-100
1	462	-100	-100
1	279	-100	-100
1	498	-100	-100
1	290	-100	-100
1	410	-100	-100
1	235	-100	-100
1	720	-100	-100
1	157	-100	-100
1	630	-100	-100
1	741	-100	-100
1	800	-100	-100
1	832	-100	-100
1	942	-100	-100
1	541	-100	-100
1	674	-100	-100
1	372	-100	-100
1	575	-100	-100
1	301	-100	-100
1	778	-100	-100
1	930	-100	-100
1	954	-100	-100
1	932	-100	-100
1	454	-100	-100
1	360	-100	-100
1	827	-100	-100
1	981	-100	-100
1	645	-100	-100
1	857	-100	-100
1	194	-100	-100
1	923	-100	-100
1	730	-100	-100
1	500	-100	-100
1	683	-100	-100
1	501	-100	-100
1	824	-100	-100
1	379	-100	-100
1	223	-100	-100
1	656	-100	-100
1	228	-100	-100
1	732	-100	-100
1	902	-100	-100
1	634	-100	-100
1	879	-100	-100
1	970	-100	-100
1	670	-100	-100
1	391	-100	-100
1	527	-100	-100
1	289	-100	-100
1	526	-100	-100
1	577	-100	-100
1	385	-100	-100
1	331	-100	-100
1	251	-100	-100
1	115	-100	-100
1	996	-100	-100
1	675	-100	-100
1	224	-100	-100
1	361	-100	-100
1	492	-100	-100
1	708	-100	-100
1	286	-100	-100
1	336	-100	-100
1	390	-100	-100
1	284	-100	-100
1	444	-100	-100
1	464	-100	-100
1	819	-100	-100
1	801	-100	-100
1	635	-100	-100
1	895	-100	-100
1	795	-100	-100
1	946	-100	-100
1	461	-100	-100
1	423	-100	-100
1	694	-100	-100
1	671	-100	-100
1	480	-100	-100
1	300	-100	-100
1	474	-100	-100
1	259	-100	-100
1	95	-100	-100
1	624	-100	-100
1	287	-100	-100
1	110	-100	-100
1	519	-100	-100
1	308	-100	-100
1	248	-100	-100
1	874	-100	-100
1	409	-100	-100
1	889	-100	-100
1	603	-100	-100
1	398	-100	-100
1	449	-100	-100
1	692	-100	-100
1	176	-100	-100
1	769	-100	-100
1	655	-100	-100
1	112	-100	-100
1	467	-100	-100
1	750	-100	-100
1	781	-100	-100
1	341	-100	-100
1	323	-100	-100
1	137	-100	-100
1	534	-100	-100
1	890	-100	-100
1	744	-100	-100
1	88	-100	-100
1	631	-100	-100
1	418	-100	-100
1	978	-100	-100
1	514	-100	-100
1	236	-100	-100
1	969	-100	-100
1	908	-100	-100
1	625	-100	-100
1	802	-100	-100
1	788	-100	-100
1	352	-100	-100
1	528	-100	-100
1	947	-100	-100
1	940	-100	-100
1	240	-100	-100
1	232	-100	-100
1	939	-100	-100
1	185	-100	-100
1	912	-100	-100
1	799	-100	-100
1	78	-100	-100
1	83	-100	-100
1	639	-100	-100
1	328	-100	-100
1	878	-100	-100
1	135	-100	-100
1	894	-100	-100
1	82	-100	-100
1	437	-100	-100
1	787	-100	-100
1	538	-100	-100
1	158	-100	-100
1	208	-100	-100
1	764	-100	-100
1	553	-100	-100
1	442	-100	-100
1	560	-100	-100
1	417	-100	-100
1	122	-100	-100
1	737	-100	-100
1	169	-100	-100
1	91	-100	-100
1	753	-100	-100
4	458	-100	-100
4	54	-100	-100
4	997	-100	-100
4	705	-100	-100
4	993	-100	-100
4	52	-100	-100
4	62	-100	-100
4	625	-100	-100
4	424	-100	-100
4	22	-100	-100
4	566	-100	-100
4	45	-100	-100
4	902	-100	-100
4	786	-100	-100
4	905	-100	-100
4	299	-100	-100
4	972	-100	-100
4	621	-100	-100
4	636	-100	-100
4	574	-100	-100
4	646	-100	-100
4	979	-100	-100
4	55	-100	-100
4	414	-100	-100
4	147	-100	-100
4	803	-100	-100
4	598	-100	-100
4	735	-100	-100
4	521	-100	-100
4	468	-100	-100
4	427	-100	-100
4	850	-100	-100
4	395	-100	-100
4	80	-100	-100
4	995	-100	-100
4	915	-100	-100
4	484	-100	-100
4	934	-100	-100
4	951	-100	-100
4	690	-100	-100
4	756	-100	-100
4	218	-100	-100
4	641	-100	-100
4	921	-100	-100
4	347	-100	-100
4	209	-100	-100
4	323	-100	-100
4	423	-100	-100
4	392	-100	-100
4	704	-100	-100
4	531	-100	-100
4	825	-100	-100
4	774	-100	-100
4	649	-100	-100
4	304	-100	-100
4	82	-100	-100
4	125	-100	-100
4	550	-100	-100
4	811	-100	-100
4	663	-100	-100
4	846	-100	-100
4	745	-100	-100
4	249	-100	-100
4	685	-100	-100
4	32	-100	-100
4	821	-100	-100
4	123	-100	-100
4	76	-100	-100
4	546	-100	-100
4	104	-100	-100
4	397	-100	-100
4	730	-100	-100
4	616	-100	-100
4	135	-100	-100
4	949	-100	-100
4	808	-100	-100
4	957	-100	-100
4	759	-100	-100
4	438	-100	-100
4	217	-100	-100
4	652	-100	-100
4	471	-100	-100
4	701	-100	-100
4	278	-100	-100
4	966	-100	-100
4	865	-100	-100
4	804	-100	-100
4	362	-100	-100
4	449	-100	-100
4	841	-100	-100
4	540	-100	-100
4	673	-100	-100
4	34	-100	-100
4	986	-100	-100
4	592	-100	-100
4	401	-100	-100
4	467	-100	-100
4	910	-100	-100
4	422	-100	-100
4	989	-100	-100
4	988	-100	-100
4	933	-100	-100
4	86	-100	-100
4	48	-100	-100
4	879	-100	-100
4	693	-100	-100
4	608	-100	-100
4	261	-100	-100
4	651	-100	-100
4	111	-100	-100
4	325	-100	-100
4	488	-100	-100
4	901	-100	-100
4	232	-100	-100
4	629	-100	-100
4	599	-100	-100
4	740	-100	-100
4	778	-100	-100
4	894	-100	-100
4	657	-100	-100
4	410	-100	-100
4	800	-100	-100
4	42	-100	-100
4	336	-100	-100
4	519	-100	-100
4	457	-100	-100
4	514	-100	-100
4	938	-100	-100
4	922	-100	-100
4	498	-100	-100
4	72	-100	-100
4	97	-100	-100
4	478	-100	-100
4	469	-100	-100
4	854	-100	-100
4	51	-100	-100
4	584	-100	-100
4	10	-100	-100
4	164	-100	-100
4	565	-100	-100
4	277	-100	-100
4	118	-100	-100
4	689	-100	-100
4	368	-100	-100
4	462	-100	-100
4	350	-100	-100
4	398	-100	-100
4	903	-100	-100
4	769	-100	-100
4	912	-100	-100
4	279	-100	-100
4	630	-100	-100
4	687	-100	-100
4	262	-100	-100
4	331	-100	-100
4	70	-100	-100
4	315	-100	-100
4	967	-100	-100
4	442	-100	-100
4	459	-100	-100
4	615	-100	-100
4	371	-100	-100
4	443	-100	-100
4	614	-100	-100
4	849	-100	-100
4	338	-100	-100
4	732	-100	-100
4	335	-100	-100
4	358	-100	-100
4	491	-100	-100
4	703	-100	-100
4	109	-100	-100
4	874	-100	-100
4	743	-100	-100
4	346	-100	-100
4	282	-100	-100
4	312	-100	-100
4	314	-100	-100
4	473	-100	-100
4	455	-100	-100
4	872	-100	-100
4	386	-100	-100
4	896	-100	-100
4	463	-100	-100
4	585	-100	-100
4	968	-100	-100
4	308	-100	-100
4	983	-100	-100
4	720	-100	-100
4	684	-100	-100
4	101	-100	-100
4	755	-100	-100
4	477	-100	-100
4	479	-100	-100
4	288	-100	-100
4	632	-100	-100
4	326	-100	-100
4	293	-100	-100
4	560	-100	-100
4	779	-100	-100
4	481	-100	-100
4	815	-100	-100
4	500	-100	-100
4	112	-100	-100
4	999	-100	-100
4	296	-100	-100
4	871	-100	-100
4	542	-100	-100
4	99	-100	-100
4	133	-100	-100
4	929	-100	-100
4	85	-100	-100
4	110	-100	-100
4	69	-100	-100
4	809	-100	-100
4	522	-100	-100
4	239	-100	-100
4	882	-100	-100
4	881	-100	-100
4	812	-100	-100
4	869	-100	-100
4	737	-100	-100
4	794	-100	-100
4	65	-100	-100
4	74	-100	-100
4	248	-100	-100
4	474	-100	-100
4	153	-100	-100
4	714	-100	-100
4	486	-100	-100
4	160	-100	-100
4	974	-100	-100
4	507	-100	-100
4	311	-100	-100
4	736	-100	-100
4	319	-100	-100
4	94	-100	-100
4	364	-100	-100
4	115	-100	-100
4	836	-100	-100
4	126	-100	-100
4	472	-100	-100
4	790	-100	-100
4	677	-100	-100
4	425	-100	-100
4	593	-100	-100
4	960	-100	-100
4	511	-100	-100
4	883	-100	-100
4	733	-100	-100
4	363	-100	-100
4	225	-100	-100
4	58	-100	-100
4	726	-100	-100
4	773	-100	-100
4	317	-100	-100
4	106	-100	-100
4	322	-100	-100
4	680	-100	-100
4	835	-100	-100
4	165	-100	-100
4	639	-100	-100
4	978	-100	-100
4	219	-100	-100
4	452	-100	-100
4	829	-100	-100
4	151	-100	-100
4	428	-100	-100
4	329	-100	-100
4	383	-100	-100
4	977	-100	-100
4	731	-100	-100
4	300	-100	-100
4	668	-100	-100
4	911	-100	-100
4	782	-100	-100
4	29	-100	-100
4	122	-100	-100
4	970	-100	-100
4	390	-100	-100
4	40	-100	-100
4	806	-100	-100
4	792	-100	-100
4	235	-100	-100
4	157	-100	-100
4	216	-100	-100
4	102	-100	-100
4	940	-100	-100
4	791	-100	-100
4	959	-100	-100
4	24	-100	-100
4	943	-100	-100
4	242	-100	-100
4	406	-100	-100
4	64	-100	-100
4	866	-100	-100
4	432	-100	-100
4	945	-100	-100
4	891	-100	-100
4	289	-100	-100
4	909	-100	-100
4	856	-100	-100
4	886	-100	-100
4	513	-100	-100
4	765	-100	-100
4	563	-100	-100
4	93	-100	-100
4	530	-100	-100
4	936	-100	-100
4	823	-100	-100
4	884	-100	-100
4	16	-100	-100
4	152	-100	-100
4	92	-100	-100
4	595	-100	-100
4	780	-100	-100
4	721	-100	-100
4	226	-100	-100
4	860	-100	-100
4	576	-100	-100
4	270	-100	-100
4	370	-100	-100
4	679	-100	-100
4	569	-100	-100
4	981	-100	-100
4	763	-100	-100
4	725	-100	-100
4	28	-100	-100
4	526	-100	-100
4	433	-100	-100
4	887	-100	-100
4	867	-100	-100
4	271	-100	-100
4	851	-100	-100
4	975	-100	-100
4	420	-100	-100
4	345	-100	-100
4	30	-100	-100
4	539	-100	-100
4	496	-100	-100
4	360	-100	-100
4	417	-100	-100
7	937	-100	-100
7	894	-100	-100
7	802	-100	-100
7	323	-100	-100
7	651	-100	-100
7	378	-100	-100
7	926	-100	-100
7	927	-100	-100
7	829	-100	-100
7	800	-100	-100
7	140	-100	-100
7	205	-100	-100
7	13	-100	-100
7	338	-100	-100
7	880	-100	-100
7	325	-100	-100
7	987	-100	-100
7	442	-100	-100
7	949	-100	-100
7	241	-100	-100
7	345	-100	-100
7	857	-100	-100
7	858	-100	-100
7	84	-100	-100
7	773	-100	-100
7	287	-100	-100
7	253	-100	-100
7	123	-100	-100
7	642	-100	-100
7	586	-100	-100
7	379	-100	-100
7	732	-100	-100
7	233	-100	-100
7	384	-100	-100
7	242	-100	-100
7	342	-100	-100
7	808	-100	-100
7	641	-100	-100
7	443	-100	-100
7	412	-100	-100
7	90	-100	-100
7	694	-100	-100
7	928	-100	-100
7	893	-100	-100
7	208	-100	-100
7	529	-100	-100
7	822	-100	-100
7	144	-100	-100
7	846	-100	-100
7	754	-100	-100
7	683	-100	-100
7	626	-100	-100
7	785	-100	-100
7	712	-100	-100
7	298	-100	-100
7	440	-100	-100
7	364	-100	-100
7	158	-100	-100
7	63	-100	-100
7	197	-100	-100
7	228	-100	-100
7	390	-100	-100
7	652	-100	-100
7	796	-100	-100
7	297	-100	-100
7	99	-100	-100
7	517	-100	-100
7	967	-100	-100
7	274	-100	-100
7	728	-100	-100
7	131	-100	-100
7	266	-100	-100
7	615	-100	-100
7	956	-100	-100
7	67	-100	-100
7	220	-100	-100
7	168	-100	-100
7	381	-100	-100
7	976	-100	-100
7	76	-100	-100
7	746	-100	-100
7	307	-100	-100
7	135	-100	-100
7	398	-100	-100
7	489	-100	-100
7	262	-100	-100
7	312	-100	-100
7	843	-100	-100
7	533	-100	-100
7	936	-100	-100
7	150	-100	-100
7	566	-100	-100
7	627	-100	-100
7	421	-100	-100
7	649	-100	-100
7	198	-100	-100
7	625	-100	-100
7	916	-100	-100
7	22	-100	-100
7	575	-100	-100
7	515	-100	-100
7	985	-100	-100
7	40	-100	-100
7	408	-100	-100
7	596	-100	-100
7	236	-100	-100
7	622	-100	-100
7	535	-100	-100
7	173	-100	-100
7	817	-100	-100
7	609	-100	-100
7	283	-100	-100
7	238	-100	-100
7	875	-100	-100
7	572	-100	-100
7	593	-100	-100
7	108	-100	-100
7	177	-100	-100
7	472	-100	-100
7	735	-100	-100
7	58	-100	-100
7	353	-100	-100
7	147	-100	-100
7	682	-100	-100
7	532	-100	-100
7	772	-100	-100
7	304	-100	-100
7	258	-100	-100
7	413	-100	-100
7	433	-100	-100
7	497	-100	-100
7	1000	-100	-100
7	567	-100	-100
7	167	-100	-100
7	560	-100	-100
7	485	-100	-100
7	821	-100	-100
7	250	-100	-100
7	354	-100	-100
7	591	-100	-100
7	901	-100	-100
7	207	-100	-100
7	477	-100	-100
7	865	-100	-100
7	488	-100	-100
7	115	-100	-100
7	559	-100	-100
7	798	-100	-100
7	42	-100	-100
7	410	-100	-100
7	943	-100	-100
7	289	-100	-100
7	308	-100	-100
7	909	-100	-100
7	509	-100	-100
7	677	-100	-100
7	784	-100	-100
7	431	-100	-100
7	126	-100	-100
7	133	-100	-100
7	771	-100	-100
7	111	-100	-100
7	68	-100	-100
7	837	-100	-100
7	994	-100	-100
7	77	-100	-100
7	445	-100	-100
7	29	-100	-100
7	820	-100	-100
7	998	-100	-100
7	797	-100	-100
7	918	-100	-100
7	932	-100	-100
7	975	-100	-100
7	872	-100	-100
7	125	-100	-100
7	671	-100	-100
7	264	-100	-100
7	259	-100	-100
7	952	-100	-100
7	340	-100	-100
7	738	-100	-100
7	225	-100	-100
7	327	-100	-100
7	540	-100	-100
7	492	-100	-100
7	751	-100	-100
7	564	-100	-100
7	81	-100	-100
7	704	-100	-100
7	673	-100	-100
7	377	-100	-100
7	145	-100	-100
7	556	-100	-100
7	723	-100	-100
7	35	-100	-100
7	337	-100	-100
7	52	-100	-100
7	541	-100	-100
7	319	-100	-100
7	993	-100	-100
7	179	-100	-100
7	616	-100	-100
7	213	-100	-100
7	731	-100	-100
7	663	-100	-100
7	64	-100	-100
7	623	-100	-100
7	361	-100	-100
7	416	-100	-100
7	951	-100	-100
7	810	-100	-100
7	546	-100	-100
7	600	-100	-100
7	50	-100	-100
7	748	-100	-100
7	847	-100	-100
7	39	-100	-100
7	512	-100	-100
7	867	-100	-100
7	698	-100	-100
7	270	-100	-100
7	437	-100	-100
7	120	-100	-100
7	102	-100	-100
7	708	-100	-100
7	739	-100	-100
7	129	-100	-100
7	528	-100	-100
7	371	-100	-100
7	963	-100	-100
7	899	-100	-100
7	700	-100	-100
7	303	-100	-100
7	706	-100	-100
7	201	-100	-100
7	302	-100	-100
7	418	-100	-100
7	969	-100	-100
7	996	-100	-100
7	441	-100	-100
7	382	-100	-100
7	514	-100	-100
7	71	-100	-100
7	599	-100	-100
7	650	-100	-100
7	547	-100	-100
7	288	-100	-100
7	968	-100	-100
7	291	-100	-100
7	239	-100	-100
7	878	-100	-100
7	97	-100	-100
7	176	-100	-100
7	942	-100	-100
7	745	-100	-100
7	186	-100	-100
7	310	-100	-100
7	579	-100	-100
7	45	-100	-100
7	974	-100	-100
7	760	-100	-100
7	788	-100	-100
7	100	-100	-100
7	427	-100	-100
7	774	-100	-100
7	121	-100	-100
7	394	-100	-100
7	139	-100	-100
7	775	-100	-100
7	218	-100	-100
7	450	-100	-100
7	645	-100	-100
7	232	-100	-100
7	752	-100	-100
7	666	-100	-100
7	905	-100	-100
7	611	-100	-100
7	613	-100	-100
7	965	-100	-100
7	589	-100	-100
7	429	-100	-100
7	845	-100	-100
7	104	-100	-100
7	933	-100	-100
7	917	-100	-100
7	284	-100	-100
7	577	-100	-100
7	944	-100	-100
7	679	-100	-100
7	355	-100	-100
7	854	-100	-100
7	98	-100	-100
7	888	-100	-100
7	844	-100	-100
7	703	-100	-100
7	727	-100	-100
7	245	-100	-100
7	570	-100	-100
7	705	-100	-100
7	54	-100	-100
7	187	-100	-100
7	330	-100	-100
7	647	-100	-100
7	49	-100	-100
7	316	-100	-100
7	897	-100	-100
7	495	-100	-100
7	786	-100	-100
7	903	-100	-100
7	203	-100	-100
7	313	-100	-100
7	912	-100	-100
7	174	-100	-100
7	359	-100	-100
7	980	-100	-100
7	716	-100	-100
7	900	-100	-100
7	863	-100	-100
7	710	-100	-100
7	604	-100	-100
7	835	-100	-100
7	392	-100	-100
7	581	-100	-100
7	352	-100	-100
7	610	-100	-100
7	804	-100	-100
7	18	-100	-100
7	155	-100	-100
7	873	-100	-100
7	690	-100	-100
7	397	-100	-100
7	231	-100	-100
7	152	-100	-100
7	914	-100	-100
7	365	-100	-100
7	620	-100	-100
7	370	-100	-100
7	500	-100	-100
7	848	-100	-100
7	373	-100	-100
7	832	-100	-100
7	557	-100	-100
7	211	-100	-100
7	234	-100	-100
7	605	-100	-100
7	583	-100	-100
7	811	-100	-100
7	79	-100	-100
7	780	-100	-100
7	839	-100	-100
7	618	-100	-100
7	279	-100	-100
7	193	-100	-100
7	931	-100	-100
7	420	-100	-100
2	800	-100	-100
2	591	-100	-100
2	545	-100	-100
2	113	-100	-100
2	880	-100	-100
2	260	-100	-100
2	36	-100	-100
2	411	-100	-100
2	523	-100	-100
2	865	-100	-100
2	966	-100	-100
2	460	-100	-100
2	51	-100	-100
2	125	-100	-100
2	165	-100	-100
2	518	-100	-100
2	157	-100	-100
2	288	-100	-100
2	305	-100	-100
2	308	-100	-100
2	335	-100	-100
2	788	-100	-100
2	513	-100	-100
2	304	-100	-100
2	626	-100	-100
2	500	-100	-100
2	954	-100	-100
2	911	-100	-100
2	797	-100	-100
2	794	-100	-100
2	508	-100	-100
2	274	-100	-100
2	61	-100	-100
2	427	-100	-100
2	585	-100	-100
2	107	-100	-100
2	719	-100	-100
2	127	-100	-100
2	614	-100	-100
2	371	-100	-100
2	739	-100	-100
2	772	-100	-100
2	449	-100	-100
2	827	-100	-100
2	850	-100	-100
2	395	-100	-100
2	314	-100	-100
2	192	-100	-100
2	160	-100	-100
2	548	-100	-100
2	693	-100	-100
2	945	-100	-100
2	766	-100	-100
2	375	-100	-100
2	793	-100	-100
2	889	-100	-100
2	374	-100	-100
2	726	-100	-100
2	735	-100	-100
2	926	-100	-100
2	777	-100	-100
2	302	-100	-100
2	350	-100	-100
2	344	-100	-100
2	169	-100	-100
2	497	-100	-100
2	382	-100	-100
2	949	-100	-100
2	579	-100	-100
2	235	-100	-100
2	278	-100	-100
2	95	-100	-100
2	229	-100	-100
2	771	-100	-100
2	957	-100	-100
2	635	-100	-100
2	646	-100	-100
2	468	-100	-100
2	670	-100	-100
2	466	-100	-100
2	14	-100	-100
2	829	-100	-100
2	757	-100	-100
2	537	-100	-100
2	717	-100	-100
2	394	-100	-100
2	499	-100	-100
2	679	-100	-100
2	444	-100	-100
2	45	-100	-100
2	458	-100	-100
2	764	-100	-100
2	697	-100	-100
2	34	-100	-100
2	493	-100	-100
2	489	-100	-100
2	242	-100	-100
2	13	-100	-100
2	547	-100	-100
2	247	-100	-100
2	580	-100	-100
2	180	-100	-100
2	554	-100	-100
2	199	-100	-100
2	86	-100	-100
2	459	-100	-100
2	862	-100	-100
2	571	-100	-100
2	391	-100	-100
2	511	-100	-100
2	935	-100	-100
2	167	-100	-100
2	648	-100	-100
2	137	-100	-100
2	213	-100	-100
2	895	-100	-100
2	240	-100	-100
2	851	-100	-100
2	209	-100	-100
2	820	-100	-100
2	514	-100	-100
2	265	-100	-100
2	828	-100	-100
2	620	-100	-100
2	810	-100	-100
2	602	-100	-100
2	245	-100	-100
2	297	-100	-100
2	487	-100	-100
2	405	-100	-100
2	673	-100	-100
2	589	-100	-100
2	377	-100	-100
2	763	-100	-100
2	990	-100	-100
2	774	-100	-100
2	975	-100	-100
2	706	-100	-100
2	891	-100	-100
2	750	-100	-100
2	536	-100	-100
2	472	-100	-100
2	559	-100	-100
2	847	-100	-100
2	893	-100	-100
2	148	-100	-100
2	114	-100	-100
2	636	-100	-100
2	27	-100	-100
2	691	-100	-100
2	643	-100	-100
2	904	-100	-100
2	960	-100	-100
2	737	-100	-100
2	22	-100	-100
2	623	-100	-100
2	976	-100	-100
2	575	-100	-100
2	60	-100	-100
2	384	-100	-100
2	678	-100	-100
2	824	-100	-100
2	978	-100	-100
2	111	-100	-100
2	669	-100	-100
2	238	-100	-100
2	481	-100	-100
2	989	-100	-100
2	965	-100	-100
2	713	-100	-100
2	963	-100	-100
2	885	-100	-100
2	815	-100	-100
2	443	-100	-100
2	665	-100	-100
2	211	-100	-100
2	672	-100	-100
2	985	-100	-100
2	641	-100	-100
2	535	-100	-100
2	894	-100	-100
2	629	-100	-100
2	414	-100	-100
2	769	-100	-100
2	813	-100	-100
2	802	-100	-100
2	586	-100	-100
2	927	-100	-100
2	35	-100	-100
2	731	-100	-100
2	295	-100	-100
2	210	-100	-100
2	915	-100	-100
2	313	-100	-100
2	787	-100	-100
2	58	-100	-100
2	830	-100	-100
2	861	-100	-100
2	189	-100	-100
2	812	-100	-100
2	785	-100	-100
2	987	-100	-100
2	494	-100	-100
2	166	-100	-100
2	916	-100	-100
2	708	-100	-100
2	435	-100	-100
2	104	-100	-100
2	573	-100	-100
2	527	-100	-100
2	742	-100	-100
2	144	-100	-100
2	191	-100	-100
2	563	-100	-100
2	80	-100	-100
2	326	-100	-100
2	64	-100	-100
2	792	-100	-100
2	262	-100	-100
2	250	-100	-100
2	703	-100	-100
2	941	-100	-100
2	142	-100	-100
2	833	-100	-100
2	662	-100	-100
2	653	-100	-100
2	661	-100	-100
2	372	-100	-100
2	432	-100	-100
2	857	-100	-100
2	814	-100	-100
2	819	-100	-100
2	724	-100	-100
2	433	-100	-100
2	609	-100	-100
2	438	-100	-100
2	227	-100	-100
2	417	-100	-100
2	328	-100	-100
2	158	-100	-100
2	239	-100	-100
2	286	-100	-100
2	284	-100	-100
2	909	-100	-100
2	928	-100	-100
2	316	-100	-100
2	597	-100	-100
2	768	-100	-100
2	570	-100	-100
2	918	-100	-100
2	698	-100	-100
2	442	-100	-100
2	502	-100	-100
2	398	-100	-100
2	93	-100	-100
2	309	-100	-100
2	455	-100	-100
2	491	-100	-100
2	202	-100	-100
2	924	-100	-100
2	100	-100	-100
2	856	-100	-100
2	569	-100	-100
2	948	-100	-100
2	782	-100	-100
2	33	-100	-100
2	716	-100	-100
2	522	-100	-100
2	541	-100	-100
2	921	-100	-100
2	232	-100	-100
2	601	-100	-100
2	610	-100	-100
2	134	-100	-100
2	315	-100	-100
2	540	-100	-100
2	855	-100	-100
2	907	-100	-100
2	292	-100	-100
2	136	-100	-100
2	130	-100	-100
2	311	-100	-100
2	312	-100	-100
2	854	-100	-100
2	981	-100	-100
2	360	-100	-100
2	776	-100	-100
2	786	-100	-100
2	399	-100	-100
2	173	-100	-100
2	922	-100	-100
2	804	-100	-100
2	476	-100	-100
2	520	-100	-100
2	584	-100	-100
2	953	-100	-100
2	331	-100	-100
2	94	-100	-100
2	145	-100	-100
2	123	-100	-100
2	290	-100	-100
2	40	-100	-100
2	770	-100	-100
2	362	-100	-100
2	225	-100	-100
2	517	-100	-100
2	299	-100	-100
2	177	-100	-100
2	688	-100	-100
2	867	-100	-100
2	203	-100	-100
2	696	-100	-100
2	252	-100	-100
2	393	-100	-100
2	505	-100	-100
2	271	-100	-100
2	102	-100	-100
2	592	-100	-100
2	637	-100	-100
2	886	-100	-100
2	566	-100	-100
2	685	-100	-100
2	154	-100	-100
2	743	-100	-100
2	10	-100	-100
2	932	-100	-100
2	368	-100	-100
2	150	-100	-100
2	632	-100	-100
2	681	-100	-100
2	938	-100	-100
2	630	-100	-100
2	912	-100	-100
2	208	-100	-100
2	612	-100	-100
2	783	-100	-100
2	944	-100	-100
2	682	-100	-100
2	843	-100	-100
2	259	-100	-100
2	762	-100	-100
2	872	-100	-100
2	357	-100	-100
2	457	-100	-100
2	24	-100	-100
2	821	-100	-100
2	201	-100	-100
2	396	-100	-100
2	997	-100	-100
2	92	-100	-100
2	243	-100	-100
2	261	-100	-100
2	676	-100	-100
2	959	-100	-100
2	897	-100	-100
2	588	-100	-100
2	418	-100	-100
2	200	-100	-100
2	942	-100	-100
2	183	-100	-100
2	668	-100	-100
2	690	-100	-100
2	279	-100	-100
2	564	-100	-100
2	606	-100	-100
2	175	-100	-100
2	482	-100	-100
2	409	-100	-100
2	846	-100	-100
2	184	-100	-100
2	151	-100	-100
2	903	-100	-100
22	452	-100	-100
22	372	-100	-100
22	409	-100	-100
22	446	-100	-100
22	826	-100	-100
22	553	-100	-100
22	36	-100	-100
22	174	-100	-100
22	840	-100	-100
22	533	-100	-100
22	108	-100	-100
22	212	-100	-100
22	313	-100	-100
22	681	-100	-100
22	270	-100	-100
22	207	-100	-100
22	500	-100	-100
22	603	-100	-100
22	647	-100	-100
22	787	-100	-100
22	846	-100	-100
22	953	-100	-100
22	28	-100	-100
22	20	-100	-100
22	278	-100	-100
22	794	-100	-100
22	842	-100	-100
22	856	-100	-100
22	669	-100	-100
22	520	-100	-100
22	948	-100	-100
22	908	-100	-100
22	59	-100	-100
22	995	-100	-100
22	937	-100	-100
22	572	-100	-100
22	548	-100	-100
22	770	-100	-100
22	777	-100	-100
22	280	-100	-100
22	11	-100	-100
22	934	-100	-100
22	392	-100	-100
22	499	-100	-100
22	84	-100	-100
22	844	-100	-100
22	695	-100	-100
22	232	-100	-100
22	893	-100	-100
22	795	-100	-100
22	276	-100	-100
22	484	-100	-100
22	347	-100	-100
22	804	-100	-100
22	340	-100	-100
22	197	-100	-100
22	143	-100	-100
22	403	-100	-100
22	297	-100	-100
22	986	-100	-100
22	185	-100	-100
22	890	-100	-100
22	294	-100	-100
22	624	-100	-100
22	640	-100	-100
22	116	-100	-100
22	336	-100	-100
22	706	-100	-100
22	707	-100	-100
22	158	-100	-100
22	516	-100	-100
22	683	-100	-100
22	551	-100	-100
22	327	-100	-100
22	910	-100	-100
22	652	-100	-100
22	308	-100	-100
22	47	-100	-100
22	216	-100	-100
22	970	-100	-100
22	344	-100	-100
22	643	-100	-100
22	478	-100	-100
22	760	-100	-100
22	395	-100	-100
22	982	-100	-100
22	659	-100	-100
22	524	-100	-100
22	166	-100	-100
22	365	-100	-100
22	586	-100	-100
22	26	-100	-100
22	78	-100	-100
22	855	-100	-100
22	653	-100	-100
22	271	-100	-100
22	275	-100	-100
22	373	-100	-100
22	716	-100	-100
22	745	-100	-100
22	506	-100	-100
22	328	-100	-100
22	375	-100	-100
22	833	-100	-100
22	364	-100	-100
22	625	-100	-100
22	537	-100	-100
22	281	-100	-100
22	936	-100	-100
22	460	-100	-100
22	584	-100	-100
22	510	-100	-100
22	416	-100	-100
22	715	-100	-100
22	607	-100	-100
22	222	-100	-100
22	321	-100	-100
22	763	-100	-100
22	206	-100	-100
22	797	-100	-100
22	752	-100	-100
22	277	-100	-100
22	68	-100	-100
22	566	-100	-100
22	219	-100	-100
22	323	-100	-100
22	527	-100	-100
22	507	-100	-100
22	571	-100	-100
22	784	-100	-100
22	585	-100	-100
22	252	-100	-100
22	379	-100	-100
22	708	-100	-100
22	448	-100	-100
22	502	-100	-100
22	140	-100	-100
22	852	-100	-100
22	137	-100	-100
22	92	-100	-100
22	404	-100	-100
22	591	-100	-100
22	988	-100	-100
22	635	-100	-100
22	447	-100	-100
22	868	-100	-100
22	50	-100	-100
22	103	-100	-100
22	617	-100	-100
22	726	-100	-100
22	662	-100	-100
22	142	-100	-100
22	744	-100	-100
22	879	-100	-100
22	938	-100	-100
22	975	-100	-100
22	820	-100	-100
22	61	-100	-100
22	173	-100	-100
22	72	-100	-100
22	906	-100	-100
22	956	-100	-100
22	990	-100	-100
22	333	-100	-100
22	671	-100	-100
22	761	-100	-100
22	94	-100	-100
22	399	-100	-100
22	634	-100	-100
22	689	-100	-100
22	734	-100	-100
22	864	-100	-100
22	541	-100	-100
22	105	-100	-100
22	99	-100	-100
22	358	-100	-100
22	554	-100	-100
22	466	-100	-100
22	145	-100	-100
22	469	-100	-100
22	785	-100	-100
22	629	-100	-100
22	367	-100	-100
22	23	-100	-100
22	155	-100	-100
22	922	-100	-100
22	282	-100	-100
22	699	-100	-100
22	450	-100	-100
22	639	-100	-100
22	930	-100	-100
22	398	-100	-100
22	522	-100	-100
22	697	-100	-100
22	737	-100	-100
22	782	-100	-100
22	498	-100	-100
22	329	-100	-100
22	186	-100	-100
22	991	-100	-100
22	592	-100	-100
22	342	-100	-100
22	371	-100	-100
22	598	-100	-100
22	766	-100	-100
22	612	-100	-100
22	56	-100	-100
22	565	-100	-100
22	642	-100	-100
22	914	-100	-100
22	183	-100	-100
22	606	-100	-100
22	377	-100	-100
22	883	-100	-100
22	917	-100	-100
22	574	-100	-100
22	886	-100	-100
22	968	-100	-100
22	583	-100	-100
22	168	-100	-100
22	414	-100	-100
22	437	-100	-100
22	921	-100	-100
22	283	-100	-100
22	394	-100	-100
22	413	-100	-100
22	175	-100	-100
22	31	-100	-100
22	21	-100	-100
22	427	-100	-100
22	896	-100	-100
22	747	-100	-100
22	547	-100	-100
22	454	-100	-100
22	309	-100	-100
22	911	-100	-100
22	487	-100	-100
22	261	-100	-100
22	85	-100	-100
22	610	-100	-100
22	112	-100	-100
22	503	-100	-100
22	703	-100	-100
22	818	-100	-100
22	127	-100	-100
22	159	-100	-100
22	442	-100	-100
22	690	-100	-100
22	239	-100	-100
22	348	-100	-100
22	796	-100	-100
22	646	-100	-100
22	521	-100	-100
22	480	-100	-100
22	316	-100	-100
22	835	-100	-100
22	118	-100	-100
22	513	-100	-100
22	736	-100	-100
22	29	-100	-100
22	258	-100	-100
22	191	-100	-100
22	304	-100	-100
22	666	-100	-100
22	509	-100	-100
22	933	-100	-100
22	523	-100	-100
22	15	-100	-100
22	406	-100	-100
22	972	-100	-100
22	226	-100	-100
22	605	-100	-100
22	531	-100	-100
22	828	-100	-100
22	273	-100	-100
22	526	-100	-100
22	508	-100	-100
22	575	-100	-100
22	609	-100	-100
22	568	-100	-100
22	49	-100	-100
22	130	-100	-100
22	211	-100	-100
22	915	-100	-100
22	810	-100	-100
22	320	-100	-100
22	839	-100	-100
22	519	-100	-100
22	397	-100	-100
22	381	-100	-100
22	266	-100	-100
22	470	-100	-100
22	889	-100	-100
22	351	-100	-100
22	18	-100	-100
22	418	-100	-100
22	227	-100	-100
22	100	-100	-100
22	602	-100	-100
22	86	-100	-100
22	530	-100	-100
22	958	-100	-100
22	292	-100	-100
22	555	-100	-100
22	120	-100	-100
22	425	-100	-100
22	311	-100	-100
22	614	-100	-100
22	907	-100	-100
22	485	-100	-100
22	198	-100	-100
22	641	-100	-100
22	153	-100	-100
22	596	-100	-100
22	711	-100	-100
22	111	-100	-100
22	814	-100	-100
22	464	-100	-100
22	465	-100	-100
22	673	-100	-100
22	161	-100	-100
22	53	-100	-100
22	803	-100	-100
22	590	-100	-100
22	424	-100	-100
22	849	-100	-100
22	178	-100	-100
22	540	-100	-100
22	477	-100	-100
22	322	-100	-100
22	732	-100	-100
22	757	-100	-100
22	231	-100	-100
22	136	-100	-100
22	374	-100	-100
22	70	-100	-100
22	806	-100	-100
22	823	-100	-100
22	285	-100	-100
22	678	-100	-100
22	684	-100	-100
22	869	-100	-100
22	738	-100	-100
22	947	-100	-100
22	463	-100	-100
22	579	-100	-100
22	390	-100	-100
22	851	-100	-100
22	920	-100	-100
22	156	-100	-100
22	479	-100	-100
22	664	-100	-100
22	749	-100	-100
22	733	-100	-100
22	152	-100	-100
22	672	-100	-100
22	334	-100	-100
22	210	-100	-100
22	93	-100	-100
22	759	-100	-100
22	65	-100	-100
22	109	-100	-100
22	389	-100	-100
22	899	-100	-100
22	600	-100	-100
22	578	-100	-100
22	476	-100	-100
22	228	-100	-100
22	202	-100	-100
22	486	-100	-100
22	927	-100	-100
22	332	-100	-100
927	603	-100	-100
927	450	-100	-100
927	814	-100	-100
927	759	-100	-100
927	549	-100	-100
927	186	-100	-100
927	17	-100	-100
927	607	-100	-100
927	349	-100	-100
927	795	-100	-100
927	137	-100	-100
927	518	-100	-100
927	860	-100	-100
927	313	-100	-100
927	282	-100	-100
927	850	-100	-100
927	263	-100	-100
927	602	-100	-100
927	227	-100	-100
927	718	-100	-100
927	907	-100	-100
927	472	-100	-100
927	955	-100	-100
927	842	-100	-100
927	980	-100	-100
927	636	-100	-100
927	782	-100	-100
927	504	-100	-100
927	156	-100	-100
927	112	-100	-100
927	31	-100	-100
927	918	-100	-100
927	815	-100	-100
927	672	-100	-100
927	219	-100	-100
927	688	-100	-100
927	434	-100	-100
927	761	-100	-100
927	933	-100	-100
927	561	-100	-100
927	76	-100	-100
927	340	-100	-100
927	280	-100	-100
927	316	-100	-100
927	616	-100	-100
927	16	-100	-100
927	285	-100	-100
927	738	-100	-100
927	255	-100	-100
927	115	-100	-100
927	967	-100	-100
927	771	-100	-100
927	365	-100	-100
927	644	-100	-100
927	86	-100	-100
927	528	-100	-100
927	380	-100	-100
927	56	-100	-100
927	374	-100	-100
927	46	-100	-100
927	497	-100	-100
927	830	-100	-100
927	925	-100	-100
927	658	-100	-100
927	189	-100	-100
927	974	-100	-100
927	703	-100	-100
927	550	-100	-100
927	329	-100	-100
927	287	-100	-100
927	258	-100	-100
927	936	-100	-100
927	558	-100	-100
927	283	-100	-100
927	393	-100	-100
927	192	-100	-100
927	627	-100	-100
927	48	-100	-100
927	538	-100	-100
927	662	-100	-100
927	971	-100	-100
927	170	-100	-100
927	330	-100	-100
927	756	-100	-100
927	770	-100	-100
927	181	-100	-100
927	333	-100	-100
927	245	-100	-100
927	503	-100	-100
927	168	-100	-100
927	412	-100	-100
927	654	-100	-100
927	149	-100	-100
927	93	-100	-100
927	461	-100	-100
927	286	-100	-100
927	758	-100	-100
927	505	-100	-100
927	685	-100	-100
927	423	-100	-100
927	270	-100	-100
927	413	-100	-100
927	163	-100	-100
927	431	-100	-100
927	632	-100	-100
927	663	-100	-100
927	690	-100	-100
927	292	-100	-100
927	357	-100	-100
927	597	-100	-100
927	293	-100	-100
927	633	-100	-100
927	544	-100	-100
927	364	-100	-100
927	88	-100	-100
927	85	-100	-100
927	398	-100	-100
927	709	-100	-100
927	45	-100	-100
927	573	-100	-100
927	187	-100	-100
927	962	-100	-100
927	516	-100	-100
927	861	-100	-100
927	485	-100	-100
927	506	-100	-100
927	179	-100	-100
927	452	-100	-100
927	999	-100	-100
927	589	-100	-100
927	268	-100	-100
927	257	-100	-100
927	303	-100	-100
927	14	-100	-100
927	880	-100	-100
927	26	-100	-100
927	441	-100	-100
927	964	-100	-100
927	620	-100	-100
927	496	-100	-100
927	540	-100	-100
927	265	-100	-100
927	242	-100	-100
927	59	-100	-100
927	262	-100	-100
927	876	-100	-100
927	395	-100	-100
927	674	-100	-100
927	612	-100	-100
927	348	-100	-100
927	247	-100	-100
927	604	-100	-100
927	341	-100	-100
927	443	-100	-100
927	99	-100	-100
927	74	-100	-100
927	47	-100	-100
927	545	-100	-100
927	301	-100	-100
927	453	-100	-100
927	91	-100	-100
927	360	-100	-100
927	648	-100	-100
927	370	-100	-100
927	772	-100	-100
927	805	-100	-100
927	740	-100	-100
927	260	-100	-100
927	757	-100	-100
927	871	-100	-100
927	394	-100	-100
927	946	-100	-100
927	628	-100	-100
927	951	-100	-100
927	956	-100	-100
927	532	-100	-100
927	389	-100	-100
927	742	-100	-100
927	77	-100	-100
927	351	-100	-100
927	683	-100	-100
927	359	-100	-100
927	818	-100	-100
927	419	-100	-100
927	277	-100	-100
927	173	-100	-100
927	103	-100	-100
927	57	-100	-100
927	190	-100	-100
927	24	-100	-100
927	870	-100	-100
927	760	-100	-100
927	116	-100	-100
927	708	-100	-100
927	376	-100	-100
927	471	-100	-100
927	895	-100	-100
927	922	-100	-100
927	69	-100	-100
927	615	-100	-100
927	522	-100	-100
927	328	-100	-100
927	38	-100	-100
927	752	-100	-100
927	27	-100	-100
927	825	-100	-100
927	534	-100	-100
927	997	-100	-100
927	418	-100	-100
927	882	-100	-100
927	664	-100	-100
927	619	-100	-100
927	802	-100	-100
927	820	-100	-100
927	166	-100	-100
927	788	-100	-100
927	774	-100	-100
927	647	-100	-100
927	437	-100	-100
927	372	-100	-100
927	630	-100	-100
927	94	-100	-100
927	206	-100	-100
927	196	-100	-100
927	681	-100	-100
927	991	-100	-100
927	924	-100	-100
927	965	-100	-100
927	879	-100	-100
927	142	-100	-100
927	691	-100	-100
927	467	-100	-100
927	42	-100	-100
927	366	-100	-100
927	653	-100	-100
927	499	-100	-100
927	839	-100	-100
927	228	-100	-100
927	919	-100	-100
927	446	-100	-100
927	98	-100	-100
927	562	-100	-100
927	824	-100	-100
927	342	-100	-100
927	71	-100	-100
927	199	-100	-100
927	715	-100	-100
927	229	-100	-100
927	853	-100	-100
927	61	-100	-100
927	692	-100	-100
927	913	-100	-100
927	428	-100	-100
927	563	-100	-100
927	432	-100	-100
927	30	-100	-100
927	695	-100	-100
927	240	-100	-100
927	577	-100	-100
927	737	-100	-100
927	82	-100	-100
927	510	-100	-100
927	406	-100	-100
927	487	-100	-100
927	675	-100	-100
927	920	-100	-100
927	877	-100	-100
927	117	-100	-100
927	523	-100	-100
927	101	-100	-100
927	319	-100	-100
927	55	-100	-100
927	725	-100	-100
927	786	-100	-100
927	811	-100	-100
927	134	-100	-100
927	331	-100	-100
927	797	-100	-100
927	857	-100	-100
927	673	-100	-100
927	866	-100	-100
927	358	-100	-100
927	335	-100	-100
927	822	-100	-100
927	783	-100	-100
927	669	-100	-100
927	719	-100	-100
927	113	-100	-100
927	583	-100	-100
927	489	-100	-100
927	135	-100	-100
927	451	-100	-100
927	958	-100	-100
927	807	-100	-100
927	327	-100	-100
927	90	-100	-100
927	469	-100	-100
927	320	-100	-100
927	581	-100	-100
927	502	-100	-100
927	680	-100	-100
927	323	-100	-100
927	131	-100	-100
927	827	-100	-100
927	369	-100	-100
927	326	-100	-100
927	397	-100	-100
927	864	-100	-100
927	588	-100	-100
927	20	-100	-100
927	205	-100	-100
927	39	-100	-100
927	246	-100	-100
927	159	-100	-100
927	622	-100	-100
927	201	-100	-100
927	626	-100	-100
927	966	-100	-100
927	484	-100	-100
927	995	-100	-100
927	979	-100	-100
927	124	-100	-100
927	618	-100	-100
927	858	-100	-100
927	700	-100	-100
927	813	-100	-100
927	73	-100	-100
927	501	-100	-100
927	821	-100	-100
927	833	-100	-100
927	594	-100	-100
927	514	-100	-100
927	414	-100	-100
927	96	-100	-100
927	896	-100	-100
927	535	-100	-100
927	998	-100	-100
927	225	-100	-100
927	773	-100	-100
927	251	-100	-100
927	128	-100	-100
927	353	-100	-100
927	160	-100	-100
927	698	-100	-100
927	731	-100	-100
927	459	-100	-100
927	763	-100	-100
927	908	-100	-100
927	72	-100	-100
927	367	-100	-100
927	234	-100	-100
927	990	-100	-100
927	884	-100	-100
927	209	-100	-100
927	145	-100	-100
927	324	-100	-100
927	123	-100	-100
927	768	-100	-100
927	893	-100	-100
927	560	-100	-100
927	175	-100	-100
927	902	-100	-100
927	585	-100	-100
927	60	-100	-100
927	676	-100	-100
927	566	-100	-100
927	147	-100	-100
927	722	-100	-100
927	829	-100	-100
927	556	-100	-100
927	643	-100	-100
927	236	-100	-100
879	47	-100	-100
879	601	-100	-100
879	144	-100	-100
879	904	-100	-100
879	760	-100	-100
879	291	-100	-100
879	487	-100	-100
879	163	-100	-100
879	818	-100	-100
879	613	-100	-100
879	408	-100	-100
879	519	-100	-100
879	394	-100	-100
879	585	-100	-100
879	738	-100	-100
879	303	-100	-100
879	993	-100	-100
879	638	-100	-100
879	196	-100	-100
879	968	-100	-100
879	646	-100	-100
879	891	-100	-100
879	261	-100	-100
879	712	-100	-100
879	48	-100	-100
879	915	-100	-100
879	406	-100	-100
879	490	-100	-100
879	300	-100	-100
879	407	-100	-100
879	586	-100	-100
879	288	-100	-100
879	626	-100	-100
879	868	-100	-100
879	921	-100	-100
879	740	-100	-100
879	806	-100	-100
879	511	-100	-100
879	728	-100	-100
879	463	-100	-100
879	761	-100	-100
879	610	-100	-100
879	402	-100	-100
879	695	-100	-100
879	505	-100	-100
879	459	-100	-100
879	724	-100	-100
879	153	-100	-100
879	528	-100	-100
879	427	-100	-100
879	386	-100	-100
879	139	-100	-100
879	820	-100	-100
879	527	-100	-100
879	83	-100	-100
879	656	-100	-100
879	235	-100	-100
879	100	-100	-100
879	614	-100	-100
879	914	-100	-100
879	276	-100	-100
879	947	-100	-100
879	813	-100	-100
879	593	-100	-100
879	345	-100	-100
879	409	-100	-100
879	772	-100	-100
879	331	-100	-100
879	93	-100	-100
879	333	-100	-100
879	878	-100	-100
879	348	-100	-100
879	555	-100	-100
879	503	-100	-100
879	340	-100	-100
879	458	-100	-100
879	867	-100	-100
879	155	-100	-100
879	691	-100	-100
879	998	-100	-100
879	812	-100	-100
879	782	-100	-100
879	709	-100	-100
879	383	-100	-100
879	567	-100	-100
879	976	-100	-100
879	500	-100	-100
879	597	-100	-100
879	931	-100	-100
879	804	-100	-100
879	972	-100	-100
879	183	-100	-100
879	403	-100	-100
879	980	-100	-100
879	765	-100	-100
879	887	-100	-100
879	531	-100	-100
879	453	-100	-100
879	472	-100	-100
879	729	-100	-100
879	949	-100	-100
879	830	-100	-100
879	299	-100	-100
879	233	-100	-100
879	415	-100	-100
879	293	-100	-100
879	440	-100	-100
879	404	-100	-100
879	852	-100	-100
879	711	-100	-100
879	264	-100	-100
879	170	-100	-100
879	51	-100	-100
879	455	-100	-100
879	890	-100	-100
879	644	-100	-100
879	510	-100	-100
879	464	-100	-100
879	702	-100	-100
879	517	-100	-100
879	785	-100	-100
879	218	-100	-100
879	73	-100	-100
879	192	-100	-100
879	676	-100	-100
879	620	-100	-100
879	882	-100	-100
879	98	-100	-100
879	120	-100	-100
879	655	-100	-100
879	347	-100	-100
879	639	-100	-100
879	764	-100	-100
879	91	-100	-100
879	259	-100	-100
879	53	-100	-100
879	538	-100	-100
879	796	-100	-100
879	245	-100	-100
879	52	-100	-100
879	368	-100	-100
879	776	-100	-100
879	493	-100	-100
879	311	-100	-100
879	434	-100	-100
879	871	-100	-100
879	474	-100	-100
879	611	-100	-100
879	391	-100	-100
879	114	-100	-100
879	822	-100	-100
879	113	-100	-100
879	189	-100	-100
879	194	-100	-100
879	825	-100	-100
879	174	-100	-100
879	10	-100	-100
879	609	-100	-100
879	969	-100	-100
879	727	-100	-100
879	72	-100	-100
879	798	-100	-100
879	922	-100	-100
879	858	-100	-100
879	815	-100	-100
879	788	-100	-100
879	701	-100	-100
879	179	-100	-100
879	526	-100	-100
879	606	-100	-100
879	524	-100	-100
879	889	-100	-100
879	705	-100	-100
879	229	-100	-100
879	649	-100	-100
879	554	-100	-100
879	314	-100	-100
879	866	-100	-100
879	686	-100	-100
879	522	-100	-100
879	154	-100	-100
879	160	-100	-100
879	704	-100	-100
879	296	-100	-100
879	990	-100	-100
879	632	-100	-100
879	328	-100	-100
879	257	-100	-100
879	486	-100	-100
879	285	-100	-100
879	726	-100	-100
879	874	-100	-100
879	173	-100	-100
879	994	-100	-100
879	399	-100	-100
879	988	-100	-100
879	642	-100	-100
879	215	-100	-100
879	439	-100	-100
879	619	-100	-100
879	598	-100	-100
879	955	-100	-100
879	999	-100	-100
879	228	-100	-100
879	602	-100	-100
879	364	-100	-100
879	243	-100	-100
879	423	-100	-100
879	780	-100	-100
879	700	-100	-100
879	816	-100	-100
879	508	-100	-100
879	839	-100	-100
879	530	-100	-100
879	703	-100	-100
879	940	-100	-100
879	719	-100	-100
879	512	-100	-100
879	507	-100	-100
879	220	-100	-100
879	645	-100	-100
879	771	-100	-100
879	282	-100	-100
879	754	-100	-100
879	997	-100	-100
879	521	-100	-100
879	552	-100	-100
879	367	-100	-100
879	734	-100	-100
879	956	-100	-100
879	600	-100	-100
879	797	-100	-100
879	575	-100	-100
879	133	-100	-100
879	320	-100	-100
879	199	-100	-100
879	124	-100	-100
879	938	-100	-100
879	783	-100	-100
879	640	-100	-100
879	198	-100	-100
879	41	-100	-100
879	666	-100	-100
879	936	-100	-100
879	188	-100	-100
879	16	-100	-100
879	30	-100	-100
879	599	-100	-100
879	674	-100	-100
879	856	-100	-100
879	630	-100	-100
879	286	-100	-100
879	926	-100	-100
879	933	-100	-100
879	15	-100	-100
879	322	-100	-100
879	63	-100	-100
879	410	-100	-100
879	643	-100	-100
879	110	-100	-100
879	70	-100	-100
879	181	-100	-100
879	641	-100	-100
879	11	-100	-100
879	899	-100	-100
879	723	-100	-100
879	678	-100	-100
879	615	-100	-100
879	722	-100	-100
879	982	-100	-100
879	13	-100	-100
879	226	-100	-100
879	699	-100	-100
879	778	-100	-100
879	668	-100	-100
879	821	-100	-100
879	149	-100	-100
879	627	-100	-100
879	689	-100	-100
879	978	-100	-100
879	121	-100	-100
879	145	-100	-100
879	718	-100	-100
879	865	-100	-100
879	45	-100	-100
879	532	-100	-100
879	166	-100	-100
879	877	-100	-100
879	763	-100	-100
879	604	-100	-100
879	284	-100	-100
879	537	-100	-100
879	781	-100	-100
879	943	-100	-100
879	898	-100	-100
879	576	-100	-100
879	910	-100	-100
879	421	-100	-100
879	622	-100	-100
879	346	-100	-100
879	332	-100	-100
879	864	-100	-100
879	29	-100	-100
879	370	-100	-100
879	240	-100	-100
879	101	-100	-100
879	731	-100	-100
879	961	-100	-100
879	135	-100	-100
879	31	-100	-100
879	457	-100	-100
879	146	-100	-100
879	849	-100	-100
879	38	-100	-100
879	498	-100	-100
879	475	-100	-100
879	618	-100	-100
879	34	-100	-100
879	578	-100	-100
879	321	-100	-100
879	629	-100	-100
879	732	-100	-100
879	88	-100	-100
879	65	-100	-100
879	829	-100	-100
879	477	-100	-100
879	863	-100	-100
879	168	-100	-100
879	344	-100	-100
879	912	-100	-100
879	449	-100	-100
879	677	-100	-100
879	975	-100	-100
879	547	-100	-100
879	591	-100	-100
879	287	-100	-100
879	462	-100	-100
879	948	-100	-100
879	225	-100	-100
879	201	-100	-100
879	185	-100	-100
879	814	-100	-100
879	250	-100	-100
879	625	-100	-100
879	400	-100	-100
879	905	-100	-100
879	356	-100	-100
879	893	-100	-100
879	494	-100	-100
879	786	-100	-100
879	690	-100	-100
879	562	-100	-100
879	730	-100	-100
879	845	-100	-100
879	203	-100	-100
879	210	-100	-100
879	380	-100	-100
879	184	-100	-100
879	608	-100	-100
879	424	-100	-100
879	79	-100	-100
879	20	-100	-100
879	556	-100	-100
879	932	-100	-100
879	75	-100	-100
879	382	-100	-100
879	777	-100	-100
879	560	-100	-100
879	648	-100	-100
879	140	-100	-100
879	280	-100	-100
879	888	-100	-100
602	772	-100	-100
602	180	-100	-100
602	499	-100	-100
602	622	-100	-100
602	101	-100	-100
602	941	-100	-100
602	258	-100	-100
602	999	-100	-100
602	343	-100	-100
602	127	-100	-100
602	662	-100	-100
602	790	-100	-100
602	79	-100	-100
602	783	-100	-100
602	49	-100	-100
602	610	-100	-100
602	834	-100	-100
602	278	-100	-100
602	862	-100	-100
602	108	-100	-100
602	544	-100	-100
602	235	-100	-100
602	833	-100	-100
602	446	-100	-100
602	152	-100	-100
602	353	-100	-100
602	431	-100	-100
602	144	-100	-100
602	768	-100	-100
602	395	-100	-100
602	89	-100	-100
602	821	-100	-100
602	620	-100	-100
602	321	-100	-100
602	996	-100	-100
602	683	-100	-100
602	88	-100	-100
602	852	-100	-100
602	281	-100	-100
602	650	-100	-100
602	974	-100	-100
602	743	-100	-100
602	800	-100	-100
602	39	-100	-100
602	703	-100	-100
602	551	-100	-100
602	882	-100	-100
602	732	-100	-100
602	652	-100	-100
602	960	-100	-100
602	125	-100	-100
602	674	-100	-100
602	563	-100	-100
602	501	-100	-100
602	19	-100	-100
602	823	-100	-100
602	844	-100	-100
602	601	-100	-100
602	350	-100	-100
602	455	-100	-100
602	896	-100	-100
602	631	-100	-100
602	465	-100	-100
602	331	-100	-100
602	606	-100	-100
602	950	-100	-100
602	413	-100	-100
602	758	-100	-100
602	554	-100	-100
602	156	-100	-100
602	401	-100	-100
602	296	-100	-100
602	805	-100	-100
602	172	-100	-100
602	968	-100	-100
602	27	-100	-100
602	571	-100	-100
602	695	-100	-100
602	587	-100	-100
602	542	-100	-100
602	660	-100	-100
602	969	-100	-100
602	754	-100	-100
602	43	-100	-100
602	860	-100	-100
602	386	-100	-100
602	513	-100	-100
602	832	-100	-100
602	720	-100	-100
602	824	-100	-100
602	940	-100	-100
602	286	-100	-100
602	457	-100	-100
602	365	-100	-100
602	50	-100	-100
602	377	-100	-100
602	583	-100	-100
602	153	-100	-100
602	680	-100	-100
602	334	-100	-100
602	543	-100	-100
602	181	-100	-100
602	523	-100	-100
602	942	-100	-100
602	564	-100	-100
602	561	-100	-100
602	288	-100	-100
602	831	-100	-100
602	177	-100	-100
602	94	-100	-100
602	379	-100	-100
602	550	-100	-100
602	766	-100	-100
602	149	-100	-100
602	634	-100	-100
602	355	-100	-100
602	370	-100	-100
602	312	-100	-100
602	665	-100	-100
602	721	-100	-100
602	338	-100	-100
602	422	-100	-100
602	654	-100	-100
602	25	-100	-100
602	63	-100	-100
602	265	-100	-100
602	423	-100	-100
602	673	-100	-100
602	73	-100	-100
602	229	-100	-100
602	699	-100	-100
602	136	-100	-100
602	655	-100	-100
602	166	-100	-100
602	816	-100	-100
602	953	-100	-100
602	686	-100	-100
602	537	-100	-100
602	327	-100	-100
602	693	-100	-100
602	869	-100	-100
602	797	-100	-100
602	666	-100	-100
602	105	-100	-100
602	633	-100	-100
602	696	-100	-100
602	346	-100	-100
602	644	-100	-100
602	179	-100	-100
602	469	-100	-100
602	277	-100	-100
602	392	-100	-100
602	445	-100	-100
602	854	-100	-100
602	534	-100	-100
602	442	-100	-100
602	500	-100	-100
602	378	-100	-100
602	292	-100	-100
602	741	-100	-100
602	163	-100	-100
602	590	-100	-100
602	322	-100	-100
602	157	-100	-100
602	289	-100	-100
602	387	-100	-100
602	254	-100	-100
602	548	-100	-100
602	700	-100	-100
602	361	-100	-100
602	841	-100	-100
602	158	-100	-100
602	526	-100	-100
602	290	-100	-100
602	230	-100	-100
602	329	-100	-100
602	845	-100	-100
602	404	-100	-100
602	928	-100	-100
602	440	-100	-100
602	437	-100	-100
602	36	-100	-100
602	412	-100	-100
602	685	-100	-100
602	65	-100	-100
602	613	-100	-100
602	106	-100	-100
602	231	-100	-100
602	245	-100	-100
602	194	-100	-100
602	771	-100	-100
602	908	-100	-100
602	267	-100	-100
602	302	-100	-100
602	250	-100	-100
602	678	-100	-100
602	715	-100	-100
602	970	-100	-100
602	718	-100	-100
602	881	-100	-100
602	493	-100	-100
602	599	-100	-100
602	945	-100	-100
602	874	-100	-100
602	525	-100	-100
602	711	-100	-100
602	367	-100	-100
602	811	-100	-100
602	458	-100	-100
602	819	-100	-100
602	475	-100	-100
602	498	-100	-100
602	893	-100	-100
602	213	-100	-100
602	982	-100	-100
602	454	-100	-100
602	643	-100	-100
602	518	-100	-100
602	314	-100	-100
602	207	-100	-100
602	532	-100	-100
602	738	-100	-100
602	740	-100	-100
602	961	-100	-100
602	497	-100	-100
602	486	-100	-100
602	492	-100	-100
602	470	-100	-100
602	495	-100	-100
602	459	-100	-100
602	900	-100	-100
602	124	-100	-100
602	160	-100	-100
602	920	-100	-100
602	701	-100	-100
602	409	-100	-100
602	742	-100	-100
602	780	-100	-100
602	64	-100	-100
602	636	-100	-100
602	716	-100	-100
602	463	-100	-100
602	769	-100	-100
602	986	-100	-100
602	799	-100	-100
602	998	-100	-100
602	924	-100	-100
602	767	-100	-100
602	72	-100	-100
602	689	-100	-100
602	717	-100	-100
602	70	-100	-100
602	936	-100	-100
602	38	-100	-100
602	812	-100	-100
602	120	-100	-100
602	978	-100	-100
602	830	-100	-100
602	133	-100	-100
602	384	-100	-100
602	478	-100	-100
602	303	-100	-100
602	285	-100	-100
602	558	-100	-100
602	240	-100	-100
602	584	-100	-100
602	514	-100	-100
602	460	-100	-100
602	792	-100	-100
602	200	-100	-100
602	261	-100	-100
602	332	-100	-100
602	918	-100	-100
602	76	-100	-100
602	546	-100	-100
602	171	-100	-100
602	530	-100	-100
602	948	-100	-100
602	895	-100	-100
602	248	-100	-100
602	907	-100	-100
602	883	-100	-100
602	971	-100	-100
602	154	-100	-100
602	204	-100	-100
602	531	-100	-100
602	356	-100	-100
602	827	-100	-100
602	415	-100	-100
602	679	-100	-100
602	987	-100	-100
602	84	-100	-100
602	929	-100	-100
602	337	-100	-100
602	935	-100	-100
602	980	-100	-100
602	894	-100	-100
602	66	-100	-100
602	71	-100	-100
602	818	-100	-100
602	585	-100	-100
602	333	-100	-100
602	706	-100	-100
602	692	-100	-100
602	979	-100	-100
602	503	-100	-100
602	990	-100	-100
602	251	-100	-100
602	574	-100	-100
602	67	-100	-100
602	922	-100	-100
602	102	-100	-100
602	167	-100	-100
602	354	-100	-100
602	309	-100	-100
602	232	-100	-100
602	306	-100	-100
602	366	-100	-100
602	12	-100	-100
602	357	-100	-100
602	817	-100	-100
602	86	-100	-100
602	842	-100	-100
602	592	-100	-100
602	508	-100	-100
602	522	-100	-100
602	416	-100	-100
602	51	-100	-100
602	319	-100	-100
602	85	-100	-100
602	33	-100	-100
602	61	-100	-100
602	808	-100	-100
602	867	-100	-100
602	467	-100	-100
602	528	-100	-100
602	648	-100	-100
602	603	-100	-100
602	775	-100	-100
602	502	-100	-100
602	93	-100	-100
602	848	-100	-100
602	724	-100	-100
602	984	-100	-100
602	247	-100	-100
602	419	-100	-100
602	449	-100	-100
602	31	-100	-100
602	962	-100	-100
602	186	-100	-100
602	28	-100	-100
602	206	-100	-100
602	305	-100	-100
602	291	-100	-100
602	170	-100	-100
602	517	-100	-100
602	439	-100	-100
602	582	-100	-100
602	447	-100	-100
602	214	-100	-100
602	198	-100	-100
602	828	-100	-100
602	916	-100	-100
602	899	-100	-100
602	407	-100	-100
602	182	-100	-100
602	923	-100	-100
602	37	-100	-100
602	280	-100	-100
602	215	-100	-100
602	719	-100	-100
771	36	-100	-100
771	120	-100	-100
771	693	-100	-100
771	603	-100	-100
771	953	-100	-100
771	323	-100	-100
771	367	-100	-100
771	528	-100	-100
771	410	-100	-100
771	688	-100	-100
771	705	-100	-100
771	178	-100	-100
771	250	-100	-100
771	982	-100	-100
771	836	-100	-100
771	456	-100	-100
771	180	-100	-100
771	244	-100	-100
771	302	-100	-100
771	423	-100	-100
771	311	-100	-100
771	459	-100	-100
771	552	-100	-100
771	339	-100	-100
771	983	-100	-100
771	749	-100	-100
771	881	-100	-100
771	972	-100	-100
771	566	-100	-100
771	613	-100	-100
771	568	-100	-100
771	956	-100	-100
771	304	-100	-100
771	850	-100	-100
771	685	-100	-100
771	141	-100	-100
771	734	-100	-100
771	889	-100	-100
771	93	-100	-100
771	904	-100	-100
771	294	-100	-100
771	599	-100	-100
771	786	-100	-100
771	200	-100	-100
771	29	-100	-100
771	506	-100	-100
771	679	-100	-100
771	517	-100	-100
771	816	-100	-100
771	428	-100	-100
771	296	-100	-100
771	229	-100	-100
771	395	-100	-100
771	266	-100	-100
771	251	-100	-100
771	531	-100	-100
771	199	-100	-100
771	417	-100	-100
771	174	-100	-100
771	781	-100	-100
771	27	-100	-100
771	874	-100	-100
771	921	-100	-100
771	955	-100	-100
771	458	-100	-100
771	231	-100	-100
771	785	-100	-100
771	100	-100	-100
771	768	-100	-100
771	405	-100	-100
771	951	-100	-100
771	414	-100	-100
771	637	-100	-100
771	134	-100	-100
771	755	-100	-100
771	652	-100	-100
771	899	-100	-100
771	623	-100	-100
771	69	-100	-100
771	99	-100	-100
771	675	-100	-100
771	686	-100	-100
771	932	-100	-100
771	430	-100	-100
771	57	-100	-100
771	61	-100	-100
771	140	-100	-100
771	920	-100	-100
771	253	-100	-100
771	356	-100	-100
771	902	-100	-100
771	945	-100	-100
771	429	-100	-100
771	977	-100	-100
771	753	-100	-100
771	208	-100	-100
771	856	-100	-100
771	715	-100	-100
771	940	-100	-100
771	484	-100	-100
771	119	-100	-100
771	882	-100	-100
771	476	-100	-100
771	185	-100	-100
771	789	-100	-100
771	241	-100	-100
771	102	-100	-100
771	154	-100	-100
771	774	-100	-100
771	15	-100	-100
771	260	-100	-100
771	335	-100	-100
771	247	-100	-100
771	967	-100	-100
771	797	-100	-100
771	799	-100	-100
771	238	-100	-100
771	145	-100	-100
771	73	-100	-100
771	500	-100	-100
771	924	-100	-100
771	315	-100	-100
771	273	-100	-100
771	342	-100	-100
771	332	-100	-100
771	471	-100	-100
771	546	-100	-100
771	443	-100	-100
771	151	-100	-100
771	486	-100	-100
771	669	-100	-100
771	24	-100	-100
771	110	-100	-100
771	740	-100	-100
771	343	-100	-100
771	138	-100	-100
771	987	-100	-100
771	53	-100	-100
771	822	-100	-100
771	859	-100	-100
771	550	-100	-100
771	798	-100	-100
771	629	-100	-100
771	503	-100	-100
771	516	-100	-100
771	803	-100	-100
771	308	-100	-100
771	485	-100	-100
771	650	-100	-100
771	463	-100	-100
771	495	-100	-100
771	225	-100	-100
771	370	-100	-100
771	748	-100	-100
771	313	-100	-100
771	619	-100	-100
771	532	-100	-100
771	380	-100	-100
771	900	-100	-100
771	103	-100	-100
771	720	-100	-100
771	81	-100	-100
771	548	-100	-100
771	450	-100	-100
771	618	-100	-100
771	914	-100	-100
771	583	-100	-100
771	19	-100	-100
771	670	-100	-100
771	204	-100	-100
771	627	-100	-100
771	413	-100	-100
771	350	-100	-100
771	386	-100	-100
771	173	-100	-100
771	513	-100	-100
771	107	-100	-100
771	913	-100	-100
771	283	-100	-100
771	885	-100	-100
771	318	-100	-100
771	288	-100	-100
771	224	-100	-100
771	509	-100	-100
771	362	-100	-100
771	585	-100	-100
771	541	-100	-100
771	255	-100	-100
771	996	-100	-100
771	505	-100	-100
771	555	-100	-100
771	258	-100	-100
771	210	-100	-100
771	584	-100	-100
771	861	-100	-100
771	146	-100	-100
771	901	-100	-100
771	121	-100	-100
771	767	-100	-100
771	595	-100	-100
771	713	-100	-100
771	525	-100	-100
771	997	-100	-100
771	434	-100	-100
771	427	-100	-100
771	425	-100	-100
771	641	-100	-100
771	278	-100	-100
771	752	-100	-100
771	358	-100	-100
771	440	-100	-100
771	872	-100	-100
771	150	-100	-100
771	645	-100	-100
771	991	-100	-100
771	970	-100	-100
771	326	-100	-100
771	788	-100	-100
771	992	-100	-100
771	319	-100	-100
771	761	-100	-100
771	184	-100	-100
771	384	-100	-100
771	726	-100	-100
771	725	-100	-100
771	699	-100	-100
771	152	-100	-100
771	683	-100	-100
771	943	-100	-100
771	763	-100	-100
771	79	-100	-100
771	777	-100	-100
771	171	-100	-100
771	13	-100	-100
771	980	-100	-100
771	780	-100	-100
771	804	-100	-100
771	626	-100	-100
771	272	-100	-100
771	717	-100	-100
771	827	-100	-100
771	377	-100	-100
771	59	-100	-100
771	898	-100	-100
771	843	-100	-100
771	331	-100	-100
771	287	-100	-100
771	918	-100	-100
771	591	-100	-100
771	527	-100	-100
771	40	-100	-100
771	254	-100	-100
771	581	-100	-100
771	483	-100	-100
771	431	-100	-100
771	978	-100	-100
771	646	-100	-100
771	939	-100	-100
771	866	-100	-100
771	839	-100	-100
771	587	-100	-100
771	457	-100	-100
771	441	-100	-100
771	533	-100	-100
771	398	-100	-100
771	196	-100	-100
771	716	-100	-100
771	719	-100	-100
771	612	-100	-100
771	999	-100	-100
771	298	-100	-100
771	632	-100	-100
771	54	-100	-100
771	409	-100	-100
771	801	-100	-100
771	877	-100	-100
771	109	-100	-100
771	636	-100	-100
771	21	-100	-100
771	698	-100	-100
771	818	-100	-100
771	403	-100	-100
771	630	-100	-100
771	280	-100	-100
771	658	-100	-100
771	694	-100	-100
771	934	-100	-100
771	477	-100	-100
771	71	-100	-100
771	515	-100	-100
771	10	-100	-100
771	11	-100	-100
771	501	-100	-100
771	512	-100	-100
771	393	-100	-100
771	46	-100	-100
771	271	-100	-100
771	989	-100	-100
771	609	-100	-100
771	841	-100	-100
771	773	-100	-100
771	990	-100	-100
771	80	-100	-100
771	776	-100	-100
771	249	-100	-100
771	166	-100	-100
771	624	-100	-100
771	357	-100	-100
771	875	-100	-100
771	973	-100	-100
771	400	-100	-100
771	156	-100	-100
771	793	-100	-100
771	507	-100	-100
771	262	-100	-100
771	722	-100	-100
771	608	-100	-100
771	492	-100	-100
771	366	-100	-100
771	336	-100	-100
771	77	-100	-100
771	385	-100	-100
771	919	-100	-100
771	235	-100	-100
771	792	-100	-100
771	195	-100	-100
771	213	-100	-100
771	407	-100	-100
771	338	-100	-100
771	680	-100	-100
771	114	-100	-100
771	284	-100	-100
771	580	-100	-100
771	766	-100	-100
771	815	-100	-100
771	292	-100	-100
771	214	-100	-100
771	220	-100	-100
771	301	-100	-100
771	473	-100	-100
771	639	-100	-100
771	487	-100	-100
771	984	-100	-100
771	654	-100	-100
771	707	-100	-100
771	312	-100	-100
771	522	-100	-100
771	112	-100	-100
771	14	-100	-100
771	144	-100	-100
771	123	-100	-100
771	1000	-100	-100
771	570	-100	-100
771	449	-100	-100
771	965	-100	-100
771	142	-100	-100
771	986	-100	-100
771	791	-100	-100
771	853	-100	-100
771	193	-100	-100
771	668	-100	-100
771	988	-100	-100
771	742	-100	-100
771	770	-100	-100
771	470	-100	-100
771	549	-100	-100
771	135	-100	-100
771	616	-100	-100
771	578	-100	-100
771	418	-100	-100
990	573	-100	-100
990	225	-100	-100
990	497	-100	-100
990	298	-100	-100
990	906	-100	-100
990	169	-100	-100
990	684	-100	-100
990	654	-100	-100
990	545	-100	-100
990	1000	-100	-100
990	902	-100	-100
990	606	-100	-100
990	85	-100	-100
990	334	-100	-100
990	30	-100	-100
990	303	-100	-100
990	240	-100	-100
990	96	-100	-100
990	306	-100	-100
990	313	-100	-100
990	416	-100	-100
990	597	-100	-100
990	83	-100	-100
990	885	-100	-100
990	53	-100	-100
990	620	-100	-100
990	855	-100	-100
990	348	-100	-100
990	633	-100	-100
990	953	-100	-100
990	948	-100	-100
990	615	-100	-100
990	81	-100	-100
990	48	-100	-100
990	215	-100	-100
990	345	-100	-100
990	776	-100	-100
990	460	-100	-100
990	164	-100	-100
990	94	-100	-100
990	864	-100	-100
990	715	-100	-100
990	317	-100	-100
990	618	-100	-100
990	512	-100	-100
990	326	-100	-100
990	366	-100	-100
990	459	-100	-100
990	547	-100	-100
990	31	-100	-100
990	826	-100	-100
990	905	-100	-100
990	124	-100	-100
990	98	-100	-100
990	956	-100	-100
990	421	-100	-100
990	112	-100	-100
990	353	-100	-100
990	45	-100	-100
990	678	-100	-100
990	848	-100	-100
990	890	-100	-100
990	155	-100	-100
990	807	-100	-100
990	743	-100	-100
990	292	-100	-100
990	126	-100	-100
990	698	-100	-100
990	399	-100	-100
990	32	-100	-100
990	316	-100	-100
990	722	-100	-100
990	657	-100	-100
990	888	-100	-100
990	650	-100	-100
990	519	-100	-100
990	461	-100	-100
990	710	-100	-100
990	910	-100	-100
990	108	-100	-100
990	711	-100	-100
990	795	-100	-100
990	721	-100	-100
990	130	-100	-100
990	955	-100	-100
990	132	-100	-100
990	812	-100	-100
990	246	-100	-100
990	204	-100	-100
990	492	-100	-100
990	448	-100	-100
990	223	-100	-100
990	149	-100	-100
990	371	-100	-100
990	588	-100	-100
990	469	-100	-100
990	363	-100	-100
990	793	-100	-100
990	191	-100	-100
990	750	-100	-100
990	388	-100	-100
990	289	-100	-100
990	550	-100	-100
990	379	-100	-100
990	473	-100	-100
990	748	-100	-100
990	261	-100	-100
990	201	-100	-100
990	17	-100	-100
990	601	-100	-100
990	655	-100	-100
990	677	-100	-100
990	880	-100	-100
990	553	-100	-100
990	841	-100	-100
990	116	-100	-100
990	760	-100	-100
990	76	-100	-100
990	669	-100	-100
990	51	-100	-100
990	666	-100	-100
990	607	-100	-100
990	998	-100	-100
990	675	-100	-100
990	568	-100	-100
990	391	-100	-100
990	697	-100	-100
990	297	-100	-100
990	929	-100	-100
990	988	-100	-100
990	190	-100	-100
990	137	-100	-100
990	726	-100	-100
990	595	-100	-100
990	446	-100	-100
990	622	-100	-100
990	951	-100	-100
990	539	-100	-100
990	775	-100	-100
990	43	-100	-100
990	433	-100	-100
990	851	-100	-100
990	691	-100	-100
990	972	-100	-100
990	420	-100	-100
990	381	-100	-100
990	792	-100	-100
990	219	-100	-100
990	199	-100	-100
990	958	-100	-100
990	347	-100	-100
990	555	-100	-100
990	380	-100	-100
990	49	-100	-100
990	985	-100	-100
990	368	-100	-100
990	509	-100	-100
990	707	-100	-100
990	114	-100	-100
990	975	-100	-100
990	686	-100	-100
990	370	-100	-100
990	504	-100	-100
990	64	-100	-100
990	375	-100	-100
990	598	-100	-100
990	942	-100	-100
990	946	-100	-100
990	422	-100	-100
990	494	-100	-100
990	644	-100	-100
990	445	-100	-100
990	521	-100	-100
990	651	-100	-100
990	146	-100	-100
990	895	-100	-100
990	29	-100	-100
990	256	-100	-100
990	161	-100	-100
990	950	-100	-100
990	109	-100	-100
990	209	-100	-100
990	312	-100	-100
990	411	-100	-100
990	613	-100	-100
990	309	-100	-100
990	789	-100	-100
990	20	-100	-100
990	882	-100	-100
990	884	-100	-100
990	128	-100	-100
990	853	-100	-100
990	72	-100	-100
990	735	-100	-100
990	800	-100	-100
990	234	-100	-100
990	870	-100	-100
990	92	-100	-100
990	287	-100	-100
990	773	-100	-100
990	874	-100	-100
990	685	-100	-100
990	147	-100	-100
990	646	-100	-100
990	351	-100	-100
990	847	-100	-100
990	496	-100	-100
990	703	-100	-100
990	625	-100	-100
990	200	-100	-100
990	552	-100	-100
990	493	-100	-100
990	894	-100	-100
990	663	-100	-100
990	863	-100	-100
990	979	-100	-100
990	978	-100	-100
990	918	-100	-100
990	378	-100	-100
990	207	-100	-100
990	61	-100	-100
990	430	-100	-100
990	423	-100	-100
990	857	-100	-100
990	232	-100	-100
990	891	-100	-100
990	868	-100	-100
990	526	-100	-100
990	649	-100	-100
990	354	-100	-100
990	277	-100	-100
990	672	-100	-100
990	723	-100	-100
990	751	-100	-100
990	813	-100	-100
990	401	-100	-100
990	523	-100	-100
990	386	-100	-100
990	538	-100	-100
990	582	-100	-100
990	658	-100	-100
990	40	-100	-100
990	143	-100	-100
990	213	-100	-100
990	944	-100	-100
990	717	-100	-100
990	744	-100	-100
990	536	-100	-100
990	592	-100	-100
990	562	-100	-100
990	356	-100	-100
990	333	-100	-100
990	65	-100	-100
990	516	-100	-100
990	522	-100	-100
990	44	-100	-100
990	965	-100	-100
990	570	-100	-100
990	474	-100	-100
990	472	-100	-100
990	854	-100	-100
990	692	-100	-100
990	38	-100	-100
990	465	-100	-100
990	500	-100	-100
990	243	-100	-100
990	881	-100	-100
990	21	-100	-100
990	66	-100	-100
990	271	-100	-100
990	609	-100	-100
990	195	-100	-100
990	37	-100	-100
990	915	-100	-100
990	79	-100	-100
990	244	-100	-100
990	488	-100	-100
990	346	-100	-100
990	668	-100	-100
990	714	-100	-100
990	860	-100	-100
990	274	-100	-100
990	886	-100	-100
990	283	-100	-100
990	945	-100	-100
990	214	-100	-100
990	241	-100	-100
990	537	-100	-100
990	479	-100	-100
990	355	-100	-100
990	177	-100	-100
990	278	-100	-100
990	77	-100	-100
990	790	-100	-100
990	845	-100	-100
990	205	-100	-100
990	12	-100	-100
990	599	-100	-100
990	763	-100	-100
990	696	-100	-100
990	798	-100	-100
990	238	-100	-100
990	296	-100	-100
990	315	-100	-100
990	417	-100	-100
990	428	-100	-100
990	815	-100	-100
990	517	-100	-100
990	75	-100	-100
990	129	-100	-100
990	257	-100	-100
990	861	-100	-100
990	360	-100	-100
990	158	-100	-100
990	981	-100	-100
990	866	-100	-100
990	544	-100	-100
990	576	-100	-100
990	648	-100	-100
990	603	-100	-100
990	376	-100	-100
990	90	-100	-100
990	107	-100	-100
990	700	-100	-100
990	808	-100	-100
990	70	-100	-100
990	91	-100	-100
990	591	-100	-100
990	995	-100	-100
990	611	-100	-100
990	403	-100	-100
990	59	-100	-100
990	930	-100	-100
990	229	-100	-100
990	262	-100	-100
990	58	-100	-100
990	787	-100	-100
990	293	-100	-100
990	730	-100	-100
990	557	-100	-100
990	264	-100	-100
990	976	-100	-100
990	966	-100	-100
990	661	-100	-100
990	926	-100	-100
990	110	-100	-100
990	27	-100	-100
990	777	-100	-100
990	106	-100	-100
990	788	-100	-100
990	226	-100	-100
990	867	-100	-100
990	524	-100	-100
990	218	-100	-100
990	736	-100	-100
990	734	-100	-100
990	832	-100	-100
990	193	-100	-100
990	471	-100	-100
990	60	-100	-100
990	151	-100	-100
990	772	-100	-100
990	499	-100	-100
990	451	-100	-100
990	759	-100	-100
990	186	-100	-100
990	869	-100	-100
990	980	-100	-100
990	28	-100	-100
990	984	-100	-100
522	70	-100	-100
522	463	-100	-100
522	365	-100	-100
522	779	-100	-100
522	738	-100	-100
522	484	-100	-100
522	456	-100	-100
522	808	-100	-100
522	108	-100	-100
522	438	-100	-100
522	282	-100	-100
522	925	-100	-100
522	534	-100	-100
522	840	-100	-100
522	467	-100	-100
522	211	-100	-100
522	899	-100	-100
522	882	-100	-100
522	858	-100	-100
522	516	-100	-100
522	949	-100	-100
522	721	-100	-100
522	334	-100	-100
522	170	-100	-100
522	378	-100	-100
522	111	-100	-100
522	468	-100	-100
522	622	-100	-100
522	800	-100	-100
522	343	-100	-100
522	146	-100	-100
522	376	-100	-100
522	784	-100	-100
522	368	-100	-100
522	106	-100	-100
522	424	-100	-100
522	275	-100	-100
522	941	-100	-100
522	34	-100	-100
522	655	-100	-100
522	234	-100	-100
522	86	-100	-100
522	441	-100	-100
522	561	-100	-100
522	514	-100	-100
522	36	-100	-100
522	259	-100	-100
522	84	-100	-100
522	510	-100	-100
522	845	-100	-100
522	307	-100	-100
522	195	-100	-100
522	109	-100	-100
522	487	-100	-100
522	328	-100	-100
522	332	-100	-100
522	430	-100	-100
522	48	-100	-100
522	66	-100	-100
522	367	-100	-100
522	708	-100	-100
522	981	-100	-100
522	656	-100	-100
522	161	-100	-100
522	615	-100	-100
522	625	-100	-100
522	364	-100	-100
522	682	-100	-100
522	220	-100	-100
522	187	-100	-100
522	839	-100	-100
522	57	-100	-100
522	432	-100	-100
522	848	-100	-100
522	490	-100	-100
522	592	-100	-100
522	542	-100	-100
522	69	-100	-100
522	660	-100	-100
522	410	-100	-100
522	872	-100	-100
522	707	-100	-100
522	420	-100	-100
522	776	-100	-100
522	249	-100	-100
522	589	-100	-100
522	717	-100	-100
522	83	-100	-100
522	370	-100	-100
522	190	-100	-100
522	713	-100	-100
522	835	-100	-100
522	770	-100	-100
522	584	-100	-100
522	577	-100	-100
522	437	-100	-100
522	731	-100	-100
522	315	-100	-100
522	870	-100	-100
522	185	-100	-100
522	946	-100	-100
522	355	-100	-100
522	950	-100	-100
522	989	-100	-100
522	433	-100	-100
522	302	-100	-100
522	715	-100	-100
522	995	-100	-100
522	338	-100	-100
522	11	-100	-100
522	863	-100	-100
522	391	-100	-100
522	411	-100	-100
522	838	-100	-100
522	356	-100	-100
522	245	-100	-100
522	298	-100	-100
522	38	-100	-100
522	735	-100	-100
522	138	-100	-100
522	641	-100	-100
522	193	-100	-100
522	711	-100	-100
522	154	-100	-100
522	41	-100	-100
522	140	-100	-100
522	665	-100	-100
522	198	-100	-100
522	306	-100	-100
522	414	-100	-100
522	323	-100	-100
522	105	-100	-100
522	458	-100	-100
522	192	-100	-100
522	233	-100	-100
522	893	-100	-100
522	139	-100	-100
522	215	-100	-100
522	935	-100	-100
522	93	-100	-100
522	183	-100	-100
522	125	-100	-100
522	337	-100	-100
522	379	-100	-100
522	669	-100	-100
522	253	-100	-100
522	418	-100	-100
522	881	-100	-100
522	794	-100	-100
522	583	-100	-100
522	926	-100	-100
522	476	-100	-100
522	470	-100	-100
522	506	-100	-100
522	836	-100	-100
522	528	-100	-100
522	869	-100	-100
522	551	-100	-100
522	166	-100	-100
522	389	-100	-100
522	237	-100	-100
522	239	-100	-100
522	718	-100	-100
522	525	-100	-100
522	126	-100	-100
522	976	-100	-100
522	732	-100	-100
522	402	-100	-100
522	673	-100	-100
522	479	-100	-100
522	803	-100	-100
522	377	-100	-100
522	873	-100	-100
522	699	-100	-100
522	710	-100	-100
522	222	-100	-100
522	488	-100	-100
522	497	-100	-100
522	207	-100	-100
522	672	-100	-100
522	94	-100	-100
522	908	-100	-100
522	868	-100	-100
522	53	-100	-100
522	690	-100	-100
522	670	-100	-100
522	905	-100	-100
522	964	-100	-100
522	891	-100	-100
522	558	-100	-100
522	97	-100	-100
522	599	-100	-100
522	290	-100	-100
522	533	-100	-100
522	988	-100	-100
522	884	-100	-100
522	878	-100	-100
522	607	-100	-100
522	501	-100	-100
522	661	-100	-100
522	417	-100	-100
522	769	-100	-100
522	64	-100	-100
522	350	-100	-100
522	799	-100	-100
522	147	-100	-100
522	366	-100	-100
522	283	-100	-100
522	74	-100	-100
522	897	-100	-100
522	128	-100	-100
522	742	-100	-100
522	136	-100	-100
522	983	-100	-100
522	269	-100	-100
522	361	-100	-100
522	956	-100	-100
522	345	-100	-100
522	943	-100	-100
522	876	-100	-100
522	349	-100	-100
522	746	-100	-100
522	199	-100	-100
522	258	-100	-100
522	813	-100	-100
522	100	-100	-100
522	197	-100	-100
522	112	-100	-100
522	694	-100	-100
522	638	-100	-100
522	679	-100	-100
522	406	-100	-100
522	652	-100	-100
522	552	-100	-100
522	745	-100	-100
522	317	-100	-100
522	998	-100	-100
522	809	-100	-100
522	13	-100	-100
522	903	-100	-100
522	316	-100	-100
522	940	-100	-100
522	755	-100	-100
522	296	-100	-100
522	184	-100	-100
522	153	-100	-100
522	63	-100	-100
522	341	-100	-100
522	81	-100	-100
522	241	-100	-100
522	817	-100	-100
522	270	-100	-100
522	548	-100	-100
522	854	-100	-100
522	616	-100	-100
522	62	-100	-100
522	877	-100	-100
522	814	-100	-100
522	29	-100	-100
522	887	-100	-100
522	720	-100	-100
522	982	-100	-100
522	916	-100	-100
522	566	-100	-100
522	922	-100	-100
522	186	-100	-100
522	242	-100	-100
522	156	-100	-100
522	206	-100	-100
522	464	-100	-100
522	536	-100	-100
522	442	-100	-100
522	849	-100	-100
522	426	-100	-100
522	994	-100	-100
522	422	-100	-100
522	787	-100	-100
522	609	-100	-100
522	723	-100	-100
522	563	-100	-100
522	880	-100	-100
522	680	-100	-100
522	19	-100	-100
522	286	-100	-100
522	75	-100	-100
522	754	-100	-100
522	827	-100	-100
522	775	-100	-100
522	666	-100	-100
522	174	-100	-100
522	958	-100	-100
522	913	-100	-100
522	326	-100	-100
522	299	-100	-100
522	475	-100	-100
522	65	-100	-100
522	173	-100	-100
522	961	-100	-100
522	504	-100	-100
522	843	-100	-100
522	130	-100	-100
522	540	-100	-100
522	443	-100	-100
522	725	-100	-100
522	631	-100	-100
522	348	-100	-100
522	342	-100	-100
522	864	-100	-100
522	295	-100	-100
522	224	-100	-100
522	960	-100	-100
522	816	-100	-100
522	807	-100	-100
522	499	-100	-100
522	857	-100	-100
522	508	-100	-100
522	409	-100	-100
522	885	-100	-100
522	639	-100	-100
522	724	-100	-100
522	209	-100	-100
522	240	-100	-100
522	113	-100	-100
522	218	-100	-100
522	593	-100	-100
522	928	-100	-100
522	539	-100	-100
522	45	-100	-100
522	860	-100	-100
522	629	-100	-100
522	832	-100	-100
522	915	-100	-100
522	575	-100	-100
522	704	-100	-100
522	657	-100	-100
522	773	-100	-100
522	205	-100	-100
522	202	-100	-100
522	662	-100	-100
522	478	-100	-100
522	830	-100	-100
522	95	-100	-100
522	614	-100	-100
522	984	-100	-100
522	129	-100	-100
522	797	-100	-100
522	633	-100	-100
522	27	-100	-100
522	481	-100	-100
522	117	-100	-100
522	762	-100	-100
522	257	-100	-100
522	819	-100	-100
522	549	-100	-100
522	977	-100	-100
522	571	-100	-100
522	119	-100	-100
522	358	-100	-100
522	428	-100	-100
522	181	-100	-100
522	740	-100	-100
522	429	-100	-100
522	454	-100	-100
522	792	-100	-100
522	818	-100	-100
522	280	-100	-100
522	318	-100	-100
522	632	-100	-100
522	54	-100	-100
94	182	-100	-100
61	774	-100	-100
641	819	-100	-100
895	348	-100	-100
225	110	-100	-100
788	498	-100	-100
792	91	-100	-100
517	333	-100	-100
414	127	-100	-100
797	297	-100	-100
240	480	-100	-100
585	463	-100	-100
738	854	-100	-100
690	786	-100	-100
763	665	-100	-100
410	880	-100	-100
922	903	-100	-100
953	21	-100	-100
463	121	-100	-100
292	518	-100	-100
774	114	-100	-100
626	351	-100	-100
145	330	-100	-100
379	260	-100	-100
130	984	-100	-100
839	985	-100	-100
201	394	-100	-100
632	526	-100	-100
866	506	-100	-100
417	349	-100	-100
498	672	-100	-100
312	234	-100	-100
940	743	-100	-100
718	315	-100	-100
858	477	-100	-100
735	562	-100	-100
394	846	-100	-100
147	85	-100	-100
655	917	-100	-100
695	789	-100	-100
920	1000	-100	-100
524	553	-100	-100
745	948	-100	-100
194	852	-100	-100
645	781	-100	-100
538	54	-100	-100
623	805	-100	-100
748	710	-100	-100
925	702	-100	-100
730	462	-100	-100
129	191	-100	-100
167	246	-100	-100
507	82	-100	-100
714	859	-100	-100
227	656	-100	-100
397	904	-100	-100
572	631	-100	-100
341	539	-100	-100
580	675	-100	-100
779	429	-100	-100
596	834	-100	-100
798	841	-100	-100
586	892	-100	-100
746	595	-100	-100
172	171	-100	-100
230	758	-100	-100
747	122	-100	-100
385	305	-100	-100
727	712	-100	-100
739	543	-100	-100
834	252	-100	-100
952	876	-100	-100
436	594	-100	-100
529	162	-100	-100
483	892	-100	-100
435	482	-100	-100
256	162	-100	-100
221	617	-100	-100
23	212	-100	-100
387	87	-100	-100
