150
5789
2
3	102	7	10
3	116	7	11
3	73	8	10
122	99	6	10
122	125	5	10
122	115	6	10
122	86	6	11
122	80	6	11
122	52	6	11
122	83	6	11
122	48	6	10
17	23	6	10
17	12	6	10
66	18	7	11
66	90	7	10
66	110	7	11
66	51	7	11
26	97	7	10
26	90	8	11
45	94	6	11
45	150	6	10
45	93	7	10
109	96	7	11
109	138	7	11
109	117	7	10
109	114	7	11
109	49	7	11
102	136	7	10
102	44	7	11
102	112	7	11
102	140	7	10
102	116	7	11
102	139	7	11
102	32	7	10
102	25	7	10
102	141	7	10
102	61	7	10
102	146	7	11
99	18	7	10
99	83	7	11
136	3	8	10
136	112	7	11
136	140	7	10
136	139	7	11
136	141	7	11
136	39	7	10
136	73	7	11
136	146	7	10
85	100	6	11
85	87	6	11
85	7	6	11
85	149	5	10
85	127	6	10
85	29	7	11
85	124	6	11
85	143	5	11
120	26	6	11
120	34	7	10
120	128	6	10
120	72	6	10
120	150	6	10
120	145	7	10
125	17	6	11
125	99	6	10
125	53	7	10
125	63	7	11
125	23	5	11
125	62	7	11
125	89	7	11
125	65	6	10
125	67	6	11
125	86	7	11
125	24	6	10
125	51	7	11
44	112	7	11
44	121	7	10
44	140	7	11
44	116	7	11
44	70	7	11
44	79	7	11
44	146	7	11
112	82	7	11
133	69	7	10
121	134	7	10
121	94	7	11
121	60	7	10
121	31	7	10
121	128	7	10
121	41	7	11
121	10	7	11
121	50	7	10
121	113	7	10
76	45	7	11
76	134	7	11
76	36	7	11
76	105	7	10
76	111	7	11
27	26	6	11
27	100	6	10
27	40	5	11
27	75	6	10
27	62	6	11
27	65	6	10
27	97	7	11
27	149	5	10
27	123	7	11
27	41	6	10
27	127	6	11
27	143	5	11
27	108	7	10
134	45	7	10
134	111	7	10
46	96	6	10
46	114	6	11
46	93	7	10
46	49	7	10
53	27	6	11
53	5	6	11
53	16	6	11
53	90	6	11
38	109	8	10
38	130	7	10
38	81	7	10
38	104	7	10
38	84	7	11
38	138	7	11
38	95	7	11
38	117	8	10
38	49	7	11
38	57	8	10
38	42	7	11
19	13	6	10
19	142	6	11
19	144	6	10
19	16	7	11
19	89	6	10
19	4	7	10
19	145	7	10
19	103	6	11
19	77	6	11
19	50	6	11
19	71	7	11
94	26	6	11
94	120	6	10
94	133	6	11
94	134	6	10
94	119	6	11
94	5	6	11
94	23	6	11
94	74	7	11
94	126	6	10
94	54	6	10
94	64	6	10
94	128	6	10
94	98	6	11
94	28	6	11
94	150	6	11
94	65	6	11
94	149	6	10
94	12	6	10
94	95	6	10
94	141	6	11
94	135	6	11
94	10	6	10
94	77	6	11
94	110	6	11
94	106	6	10
94	50	6	10
94	113	6	11
100	26	7	10
100	99	6	10
100	75	7	10
100	97	7	10
100	7	6	11
100	4	6	11
100	123	7	11
100	110	6	11
100	127	6	10
100	29	7	11
100	124	6	11
100	71	7	11
88	102	7	11
88	136	7	11
88	141	7	11
88	39	7	10
132	120	8	11
132	76	7	11
132	134	7	11
132	60	8	11
132	37	7	10
132	111	7	11
119	102	8	11
119	112	7	11
119	121	7	11
119	37	7	10
119	90	7	11
119	91	7	10
96	38	7	11
96	8	7	10
96	130	6	11
96	104	6	10
96	4	7	11
96	114	6	10
96	49	6	11
13	66	7	10
13	142	6	11
13	63	7	10
13	64	6	10
13	16	7	10
13	128	6	11
13	90	7	11
13	148	8	11
60	85	6	11
60	76	7	10
60	134	5	11
60	94	6	10
60	33	5	10
60	98	6	11
60	150	5	10
60	7	7	10
60	149	5	10
60	80	7	10
60	10	5	10
60	91	6	11
60	106	6	11
60	143	5	10
5	27	6	10
5	19	6	11
5	144	6	11
5	34	7	11
5	54	6	10
5	90	7	10
5	67	6	10
5	12	5	10
5	86	6	11
5	103	5	11
5	50	6	10
5	21	7	10
140	6	7	11
78	112	7	11
78	119	7	11
78	107	8	10
142	66	7	10
142	148	7	10
55	99	6	10
55	120	7	11
55	94	6	10
55	132	7	11
55	37	7	10
55	126	6	11
55	36	6	10
55	64	6	10
55	128	6	11
55	87	6	11
55	135	6	10
118	145	6	10
116	136	7	11
116	112	7	10
116	140	7	11
116	146	7	10
63	72	7	10
63	65	7	10
63	87	7	11
40	26	7	10
40	85	5	11
40	125	6	11
40	100	6	10
40	96	5	11
40	13	7	10
40	60	7	10
40	75	7	10
40	54	5	10
40	97	7	11
40	149	5	10
40	41	6	11
40	22	7	10
40	50	5	11
40	143	7	11
40	57	6	11
40	71	6	10
33	66	6	10
33	94	6	11
33	55	6	11
33	1	6	10
33	23	6	10
33	74	6	11
33	126	6	10
33	64	6	11
33	128	5	10
33	87	6	10
33	59	6	11
33	95	6	11
33	135	7	10
33	41	5	11
33	10	7	11
33	43	6	10
33	110	6	10
33	106	6	10
33	113	6	10
1	66	7	10
1	91	8	10
6	102	7	10
6	136	7	11
6	88	7	10
6	116	7	10
6	70	7	11
6	139	7	10
23	27	7	10
23	19	6	11
23	119	6	10
23	55	6	10
23	63	6	10
23	75	6	11
23	126	6	10
23	64	6	11
23	128	6	10
23	28	6	10
23	89	6	11
23	65	6	10
23	87	7	11
23	67	6	10
23	145	6	10
23	123	6	11
23	135	6	11
23	52	6	11
23	110	6	10
23	24	6	11
2	122	6	10
2	26	7	10
2	133	7	10
2	12	6	10
2	145	6	11
2	56	7	10
2	135	6	11
2	68	6	10
2	108	6	11
75	65	7	11
144	26	7	10
144	118	7	10
144	34	7	10
144	145	7	10
34	118	6	11
34	23	8	11
34	89	7	10
34	72	7	11
34	145	6	11
34	56	7	11
34	79	7	11
34	71	7	11
31	26	7	10
31	44	6	10
31	94	6	11
31	119	7	11
31	96	6	11
31	55	7	11
31	33	7	10
31	2	7	10
31	128	6	11
31	72	6	11
31	130	6	11
31	150	7	11
31	104	7	10
31	87	7	10
31	58	6	10
31	59	6	11
31	145	7	10
31	141	7	10
31	135	6	11
31	41	6	11
31	10	5	11
31	79	6	10
31	93	7	11
31	30	6	11
31	92	7	10
31	49	6	11
31	106	6	10
31	50	6	11
31	57	7	10
31	113	7	10
37	120	7	11
37	36	7	11
37	107	6	10
126	66	6	11
126	1	6	10
126	128	6	10
126	150	7	10
126	87	6	11
126	14	7	11
126	145	6	10
126	135	7	10
126	10	6	10
126	43	6	10
62	100	6	10
62	40	6	11
62	8	6	11
62	149	5	10
62	14	7	11
62	41	6	11
62	127	6	10
54	33	7	10
54	62	7	11
54	131	7	11
54	128	6	10
54	97	7	11
54	18	7	10
54	90	7	11
54	93	7	11
54	52	7	10
54	110	6	10
131	125	8	11
131	27	7	11
131	5	7	11
131	40	8	10
131	8	8	11
131	90	7	10
131	50	8	11
36	120	6	10
36	111	7	10
9	45	8	11
9	76	7	10
9	132	7	10
64	66	6	11
64	142	6	10
64	126	6	10
64	54	6	11
64	128	6	10
64	150	6	11
64	97	7	11
64	87	6	10
64	148	6	10
64	86	6	11
64	135	6	11
64	52	7	10
64	110	6	10
64	113	6	10
16	66	7	11
16	99	7	10
16	142	6	11
16	64	6	10
16	18	7	11
16	148	7	10
16	86	7	11
128	17	6	10
128	66	6	10
128	26	6	10
128	125	7	10
128	134	6	10
128	63	6	10
128	150	6	10
128	90	7	11
128	107	6	11
128	145	6	10
128	86	7	11
128	135	6	10
128	10	6	10
128	111	6	10
128	24	7	10
98	120	7	10
98	133	7	11
98	33	8	11
98	128	6	11
98	145	7	10
28	122	7	11
28	66	7	11
28	26	7	11
28	99	7	11
28	120	6	11
28	63	7	11
28	64	6	10
28	16	7	10
28	128	5	10
28	98	7	11
28	115	8	11
28	89	7	11
28	72	7	10
28	67	7	11
28	148	7	11
28	111	7	10
28	110	7	11
28	51	7	10
82	132	6	11
82	37	6	10
82	9	6	11
115	125	5	10
89	142	6	11
89	118	7	10
89	144	7	11
89	62	7	10
89	72	7	11
89	97	7	10
89	147	7	11
89	145	7	10
89	101	7	10
89	91	8	10
89	108	7	11
89	51	8	10
70	102	7	10
70	136	6	11
70	112	7	11
70	88	6	10
70	140	7	10
70	116	6	10
70	97	6	10
70	139	7	10
70	25	6	10
70	141	6	10
70	61	7	10
70	39	6	11
70	79	7	10
70	73	7	10
70	69	6	11
70	91	7	11
70	146	7	10
8	102	7	10
8	85	6	10
8	100	7	11
8	60	6	10
8	40	7	10
8	59	6	11
8	149	6	11
8	14	6	10
8	41	6	11
8	22	6	11
8	127	7	11
8	29	6	11
8	143	7	10
72	144	7	10
72	128	6	11
72	145	6	11
72	50	8	11
130	109	8	11
130	84	8	10
130	138	6	11
130	117	8	10
130	114	7	10
130	93	7	11
130	49	7	11
130	57	7	11
65	100	6	11
65	131	8	10
65	123	6	11
81	109	7	10
81	46	7	10
81	96	6	10
81	130	7	10
81	104	7	11
81	84	7	11
81	138	6	10
81	95	7	11
81	117	7	10
81	114	7	10
81	20	8	11
81	49	7	10
81	42	7	11
105	132	7	10
105	9	6	11
105	130	7	10
18	142	7	10
18	55	7	10
18	23	7	10
18	64	6	10
18	128	7	11
18	87	7	10
18	145	7	11
18	148	7	10
18	86	6	10
18	135	7	11
18	11	7	11
18	110	6	10
18	50	6	11
90	2	7	10
90	18	8	10
90	21	8	11
104	109	7	10
104	46	7	11
104	130	7	11
104	138	6	11
104	117	7	11
104	114	7	10
104	49	7	10
104	42	7	10
139	112	7	10
87	66	7	10
87	26	7	10
87	121	7	11
87	134	7	10
87	46	7	10
87	94	7	11
87	119	8	11
87	60	7	11
87	40	7	10
87	1	7	10
87	128	6	11
87	98	7	11
87	150	8	11
87	90	7	11
87	7	7	10
87	4	7	10
87	14	7	10
87	107	8	10
87	145	7	11
87	95	6	11
87	141	7	10
87	123	7	11
87	135	7	11
87	10	7	10
87	43	7	10
87	111	7	11
87	22	7	11
87	110	6	11
87	91	7	11
87	143	5	10
84	109	7	10
84	46	7	10
84	96	6	11
84	104	7	10
84	138	7	11
84	117	7	10
84	114	7	11
84	20	7	11
84	49	7	10
84	57	7	11
84	42	7	11
58	102	7	10
58	136	7	10
58	44	6	10
58	88	6	11
58	72	7	10
58	150	7	11
58	97	6	10
58	32	6	11
58	59	7	11
58	25	6	10
58	145	7	10
58	141	6	10
58	135	6	11
58	39	7	10
58	10	6	11
58	43	7	10
58	79	6	11
58	69	6	10
58	30	6	11
58	106	6	10
35	102	7	11
35	136	7	10
35	44	7	11
35	112	7	10
35	132	7	11
35	119	7	11
35	60	7	10
35	78	7	10
35	37	7	11
35	97	7	10
35	107	7	11
35	79	7	10
7	40	7	10
7	62	7	10
32	136	6	10
32	112	7	11
32	140	7	11
32	116	6	11
32	6	6	10
32	70	6	11
32	97	6	10
32	141	6	11
32	73	6	10
32	146	7	11
59	85	6	10
59	27	6	10
59	94	6	10
59	100	6	10
59	60	5	10
59	40	6	10
59	23	6	10
59	74	6	11
59	126	6	10
59	62	6	11
59	64	6	10
59	128	6	10
59	150	6	11
59	87	5	10
59	7	7	10
59	149	5	11
59	95	6	11
59	135	6	10
59	10	6	11
59	43	6	11
59	11	6	10
59	22	6	10
59	110	6	11
59	127	5	11
59	29	7	10
59	106	5	10
59	124	6	11
59	143	5	10
59	113	6	11
149	66	6	11
149	100	5	11
149	13	6	10
149	1	6	11
149	64	6	11
149	87	5	10
149	7	4	10
149	127	5	11
149	29	6	10
149	124	5	10
4	26	6	10
4	118	7	11
4	40	6	10
4	34	7	10
4	89	7	10
4	47	7	10
4	71	7	10
67	17	7	10
67	99	7	10
67	118	7	10
67	75	7	10
67	65	7	11
147	2	7	10
12	133	6	11
12	118	6	11
12	144	6	11
12	34	6	11
12	89	8	11
12	72	7	11
12	147	7	11
12	145	6	10
12	56	7	10
12	135	6	10
12	103	6	11
12	79	6	10
12	68	6	10
12	50	6	10
12	108	6	11
14	46	6	11
14	60	6	11
14	23	8	11
14	74	7	10
14	59	5	10
14	149	4	11
14	41	6	11
138	95	7	11
138	117	7	11
138	114	7	10
138	49	6	10
138	42	7	11
107	112	6	10
107	119	6	11
107	98	6	11
107	150	6	11
107	111	6	11
145	26	7	11
145	133	6	10
145	62	7	11
145	64	7	10
145	97	7	11
145	90	8	11
145	4	7	11
145	25	7	10
145	147	7	11
145	68	6	11
145	51	8	11
95	66	6	11
95	46	7	10
95	1	6	11
95	126	6	11
95	128	6	10
95	43	6	10
95	106	6	11
95	113	6	10
141	44	8	10
141	134	7	11
141	72	7	11
141	25	7	11
141	145	7	10
61	140	7	10
61	32	6	10
61	146	7	11
56	17	7	11
56	26	7	10
56	120	7	10
56	13	7	10
56	5	7	10
56	142	7	11
56	118	7	11
56	144	7	10
56	72	7	10
56	97	7	10
56	18	7	10
56	25	7	10
56	147	7	11
56	145	6	11
56	86	7	11
56	79	7	10
56	110	7	11
56	108	7	10
123	75	6	11
123	149	6	11
123	24	6	10
117	40	7	11
117	2	7	10
117	101	7	11
86	99	7	11
86	126	6	11
86	87	6	10
86	149	6	11
86	145	6	10
86	83	6	10
86	108	6	11
135	66	6	11
135	26	7	10
135	133	6	10
135	118	6	11
135	34	6	10
135	28	6	10
135	72	6	10
135	149	7	11
135	4	7	11
135	147	6	11
135	145	6	11
135	56	6	10
135	41	6	11
135	10	6	11
135	79	6	11
135	11	7	11
135	20	7	10
135	68	6	11
135	50	7	10
103	17	6	10
103	142	7	11
103	63	6	10
103	2	7	11
103	75	7	11
103	144	6	10
103	89	6	10
103	65	7	11
103	67	7	10
103	56	7	10
103	123	7	10
103	108	7	11
39	6	8	11
39	32	6	10
39	79	7	11
80	121	7	10
80	31	8	11
41	122	6	10
41	85	6	10
41	94	5	11
41	60	5	11
41	74	6	11
41	128	6	10
41	150	5	10
41	87	6	10
41	58	6	10
41	7	6	11
41	59	5	10
41	149	4	11
41	95	5	10
41	10	5	11
41	43	7	10
41	106	5	11
41	143	7	10
41	24	6	11
10	93	7	10
10	92	7	11
10	106	6	11
43	94	6	11
43	128	6	10
101	125	6	10
101	133	6	10
101	118	6	11
101	2	6	10
101	34	6	10
101	12	6	11
101	145	6	11
101	135	6	10
101	68	6	11
101	71	6	11
101	108	6	11
79	128	7	10
79	145	6	10
77	13	6	10
77	142	6	10
77	144	6	10
77	28	6	10
77	89	6	10
77	103	6	10
77	91	7	11
77	50	6	10
114	11	7	11
114	49	7	10
114	57	8	10
93	94	7	11
93	33	6	10
93	74	7	10
93	128	7	10
93	59	7	10
93	95	6	11
93	43	7	11
93	11	7	11
93	92	6	11
93	106	5	11
93	113	6	10
73	102	7	11
73	112	7	11
73	140	7	10
73	116	7	10
73	6	7	10
11	66	7	10
11	26	6	10
11	45	7	11
11	53	5	11
11	19	5	11
11	94	6	10
11	13	5	10
11	5	5	11
11	78	7	10
11	55	6	10
11	33	6	11
11	75	5	11
11	144	6	10
11	34	5	11
11	126	5	10
11	128	5	11
11	82	5	10
11	89	5	10
11	90	7	10
11	87	6	11
11	149	7	10
11	95	6	11
11	56	5	10
11	86	7	10
11	103	5	10
11	43	6	11
11	77	6	10
11	91	5	10
11	106	6	10
11	50	5	10
11	71	5	11
11	24	7	10
11	113	6	11
52	99	7	11
52	94	7	10
52	126	6	11
52	16	7	11
52	87	7	11
52	110	6	10
22	85	5	10
22	100	5	11
22	60	5	11
22	1	5	10
22	75	6	11
22	62	7	11
22	64	5	11
22	150	7	11
22	97	6	10
22	18	6	11
22	7	5	10
22	149	4	10
22	14	6	10
22	148	6	11
22	41	5	11
22	110	5	10
22	29	6	11
22	124	5	11
22	143	5	11
83	125	5	10
83	13	7	10
83	18	7	10
110	122	6	11
110	17	6	10
110	99	6	11
110	125	5	10
110	55	6	10
110	126	6	10
110	62	7	10
110	16	7	11
110	128	6	10
110	115	6	11
110	89	7	11
110	90	8	11
110	145	6	10
110	148	6	10
110	86	6	10
110	135	6	10
110	83	6	11
110	48	6	10
110	21	6	11
110	51	7	11
69	102	7	10
69	136	7	10
69	121	8	10
69	88	7	11
69	25	7	11
69	141	7	11
69	79	7	11
30	121	7	10
30	46	7	10
30	38	7	11
30	96	5	11
30	130	8	10
30	81	7	10
30	104	7	10
30	84	7	10
30	138	6	10
30	114	6	10
30	49	7	10
30	57	7	10
30	42	7	10
92	66	6	11
92	26	6	10
92	44	6	11
92	46	6	11
92	94	6	10
92	33	6	10
92	1	6	11
92	74	6	10
92	126	6	11
92	128	6	11
92	150	6	11
92	87	6	10
92	58	6	10
92	149	7	11
92	4	7	11
92	95	6	10
92	43	6	10
92	114	6	11
92	11	6	10
92	110	6	11
92	20	6	10
92	106	6	11
92	113	6	10
127	99	7	10
127	75	7	10
127	22	7	10
20	45	6	11
20	46	6	11
20	96	6	11
20	33	6	10
20	126	7	10
20	128	7	10
20	130	7	11
20	104	7	11
20	95	7	10
20	43	7	11
20	114	6	10
20	93	6	11
20	30	6	11
20	49	6	11
20	106	6	10
20	42	7	11
20	113	7	10
29	125	8	11
29	119	8	10
29	60	7	11
29	40	7	11
29	62	7	11
29	7	7	10
29	123	7	10
29	69	8	11
49	117	7	11
106	66	6	11
106	74	6	11
106	2	7	11
106	126	6	11
106	128	6	11
106	87	7	10
106	14	6	10
106	145	7	10
106	135	6	10
106	43	6	10
106	79	6	10
106	114	7	11
106	110	7	10
106	30	6	11
146	6	7	11
146	73	7	10
124	125	8	10
124	7	7	10
124	29	7	11
124	143	5	10
48	125	5	11
48	127	6	11
50	26	7	10
50	46	6	11
50	38	6	10
50	96	5	10
50	13	6	11
50	142	6	10
50	82	7	11
50	130	6	11
50	105	7	11
50	104	5	11
50	84	6	11
50	138	6	10
50	145	6	11
50	56	6	10
50	30	6	10
50	49	6	11
47	26	7	10
47	100	7	11
47	118	7	10
47	40	7	10
47	34	7	11
47	97	7	11
47	71	7	10
143	66	6	10
143	26	5	11
143	134	6	10
143	100	5	11
143	13	6	11
143	55	5	10
143	75	7	11
143	126	6	10
143	62	7	11
143	64	6	11
143	128	5	10
143	98	6	10
143	150	6	10
143	7	5	11
143	149	4	11
143	148	6	11
143	141	6	11
143	114	6	11
143	127	5	10
143	29	6	10
143	106	5	10
57	109	7	11
57	96	6	11
57	81	7	10
57	105	7	10
57	104	7	11
57	138	7	10
57	117	8	11
57	49	7	10
57	42	7	10
71	26	7	10
71	50	7	11
24	33	7	11
24	93	7	10
108	55	7	10
108	118	7	10
108	34	6	11
108	72	7	10
108	97	7	11
108	67	6	11
108	147	7	11
108	145	6	11
108	135	6	10
108	68	7	11
108	50	7	11
42	46	7	10
42	130	7	11
42	114	6	10
42	49	7	11
42	50	7	11
21	16	7	11
21	91	6	10
21	113	6	10
113	66	7	10
113	45	7	10
113	46	7	10
113	55	7	11
113	1	6	10
113	23	6	11
113	126	6	10
113	54	6	11
113	128	6	11
113	150	6	10
113	81	6	10
113	87	6	10
113	10	6	11
113	43	6	10
113	30	6	11
113	106	6	11
113	42	6	10
51	13	8	11
51	63	7	10
51	16	7	11
51	52	7	10
128	4	-100	-100
94	69	-100	-100
11	121	-100	-100
145	121	-100	-100
128	8	-100	-100
94	82	-100	-100
11	115	-100	-100
128	80	-100	-100
94	143	-100	-100
128	45	-100	-100
94	20	-100	-100
11	80	-100	-100
145	21	-100	-100
135	93	-100	-100
94	57	-100	-100
11	120	-100	-100
145	96	-100	-100
94	116	-100	-100
11	32	-100	-100
94	35	-100	-100
11	54	-100	-100
145	130	-100	-100
135	16	-100	-100
59	42	-100	-100
11	142	-100	-100
145	54	-100	-100
135	51	-100	-100
11	85	-100	-100
145	81	-100	-100
11	88	-100	-100
145	131	-100	-100
135	120	-100	-100
59	82	-100	-100
110	116	-100	-100
145	20	-100	-100
135	47	-100	-100
59	5	-100	-100
145	9	-100	-100
135	1	-100	-100
145	67	-100	-100
135	37	-100	-100
59	55	-100	-100
110	29	-100	-100
31	75	-100	-100
50	24	-100	-100
135	134	-100	-100
59	107	-100	-100
110	72	-100	-100
31	66	-100	-100
135	138	-100	-100
59	131	-100	-100
110	95	-100	-100
135	70	-100	-100
59	28	-100	-100
135	102	-100	-100
59	6	-100	-100
110	77	-100	-100
31	98	-100	-100
50	125	-100	-100
143	28	-100	-100
59	2	-100	-100
110	140	-100	-100
31	47	-100	-100
50	61	-100	-100
59	141	-100	-100
110	26	-100	-100
31	24	-100	-100
59	111	-100	-100
110	85	-100	-100
59	109	-100	-100
110	134	-100	-100
31	32	-100	-100
50	132	-100	-100
143	77	-100	-100
110	82	-100	-100
31	99	-100	-100
50	16	-100	-100
110	36	-100	-100
31	27	-100	-100
110	117	-100	-100
31	43	-100	-100
50	106	-100	-100
143	47	-100	-100
106	141	-100	-100
23	61	-100	-100
113	82	-100	-100
41	118	-100	-100
40	88	-100	-100
31	124	-100	-100
50	148	-100	-100
143	108	-100	-100
106	1	-100	-100
23	20	-100	-100
113	60	-100	-100
41	51	-100	-100
31	14	-100	-100
50	86	-100	-100
143	133	-100	-100
106	123	-100	-100
23	13	-100	-100
113	7	-100	-100
31	64	-100	-100
50	75	-100	-100
143	65	-100	-100
106	17	-100	-100
23	120	-100	-100
31	84	-100	-100
50	78	-100	-100
143	88	-100	-100
106	49	-100	-100
31	147	-100	-100
50	33	-100	-100
143	30	-100	-100
31	45	-100	-100
50	2	-100	-100
31	83	-100	-100
50	52	-100	-100
143	17	-100	-100
106	85	-100	-100
23	70	-100	-100
50	37	-100	-100
143	130	-100	-100
106	140	-100	-100
50	113	-100	-100
143	121	-100	-100
50	118	-100	-100
143	109	-100	-100
106	6	-100	-100
23	91	-100	-100
113	118	-100	-100
41	97	-100	-100
40	105	-100	-100
143	83	-100	-100
106	139	-100	-100
23	66	-100	-100
113	63	-100	-100
41	76	-100	-100
143	43	-100	-100
106	82	-100	-100
23	148	-100	-100
113	109	-100	-100
143	57	-100	-100
106	81	-100	-100
23	29	-100	-100
143	39	-100	-100
106	45	-100	-100
143	19	-100	-100
106	111	-100	-100
23	99	-100	-100
113	85	-100	-100
41	100	-100	-100
40	148	-100	-100
33	67	-100	-100
64	7	-100	-100
106	125	-100	-100
23	101	-100	-100
113	44	-100	-100
41	141	-100	-100
40	104	-100	-100
33	83	-100	-100
106	69	-100	-100
23	5	-100	-100
113	132	-100	-100
41	32	-100	-100
40	78	-100	-100
106	62	-100	-100
23	96	-100	-100
113	72	-100	-100
41	146	-100	-100
106	61	-100	-100
23	56	-100	-100
113	53	-100	-100
106	5	-100	-100
23	10	-100	-100
106	53	-100	-100
23	43	-100	-100
113	124	-100	-100
41	119	-100	-100
40	136	-100	-100
23	25	-100	-100
113	103	-100	-100
41	138	-100	-100
23	104	-100	-100
113	6	-100	-100
23	48	-100	-100
113	112	-100	-100
41	136	-100	-100
40	144	-100	-100
33	96	-100	-100
64	124	-100	-100
113	115	-100	-100
41	108	-100	-100
40	77	-100	-100
33	13	-100	-100
113	12	-100	-100
41	83	-100	-100
40	107	-100	-100
113	100	-100	-100
41	123	-100	-100
113	125	-100	-100
41	4	-100	-100
40	134	-100	-100
33	140	-100	-100
64	105	-100	-100
149	61	-100	-100
126	117	-100	-100
41	52	-100	-100
40	1	-100	-100
33	144	-100	-100
64	49	-100	-100
149	25	-100	-100
41	139	-100	-100
40	10	-100	-100
33	73	-100	-100
64	80	-100	-100
41	125	-100	-100
40	93	-100	-100
33	51	-100	-100
41	9	-100	-100
40	116	-100	-100
41	54	-100	-100
40	3	-100	-100
33	4	-100	-100
64	45	-100	-100
149	76	-100	-100
126	88	-100	-100
92	8	-100	-100
40	34	-100	-100
33	125	-100	-100
64	78	-100	-100
149	48	-100	-100
126	58	-100	-100
40	79	-100	-100
33	58	-100	-100
64	146	-100	-100
149	82	-100	-100
40	103	-100	-100
33	12	-100	-100
64	109	-100	-100
40	55	-100	-100
33	14	-100	-100
40	130	-100	-100
33	122	-100	-100
64	125	-100	-100
149	99	-100	-100
126	63	-100	-100
92	136	-100	-100
60	21	-100	-100
56	1	-100	-100
33	47	-100	-100
64	98	-100	-100
149	98	-100	-100
126	102	-100	-100
92	119	-100	-100
60	141	-100	-100
33	146	-100	-100
64	133	-100	-100
149	72	-100	-100
126	118	-100	-100
92	27	-100	-100
33	115	-100	-100
64	39	-100	-100
149	138	-100	-100
126	76	-100	-100
33	52	-100	-100
64	144	-100	-100
149	2	-100	-100
33	76	-100	-100
64	48	-100	-100
33	39	-100	-100
64	24	-100	-100
149	125	-100	-100
126	46	-100	-100
92	42	-100	-100
60	37	-100	-100
56	134	-100	-100
64	32	-100	-100
149	88	-100	-100
126	134	-100	-100
92	72	-100	-100
60	96	-100	-100
64	114	-100	-100
149	102	-100	-100
126	141	-100	-100
92	140	-100	-100
64	10	-100	-100
149	148	-100	-100
126	62	-100	-100
64	90	-100	-100
149	16	-100	-100
64	115	-100	-100
149	75	-100	-100
126	6	-100	-100
92	105	-100	-100
60	18	-100	-100
56	116	-100	-100
22	118	-100	-100
149	134	-100	-100
126	79	-100	-100
92	62	-100	-100
60	108	-100	-100
56	43	-100	-100
149	147	-100	-100
126	97	-100	-100
92	118	-100	-100
60	46	-100	-100
149	114	-100	-100
126	2	-100	-100
92	71	-100	-100
149	3	-100	-100
126	24	-100	-100
149	115	-100	-100
126	69	-100	-100
92	141	-100	-100
60	89	-100	-100
56	30	-100	-100
22	37	-100	-100
100	13	-100	-100
126	148	-100	-100
92	25	-100	-100
60	102	-100	-100
56	102	-100	-100
22	24	-100	-100
126	25	-100	-100
92	80	-100	-100
60	138	-100	-100
56	150	-100	-100
126	80	-100	-100
92	148	-100	-100
60	24	-100	-100
126	51	-100	-100
92	28	-100	-100
126	146	-100	-100
92	130	-100	-100
60	57	-100	-100
56	63	-100	-100
22	3	-100	-100
100	45	-100	-100
89	78	-100	-100
92	121	-100	-100
60	142	-100	-100
56	38	-100	-100
22	58	-100	-100
100	132	-100	-100
92	48	-100	-100
60	117	-100	-100
56	14	-100	-100
22	70	-100	-100
92	139	-100	-100
60	13	-100	-100
56	57	-100	-100
92	7	-100	-100
60	49	-100	-100
92	61	-100	-100
60	43	-100	-100
56	70	-100	-100
22	125	-100	-100
100	93	-100	-100
89	25	-100	-100
125	130	-100	-100
26	136	-100	-100
60	139	-100	-100
56	48	-100	-100
22	112	-100	-100
100	32	-100	-100
89	5	-100	-100
125	71	-100	-100
60	39	-100	-100
56	29	-100	-100
22	108	-100	-100
100	78	-100	-100
89	81	-100	-100
60	9	-100	-100
56	130	-100	-100
22	138	-100	-100
100	25	-100	-100
60	124	-100	-100
56	76	-100	-100
22	132	-100	-100
60	130	-100	-100
56	124	-100	-100
60	6	-100	-100
56	105	-100	-100
22	57	-100	-100
100	134	-100	-100
89	99	-100	-100
125	18	-100	-100
26	146	-100	-100
56	111	-100	-100
22	78	-100	-100
100	141	-100	-100
89	120	-100	-100
125	69	-100	-100
56	96	-100	-100
22	84	-100	-100
100	130	-100	-100
89	124	-100	-100
56	119	-100	-100
22	134	-100	-100
100	58	-100	-100
56	45	-100	-100
22	83	-100	-100
56	99	-100	-100
22	65	-100	-100
100	76	-100	-100
89	43	-100	-100
125	70	-100	-100
26	102	-100	-100
58	78	-100	-100
66	69	-100	-100
28	117	-100	-100
22	142	-100	-100
100	74	-100	-100
89	114	-100	-100
125	36	-100	-100
26	119	-100	-100
58	131	-100	-100
66	4	-100	-100
22	4	-100	-100
100	48	-100	-100
89	68	-100	-100
125	102	-100	-100
26	139	-100	-100
58	52	-100	-100
22	81	-100	-100
100	77	-100	-100
89	117	-100	-100
125	90	-100	-100
26	99	-100	-100
22	21	-100	-100
100	46	-100	-100
89	107	-100	-100
125	21	-100	-100
22	86	-100	-100
100	82	-100	-100
89	20	-100	-100
22	93	-100	-100
100	68	-100	-100
22	20	-100	-100
100	37	-100	-100
89	6	-100	-100
125	16	-100	-100
26	107	-100	-100
58	86	-100	-100
66	86	-100	-100
28	8	-100	-100
100	6	-100	-100
89	38	-100	-100
125	142	-100	-100
26	49	-100	-100
58	13	-100	-100
66	115	-100	-100
100	116	-100	-100
89	3	-100	-100
125	38	-100	-100
26	57	-100	-100
58	76	-100	-100
100	139	-100	-100
89	150	-100	-100
125	49	-100	-100
26	62	-100	-100
100	70	-100	-100
89	123	-100	-100
125	78	-100	-100
100	55	-100	-100
89	80	-100	-100
100	18	-100	-100
89	119	-100	-100
125	72	-100	-100
26	103	-100	-100
58	127	-100	-100
66	10	-100	-100
28	79	-100	-100
89	112	-100	-100
125	7	-100	-100
26	43	-100	-100
58	47	-100	-100
66	131	-100	-100
89	111	-100	-100
125	43	-100	-100
26	52	-100	-100
58	91	-100	-100
89	79	-100	-100
125	34	-100	-100
26	44	-100	-100
89	76	-100	-100
125	81	-100	-100
89	85	-100	-100
125	150	-100	-100
26	142	-100	-100
58	101	-100	-100
66	57	-100	-100
28	43	-100	-100
102	121	-100	-100
125	139	-100	-100
26	147	-100	-100
58	4	-100	-100
66	133	-100	-100
28	30	-100	-100
125	118	-100	-100
26	63	-100	-100
58	140	-100	-100
66	21	-100	-100
125	75	-100	-100
26	130	-100	-100
58	17	-100	-100
125	148	-100	-100
26	86	-100	-100
125	140	-100	-100
26	18	-100	-100
58	114	-100	-100
66	78	-100	-100
28	62	-100	-100
102	97	-100	-100
20	44	-100	-100
26	16	-100	-100
58	95	-100	-100
66	46	-100	-100
28	68	-100	-100
102	148	-100	-100
26	7	-100	-100
58	130	-100	-100
66	150	-100	-100
28	84	-100	-100
26	74	-100	-100
58	138	-100	-100
66	114	-100	-100
26	30	-100	-100
58	85	-100	-100
26	68	-100	-100
58	120	-100	-100
66	38	-100	-100
28	121	-100	-100
102	47	-100	-100
20	16	-100	-100
18	139	-100	-100
55	10	-100	-100
58	73	-100	-100
66	84	-100	-100
28	49	-100	-100
102	130	-100	-100
20	72	-100	-100
18	107	-100	-100
58	14	-100	-100
66	42	-100	-100
28	114	-100	-100
102	104	-100	-100
20	9	-100	-100
58	115	-100	-100
66	43	-100	-100
28	147	-100	-100
102	24	-100	-100
58	81	-100	-100
66	88	-100	-100
28	80	-100	-100
58	48	-100	-100
66	120	-100	-100
58	37	-100	-100
66	8	-100	-100
28	9	-100	-100
102	132	-100	-100
20	24	-100	-100
18	21	-100	-100
55	88	-100	-100
95	44	-100	-100
66	104	-100	-100
28	34	-100	-100
102	77	-100	-100
20	19	-100	-100
18	24	-100	-100
55	34	-100	-100
66	140	-100	-100
28	37	-100	-100
102	2	-100	-100
20	63	-100	-100
18	82	-100	-100
66	79	-100	-100
28	136	-100	-100
102	46	-100	-100
20	127	-100	-100
66	48	-100	-100
28	141	-100	-100
102	108	-100	-100
66	63	-100	-100
28	2	-100	-100
66	74	-100	-100
28	150	-100	-100
102	91	-100	-100
20	65	-100	-100
18	9	-100	-100
55	78	-100	-100
95	17	-100	-100
12	69	-100	-100
28	61	-100	-100
102	43	-100	-100
20	13	-100	-100
18	111	-100	-100
55	46	-100	-100
95	5	-100	-100
28	144	-100	-100
102	17	-100	-100
20	107	-100	-100
18	101	-100	-100
55	35	-100	-100
28	133	-100	-100
102	114	-100	-100
20	53	-100	-100
18	120	-100	-100
28	142	-100	-100
102	78	-100	-100
20	5	-100	-100
28	24	-100	-100
102	81	-100	-100
28	53	-100	-100
102	18	-100	-100
20	91	-100	-100
18	63	-100	-100
55	84	-100	-100
95	69	-100	-100
12	150	-100	-100
70	127	-100	-100
93	14	-100	-100
108	25	-100	-100
102	5	-100	-100
20	52	-100	-100
18	121	-100	-100
55	65	-100	-100
95	115	-100	-100
12	48	-100	-100
70	150	-100	-100
93	13	-100	-100
102	107	-100	-100
20	3	-100	-100
18	147	-100	-100
55	96	-100	-100
95	7	-100	-100
12	71	-100	-100
70	1	-100	-100
102	1	-100	-100
20	32	-100	-100
18	77	-100	-100
55	9	-100	-100
95	88	-100	-100
12	81	-100	-100
102	90	-100	-100
20	4	-100	-100
18	85	-100	-100
55	57	-100	-100
95	52	-100	-100
102	9	-100	-100
20	35	-100	-100
18	104	-100	-100
55	105	-100	-100
102	142	-100	-100
20	97	-100	-100
18	37	-100	-100
102	85	-100	-100
20	150	-100	-100
102	134	-100	-100
20	132	-100	-100
18	8	-100	-100
55	95	-100	-100
95	71	-100	-100
12	19	-100	-100
70	96	-100	-100
20	108	-100	-100
18	51	-100	-100
55	117	-100	-100
95	67	-100	-100
12	104	-100	-100
20	8	-100	-100
18	67	-100	-100
55	122	-100	-100
95	84	-100	-100
20	123	-100	-100
18	57	-100	-100
55	63	-100	-100
20	146	-100	-100
18	127	-100	-100
20	71	-100	-100
18	84	-100	-100
55	130	-100	-100
95	136	-100	-100
12	53	-100	-100
70	52	-100	-100
93	111	-100	-100
18	72	-100	-100
55	101	-100	-100
95	29	-100	-100
12	84	-100	-100
70	101	-100	-100
18	114	-100	-100
55	68	-100	-100
95	76	-100	-100
12	138	-100	-100
18	124	-100	-100
55	69	-100	-100
95	75	-100	-100
18	14	-100	-100
55	116	-100	-100
18	88	-100	-100
55	13	-100	-100
95	3	-100	-100
12	83	-100	-100
70	133	-100	-100
93	51	-100	-100
108	36	-100	-100
30	85	-100	-100
55	115	-100	-100
95	91	-100	-100
12	98	-100	-100
70	48	-100	-100
93	91	-100	-100
108	62	-100	-100
55	147	-100	-100
95	90	-100	-100
12	136	-100	-100
70	47	-100	-100
93	35	-100	-100
55	77	-100	-100
95	37	-100	-100
12	117	-100	-100
70	111	-100	-100
55	19	-100	-100
95	150	-100	-100
12	25	-100	-100
55	127	-100	-100
95	111	-100	-100
55	131	-100	-100
95	36	-100	-100
12	52	-100	-100
70	105	-100	-100
93	84	-100	-100
108	63	-100	-100
30	3	-100	-100
62	52	-100	-100
95	117	-100	-100
12	13	-100	-100
70	117	-100	-100
93	114	-100	-100
108	139	-100	-100
30	78	-100	-100
95	10	-100	-100
12	63	-100	-100
70	85	-100	-100
93	38	-100	-100
108	51	-100	-100
95	83	-100	-100
12	10	-100	-100
70	71	-100	-100
93	150	-100	-100
95	98	-100	-100
12	32	-100	-100
70	84	-100	-100
95	77	-100	-100
12	9	-100	-100
95	85	-100	-100
12	45	-100	-100
70	8	-100	-100
93	2	-100	-100
108	140	-100	-100
30	45	-100	-100
62	133	-100	-100
13	25	-100	-100
12	51	-100	-100
70	130	-100	-100
93	80	-100	-100
108	127	-100	-100
30	36	-100	-100
62	47	-100	-100
12	4	-100	-100
70	83	-100	-100
93	69	-100	-100
108	120	-100	-100
30	132	-100	-100
12	75	-100	-100
70	35	-100	-100
93	73	-100	-100
108	84	-100	-100
12	14	-100	-100
70	131	-100	-100
93	39	-100	-100
12	111	-100	-100
70	42	-100	-100
12	7	-100	-100
70	67	-100	-100
93	42	-100	-100
108	124	-100	-100
30	140	-100	-100
62	67	-100	-100
13	147	-100	-100
27	122	-100	-100
70	57	-100	-100
93	134	-100	-100
108	75	-100	-100
30	139	-100	-100
62	57	-100	-100
13	29	-100	-100
70	144	-100	-100
93	61	-100	-100
108	1	-100	-100
30	101	-100	-100
62	112	-100	-100
70	119	-100	-100
93	67	-100	-100
108	77	-100	-100
30	98	-100	-100
70	104	-100	-100
93	47	-100	-100
108	90	-100	-100
70	65	-100	-100
93	68	-100	-100
70	43	-100	-100
93	71	-100	-100
108	43	-100	-100
30	148	-100	-100
62	45	-100	-100
13	48	-100	-100
27	147	-100	-100
130	133	-100	-100
34	74	-100	-100
93	57	-100	-100
108	88	-100	-100
30	122	-100	-100
62	46	-100	-100
13	111	-100	-100
27	71	-100	-100
130	90	-100	-100
93	132	-100	-100
108	141	-100	-100
30	133	-100	-100
62	81	-100	-100
13	6	-100	-100
27	138	-100	-100
93	4	-100	-100
108	65	-100	-100
30	4	-100	-100
62	76	-100	-100
13	116	-100	-100
93	123	-100	-100
108	57	-100	-100
30	107	-100	-100
62	120	-100	-100
93	1	-100	-100
108	116	-100	-100
30	115	-100	-100
93	21	-100	-100
108	148	-100	-100
93	120	-100	-100
108	30	-100	-100
30	72	-100	-100
62	48	-100	-100
13	67	-100	-100
27	68	-100	-100
130	6	-100	-100
34	146	-100	-100
108	17	-100	-100
30	16	-100	-100
62	24	-100	-100
13	37	-100	-100
27	32	-100	-100
130	82	-100	-100
108	117	-100	-100
30	127	-100	-100
62	123	-100	-100
13	122	-100	-100
27	4	-100	-100
108	29	-100	-100
30	7	-100	-100
62	90	-100	-100
13	7	-100	-100
108	138	-100	-100
30	48	-100	-100
62	82	-100	-100
108	54	-100	-100
30	112	-100	-100
108	121	-100	-100
30	43	-100	-100
62	49	-100	-100
13	136	-100	-100
27	79	-100	-100
130	46	-100	-100
34	86	-100	-100
103	115	-100	-100
30	37	-100	-100
62	37	-100	-100
13	36	-100	-100
27	3	-100	-100
130	111	-100	-100
34	38	-100	-100
30	47	-100	-100
62	83	-100	-100
13	98	-100	-100
27	142	-100	-100
130	67	-100	-100
30	53	-100	-100
62	91	-100	-100
13	134	-100	-100
27	134	-100	-100
30	6	-100	-100
62	21	-100	-100
13	74	-100	-100
30	147	-100	-100
62	3	-100	-100
30	91	-100	-100
62	19	-100	-100
13	105	-100	-100
27	25	-100	-100
130	10	-100	-100
34	140	-100	-100
103	79	-100	-100
104	67	-100	-100
81	118	-100	-100
62	114	-100	-100
13	107	-100	-100
27	21	-100	-100
130	146	-100	-100
34	147	-100	-100
103	72	-100	-100
104	61	-100	-100
62	140	-100	-100
13	38	-100	-100
27	84	-100	-100
130	124	-100	-100
34	69	-100	-100
103	133	-100	-100
62	105	-100	-100
13	118	-100	-100
27	119	-100	-100
130	54	-100	-100
34	123	-100	-100
62	115	-100	-100
13	10	-100	-100
27	120	-100	-100
130	63	-100	-100
62	51	-100	-100
13	54	-100	-100
27	150	-100	-100
62	72	-100	-100
13	71	-100	-100
62	17	-100	-100
13	131	-100	-100
27	101	-100	-100
130	14	-100	-100
34	114	-100	-100
103	52	-100	-100
104	71	-100	-100
81	51	-100	-100
13	84	-100	-100
27	112	-100	-100
130	7	-100	-100
34	42	-100	-100
103	82	-100	-100
104	1	-100	-100
13	39	-100	-100
27	91	-100	-100
130	116	-100	-100
34	132	-100	-100
103	47	-100	-100
13	150	-100	-100
27	109	-100	-100
130	112	-100	-100
34	84	-100	-100
13	120	-100	-100
27	17	-100	-100
130	107	-100	-100
13	121	-100	-100
27	82	-100	-100
13	144	-100	-100
27	46	-100	-100
130	144	-100	-100
34	65	-100	-100
103	53	-100	-100
104	21	-100	-100
81	6	-100	-100
86	38	-100	-100
27	98	-100	-100
130	88	-100	-100
34	10	-100	-100
103	124	-100	-100
104	10	-100	-100
81	36	-100	-100
27	35	-100	-100
130	29	-100	-100
34	2	-100	-100
103	85	-100	-100
104	9	-100	-100
27	115	-100	-100
130	1	-100	-100
34	45	-100	-100
103	25	-100	-100
27	38	-100	-100
130	76	-100	-100
34	78	-100	-100
27	144	-100	-100
130	21	-100	-100
27	133	-100	-100
130	68	-100	-100
34	148	-100	-100
103	122	-100	-100
104	8	-100	-100
81	88	-100	-100
86	84	-100	-100
114	90	-100	-100
130	61	-100	-100
34	44	-100	-100
103	107	-100	-100
104	131	-100	-100
81	2	-100	-100
86	14	-100	-100
130	139	-100	-100
34	85	-100	-100
103	109	-100	-100
104	35	-100	-100
81	140	-100	-100
130	69	-100	-100
34	88	-100	-100
103	74	-100	-100
104	76	-100	-100
130	91	-100	-100
34	63	-100	-100
103	57	-100	-100
130	8	-100	-100
34	90	-100	-100
130	142	-100	-100
34	82	-100	-100
103	127	-100	-100
104	36	-100	-100
81	44	-100	-100
86	48	-100	-100
114	148	-100	-100
96	67	-100	-100
34	138	-100	-100
103	35	-100	-100
104	69	-100	-100
81	80	-100	-100
86	39	-100	-100
114	98	-100	-100
34	25	-100	-100
103	46	-100	-100
104	107	-100	-100
81	73	-100	-100
86	105	-100	-100
34	3	-100	-100
103	9	-100	-100
104	123	-100	-100
81	69	-100	-100
34	133	-100	-100
103	118	-100	-100
104	139	-100	-100
34	121	-100	-100
103	88	-100	-100
34	134	-100	-100
103	134	-100	-100
104	80	-100	-100
81	53	-100	-100
86	67	-100	-100
114	72	-100	-100
96	97	-100	-100
49	74	-100	-100
150	73	-100	-100
5	115	-100	-100
103	97	-100	-100
104	75	-100	-100
81	29	-100	-100
86	132	-100	-100
114	35	-100	-100
96	148	-100	-100
49	111	-100	-100
150	3	-100	-100
103	68	-100	-100
104	115	-100	-100
81	74	-100	-100
86	8	-100	-100
114	78	-100	-100
96	48	-100	-100
49	90	-100	-100
103	76	-100	-100
104	121	-100	-100
81	120	-100	-100
86	123	-100	-100
114	63	-100	-100
96	47	-100	-100
103	73	-100	-100
104	52	-100	-100
81	105	-100	-100
86	25	-100	-100
114	121	-100	-100
103	138	-100	-100
104	29	-100	-100
81	77	-100	-100
86	140	-100	-100
103	105	-100	-100
104	44	-100	-100
81	65	-100	-100
103	48	-100	-100
104	99	-100	-100
103	14	-100	-100
104	119	-100	-100
81	141	-100	-100
86	19	-100	-100
114	140	-100	-100
96	116	-100	-100
49	29	-100	-100
150	131	-100	-100
104	79	-100	-100
81	111	-100	-100
86	35	-100	-100
114	97	-100	-100
96	119	-100	-100
49	51	-100	-100
104	19	-100	-100
81	1	-100	-100
86	136	-100	-100
114	48	-100	-100
96	141	-100	-100
104	47	-100	-100
81	83	-100	-100
86	142	-100	-100
114	112	-100	-100
104	43	-100	-100
81	119	-100	-100
86	57	-100	-100
104	78	-100	-100
81	3	-100	-100
104	7	-100	-100
81	150	-100	-100
86	72	-100	-100
114	136	-100	-100
96	132	-100	-100
49	2	-100	-100
150	141	-100	-100
5	112	-100	-100
81	45	-100	-100
86	52	-100	-100
114	19	-100	-100
96	144	-100	-100
49	17	-100	-100
150	47	-100	-100
81	32	-100	-100
86	36	-100	-100
114	76	-100	-100
96	76	-100	-100
49	61	-100	-100
81	52	-100	-100
86	4	-100	-100
114	52	-100	-100
96	88	-100	-100
81	124	-100	-100
86	77	-100	-100
114	119	-100	-100
81	131	-100	-100
86	111	-100	-100
81	144	-100	-100
86	45	-100	-100
114	77	-100	-100
96	136	-100	-100
49	150	-100	-100
150	83	-100	-100
5	42	-100	-100
136	17	-100	-100
29	6	-100	-100
86	79	-100	-100
114	51	-100	-100
96	140	-100	-100
49	47	-100	-100
150	119	-100	-100
5	133	-100	-100
136	147	-100	-100
86	134	-100	-100
114	79	-100	-100
96	63	-100	-100
49	127	-100	-100
150	69	-100	-100
5	36	-100	-100
86	107	-100	-100
114	123	-100	-100
96	138	-100	-100
49	144	-100	-100
150	91	-100	-100
86	131	-100	-100
114	21	-100	-100
96	54	-100	-100
49	36	-100	-100
86	75	-100	-100
114	61	-100	-100
96	17	-100	-100
86	69	-100	-100
114	65	-100	-100
86	1	-100	-100
114	99	-100	-100
96	10	-100	-100
49	37	-100	-100
150	122	-100	-100
5	88	-100	-100
136	16	-100	-100
29	82	-100	-100
114	37	-100	-100
96	42	-100	-100
49	107	-100	-100
150	4	-100	-100
5	127	-100	-100
136	8	-100	-100
114	71	-100	-100
96	79	-100	-100
49	6	-100	-100
150	74	-100	-100
5	122	-100	-100
114	105	-100	-100
96	7	-100	-100
49	65	-100	-100
150	36	-100	-100
114	9	-100	-100
96	53	-100	-100
49	118	-100	-100
114	139	-100	-100
96	3	-100	-100
114	147	-100	-100
96	9	-100	-100
49	9	-100	-100
150	99	-100	-100
5	10	-100	-100
136	29	-100	-100
29	117	-100	-100
2	120	-100	-100
96	77	-100	-100
49	73	-100	-100
150	121	-100	-100
5	1	-100	-100
136	7	-100	-100
29	14	-100	-100
96	35	-100	-100
49	105	-100	-100
150	38	-100	-100
5	61	-100	-100
136	68	-100	-100
96	107	-100	-100
49	71	-100	-100
150	82	-100	-100
5	45	-100	-100
96	127	-100	-100
49	115	-100	-100
150	37	-100	-100
96	73	-100	-100
49	69	-100	-100
96	90	-100	-100
49	142	-100	-100
150	97	-100	-100
5	83	-100	-100
136	67	-100	-100
29	147	-100	-100
2	10	-100	-100
90	14	-100	-100
49	3	-100	-100
150	51	-100	-100
5	37	-100	-100
136	51	-100	-100
29	3	-100	-100
2	43	-100	-100
49	44	-100	-100
150	6	-100	-100
5	140	-100	-100
136	10	-100	-100
29	67	-100	-100
49	1	-100	-100
150	9	-100	-100
5	139	-100	-100
136	142	-100	-100
49	134	-100	-100
150	146	-100	-100
5	73	-100	-100
49	67	-100	-100
150	79	-100	-100
49	75	-100	-100
150	21	-100	-100
5	57	-100	-100
136	80	-100	-100
29	57	-100	-100
2	142	-100	-100
90	105	-100	-100
8	61	-100	-100
150	53	-100	-100
5	121	-100	-100
136	133	-100	-100
29	112	-100	-100
2	73	-100	-100
90	9	-100	-100
150	105	-100	-100
5	123	-100	-100
136	98	-100	-100
29	132	-100	-100
2	24	-100	-100
150	57	-100	-100
5	71	-100	-100
136	53	-100	-100
29	78	-100	-100
150	84	-100	-100
5	134	-100	-100
136	118	-100	-100
150	124	-100	-100
5	85	-100	-100
150	54	-100	-100
5	9	-100	-100
136	115	-100	-100
29	79	-100	-100
2	16	-100	-100
90	17	-100	-100
8	76	-100	-100
97	111	-100	-100
10	123	-100	-100
5	147	-100	-100
136	105	-100	-100
29	35	-100	-100
2	42	-100	-100
90	76	-100	-100
8	7	-100	-100
97	9	-100	-100
5	117	-100	-100
136	148	-100	-100
29	77	-100	-100
2	138	-100	-100
90	111	-100	-100
8	84	-100	-100
5	146	-100	-100
136	63	-100	-100
29	84	-100	-100
2	61	-100	-100
90	144	-100	-100
5	6	-100	-100
136	111	-100	-100
29	32	-100	-100
2	44	-100	-100
5	68	-100	-100
136	4	-100	-100
29	133	-100	-100
5	51	-100	-100
136	71	-100	-100
5	14	-100	-100
136	109	-100	-100
29	131	-100	-100
2	83	-100	-100
90	39	-100	-100
8	65	-100	-100
97	68	-100	-100
10	57	-100	-100
84	69	-100	-100
136	79	-100	-100
29	83	-100	-100
2	109	-100	-100
90	142	-100	-100
8	51	-100	-100
97	72	-100	-100
10	24	-100	-100
136	91	-100	-100
29	17	-100	-100
2	82	-100	-100
90	65	-100	-100
8	111	-100	-100
97	53	-100	-100
136	43	-100	-100
29	118	-100	-100
2	57	-100	-100
90	79	-100	-100
8	99	-100	-100
136	144	-100	-100
29	141	-100	-100
2	53	-100	-100
90	139	-100	-100
136	83	-100	-100
29	99	-100	-100
2	63	-100	-100
136	117	-100	-100
29	61	-100	-100
136	21	-100	-100
29	48	-100	-100
2	88	-100	-100
90	115	-100	-100
8	10	-100	-100
97	139	-100	-100
10	1	-100	-100
84	141	-100	-100
141	61	-100	-100
29	46	-100	-100
2	75	-100	-100
90	83	-100	-100
8	16	-100	-100
97	7	-100	-100
10	73	-100	-100
84	74	-100	-100
29	21	-100	-100
2	72	-100	-100
90	146	-100	-100
8	80	-100	-100
97	6	-100	-100
10	52	-100	-100
29	76	-100	-100
2	47	-100	-100
90	61	-100	-100
8	120	-100	-100
97	21	-100	-100
29	42	-100	-100
2	146	-100	-100
90	16	-100	-100
8	138	-100	-100
29	111	-100	-100
2	7	-100	-100
90	77	-100	-100
29	38	-100	-100
2	112	-100	-100
29	148	-100	-100
2	19	-100	-100
90	24	-100	-100
8	139	-100	-100
97	131	-100	-100
10	98	-100	-100
84	6	-100	-100
141	35	-100	-100
72	131	-100	-100
2	65	-100	-100
90	3	-100	-100
8	124	-100	-100
97	120	-100	-100
10	131	-100	-100
84	45	-100	-100
141	48	-100	-100
2	48	-100	-100
90	1	-100	-100
8	74	-100	-100
97	107	-100	-100
10	48	-100	-100
84	131	-100	-100
2	132	-100	-100
90	73	-100	-100
8	35	-100	-100
97	144	-100	-100
10	7	-100	-100
2	9	-100	-100
90	109	-100	-100
8	32	-100	-100
97	17	-100	-100
2	38	-100	-100
90	37	-100	-100
8	118	-100	-100
2	140	-100	-100
90	134	-100	-100
2	67	-100	-100
90	112	-100	-100
8	21	-100	-100
97	138	-100	-100
10	3	-100	-100
84	123	-100	-100
141	107	-100	-100
72	133	-100	-100
90	99	-100	-100
8	73	-100	-100
97	67	-100	-100
10	80	-100	-100
84	19	-100	-100
141	68	-100	-100
90	69	-100	-100
8	17	-100	-100
97	121	-100	-100
10	74	-100	-100
84	85	-100	-100
90	43	-100	-100
8	115	-100	-100
97	117	-100	-100
10	67	-100	-100
90	63	-100	-100
8	146	-100	-100
97	1	-100	-100
90	35	-100	-100
8	123	-100	-100
90	4	-100	-100
8	4	-100	-100
97	132	-100	-100
10	44	-100	-100
84	75	-100	-100
141	42	-100	-100
72	57	-100	-100
57	21	-100	-100
8	39	-100	-100
97	44	-100	-100
10	65	-100	-100
84	111	-100	-100
141	124	-100	-100
72	71	-100	-100
8	46	-100	-100
97	74	-100	-100
10	19	-100	-100
84	73	-100	-100
141	7	-100	-100
8	133	-100	-100
97	45	-100	-100
10	85	-100	-100
84	61	-100	-100
8	68	-100	-100
97	99	-100	-100
10	69	-100	-100
8	134	-100	-100
97	82	-100	-100
8	24	-100	-100
97	19	-100	-100
10	51	-100	-100
84	1	-100	-100
141	36	-100	-100
72	35	-100	-100
57	73	-100	-100
46	9	-100	-100
97	116	-100	-100
10	42	-100	-100
84	146	-100	-100
141	105	-100	-100
72	17	-100	-100
57	25	-100	-100
97	146	-100	-100
10	39	-100	-100
84	101	-100	-100
141	17	-100	-100
72	79	-100	-100
97	83	-100	-100
10	4	-100	-100
84	47	-100	-100
141	131	-100	-100
97	61	-100	-100
10	111	-100	-100
84	65	-100	-100
97	16	-100	-100
10	78	-100	-100
97	79	-100	-100
10	76	-100	-100
84	32	-100	-100
141	118	-100	-100
72	61	-100	-100
57	118	-100	-100
46	80	-100	-100
43	132	-100	-100
10	124	-100	-100
84	99	-100	-100
141	52	-100	-100
72	21	-100	-100
57	144	-100	-100
46	112	-100	-100
10	105	-100	-100
84	121	-100	-100
141	45	-100	-100
72	127	-100	-100
57	124	-100	-100
10	133	-100	-100
84	77	-100	-100
141	120	-100	-100
72	52	-100	-100
10	71	-100	-100
84	7	-100	-100
141	38	-100	-100
10	112	-100	-100
84	88	-100	-100
10	109	-100	-100
84	82	-100	-100
141	123	-100	-100
72	3	-100	-100
57	45	-100	-100
46	32	-100	-100
43	123	-100	-100
121	16	-100	-100
16	134	-100	-100
84	53	-100	-100
141	109	-100	-100
72	112	-100	-100
57	61	-100	-100
46	71	-100	-100
43	6	-100	-100
121	38	-100	-100
84	54	-100	-100
141	139	-100	-100
72	111	-100	-100
57	68	-100	-100
46	1	-100	-100
43	25	-100	-100
84	67	-100	-100
141	24	-100	-100
72	75	-100	-100
57	47	-100	-100
46	36	-100	-100
84	112	-100	-100
141	6	-100	-100
72	6	-100	-100
57	17	-100	-100
84	83	-100	-100
141	39	-100	-100
72	39	-100	-100
84	37	-100	-100
141	140	-100	-100
84	79	-100	-100
141	144	-100	-100
72	91	-100	-100
57	71	-100	-100
46	68	-100	-100
43	37	-100	-100
121	63	-100	-100
16	82	-100	-100
54	14	-100	-100
141	51	-100	-100
72	24	-100	-100
57	69	-100	-100
46	61	-100	-100
43	101	-100	-100
121	73	-100	-100
16	6	-100	-100
141	21	-100	-100
72	88	-100	-100
57	19	-100	-100
46	35	-100	-100
43	47	-100	-100
121	120	-100	-100
141	4	-100	-100
72	142	-100	-100
57	107	-100	-100
46	111	-100	-100
43	131	-100	-100
141	74	-100	-100
72	78	-100	-100
57	24	-100	-100
46	115	-100	-100
141	65	-100	-100
72	73	-100	-100
57	131	-100	-100
141	142	-100	-100
72	118	-100	-100
141	146	-100	-100
72	83	-100	-100
57	46	-100	-100
46	117	-100	-100
43	24	-100	-100
121	32	-100	-100
16	1	-100	-100
54	82	-100	-100
4	117	-100	-100
72	139	-100	-100
57	44	-100	-100
46	65	-100	-100
43	118	-100	-100
121	77	-100	-100
16	85	-100	-100
54	47	-100	-100
72	122	-100	-100
57	119	-100	-100
46	63	-100	-100
43	61	-100	-100
121	111	-100	-100
16	111	-100	-100
72	38	-100	-100
57	32	-100	-100
46	109	-100	-100
43	139	-100	-100
121	146	-100	-100
72	32	-100	-100
57	115	-100	-100
46	83	-100	-100
43	83	-100	-100
72	115	-100	-100
57	52	-100	-100
46	73	-100	-100
72	44	-100	-100
57	127	-100	-100
72	47	-100	-100
57	53	-100	-100
46	139	-100	-100
43	42	-100	-100
121	109	-100	-100
16	98	-100	-100
54	65	-100	-100
4	131	-100	-100
85	69	-100	-100
57	99	-100	-100
46	44	-100	-100
43	144	-100	-100
121	7	-100	-100
16	127	-100	-100
54	117	-100	-100
4	132	-100	-100
57	35	-100	-100
46	7	-100	-100
43	65	-100	-100
121	127	-100	-100
16	109	-100	-100
54	6	-100	-100
57	88	-100	-100
46	118	-100	-100
43	75	-100	-100
121	48	-100	-100
16	140	-100	-100
57	77	-100	-100
46	47	-100	-100
43	69	-100	-100
121	35	-100	-100
57	123	-100	-100
46	53	-100	-100
43	111	-100	-100
57	79	-100	-100
46	132	-100	-100
57	91	-100	-100
46	134	-100	-100
43	76	-100	-100
121	107	-100	-100
16	25	-100	-100
54	122	-100	-100
4	53	-100	-100
85	9	-100	-100
46	101	-100	-100
43	133	-100	-100
121	47	-100	-100
16	144	-100	-100
54	147	-100	-100
4	109	-100	-100
46	79	-100	-100
43	48	-100	-100
121	117	-100	-100
16	37	-100	-100
54	37	-100	-100
46	67	-100	-100
43	21	-100	-100
121	37	-100	-100
16	124	-100	-100
46	21	-100	-100
43	14	-100	-100
121	123	-100	-100
46	51	-100	-100
43	105	-100	-100
46	127	-100	-100
43	91	-100	-100
121	88	-100	-100
16	63	-100	-100
54	146	-100	-100
4	3	-100	-100
85	39	-100	-100
119	9	-100	-100
120	78	-100	-100
43	39	-100	-100
121	36	-100	-100
16	14	-100	-100
54	101	-100	-100
4	25	-100	-100
85	67	-100	-100
119	1	-100	-100
43	124	-100	-100
121	131	-100	-100
16	24	-100	-100
54	7	-100	-100
4	99	-100	-100
85	134	-100	-100
43	1	-100	-100
121	101	-100	-100
16	88	-100	-100
54	134	-100	-100
4	42	-100	-100
43	74	-100	-100
121	132	-100	-100
16	115	-100	-100
54	63	-100	-100
43	134	-100	-100
121	147	-100	-100
16	146	-100	-100
43	36	-100	-100
121	105	-100	-100
43	122	-100	-100
121	139	-100	-100
16	42	-100	-100
54	91	-100	-100
4	134	-100	-100
85	76	-100	-100
119	24	-100	-100
120	32	-100	-100
121	71	-100	-100
16	71	-100	-100
54	142	-100	-100
4	112	-100	-100
85	35	-100	-100
119	14	-100	-100
121	21	-100	-100
16	44	-100	-100
54	109	-100	-100
4	36	-100	-100
85	105	-100	-100
121	76	-100	-100
16	39	-100	-100
54	112	-100	-100
4	35	-100	-100
121	116	-100	-100
16	139	-100	-100
54	25	-100	-100
121	3	-100	-100
16	36	-100	-100
121	78	-100	-100
16	116	-100	-100
54	51	-100	-100
4	21	-100	-100
85	101	-100	-100
119	6	-100	-100
120	82	-100	-100
79	127	-100	-100
16	123	-100	-100
54	42	-100	-100
4	1	-100	-100
85	36	-100	-100
119	53	-100	-100
120	112	-100	-100
16	74	-100	-100
54	3	-100	-100
4	39	-100	-100
85	53	-100	-100
119	69	-100	-100
16	117	-100	-100
54	99	-100	-100
4	133	-100	-100
85	117	-100	-100
16	78	-100	-100
54	98	-100	-100
4	45	-100	-100
16	83	-100	-100
54	38	-100	-100
16	118	-100	-100
54	107	-100	-100
4	79	-100	-100
85	32	-100	-100
119	99	-100	-100
120	17	-100	-100
79	48	-100	-100
19	1	-100	-100
32	124	-100	-100
54	105	-100	-100
4	146	-100	-100
85	116	-100	-100
119	139	-100	-100
120	147	-100	-100
79	71	-100	-100
19	131	-100	-100
54	39	-100	-100
4	14	-100	-100
85	80	-100	-100
119	144	-100	-100
120	118	-100	-100
79	51	-100	-100
54	36	-100	-100
4	76	-100	-100
85	61	-100	-100
119	63	-100	-100
120	39	-100	-100
54	76	-100	-100
4	123	-100	-100
85	112	-100	-100
119	47	-100	-100
54	9	-100	-100
4	6	-100	-100
85	107	-100	-100
54	67	-100	-100
4	98	-100	-100
54	111	-100	-100
4	65	-100	-100
85	111	-100	-100
119	116	-100	-100
120	79	-100	-100
79	32	-100	-100
19	124	-100	-100
32	9	-100	-100
138	1	-100	-100
38	142	-100	-100
4	63	-100	-100
85	83	-100	-100
119	48	-100	-100
120	25	-100	-100
79	118	-100	-100
19	83	-100	-100
32	142	-100	-100
138	80	-100	-100
4	147	-100	-100
85	65	-100	-100
119	101	-100	-100
120	124	-100	-100
79	88	-100	-100
19	65	-100	-100
32	14	-100	-100
4	140	-100	-100
85	37	-100	-100
119	118	-100	-100
120	21	-100	-100
79	77	-100	-100
19	101	-100	-100
4	61	-100	-100
85	73	-100	-100
119	148	-100	-100
120	91	-100	-100
79	132	-100	-100
4	116	-100	-100
85	1	-100	-100
119	61	-100	-100
120	67	-100	-100
4	9	-100	-100
85	142	-100	-100
119	111	-100	-100
4	78	-100	-100
85	123	-100	-100
4	75	-100	-100
85	133	-100	-100
119	146	-100	-100
120	75	-100	-100
79	74	-100	-100
19	25	-100	-100
32	51	-100	-100
138	21	-100	-100
38	122	-100	-100
85	148	-100	-100
119	75	-100	-100
120	71	-100	-100
79	133	-100	-100
19	52	-100	-100
32	36	-100	-100
138	131	-100	-100
85	147	-100	-100
119	39	-100	-100
120	117	-100	-100
79	45	-100	-100
19	39	-100	-100
32	21	-100	-100
85	144	-100	-100
119	122	-100	-100
120	74	-100	-100
79	36	-100	-100
19	9	-100	-100
85	118	-100	-100
119	36	-100	-100
120	3	-100	-100
79	25	-100	-100
85	78	-100	-100
119	133	-100	-100
120	101	-100	-100
85	44	-100	-100
119	74	-100	-100
85	24	-100	-100
119	123	-100	-100
120	142	-100	-100
79	115	-100	-100
19	105	-100	-100
32	117	-100	-100
138	51	-100	-100
38	140	-100	-100
42	148	-100	-100
119	140	-100	-100
120	139	-100	-100
79	6	-100	-100
19	80	-100	-100
32	88	-100	-100
138	48	-100	-100
38	88	-100	-100
119	109	-100	-100
120	109	-100	-100
79	83	-100	-100
19	3	-100	-100
32	24	-100	-100
138	105	-100	-100
119	71	-100	-100
120	83	-100	-100
79	61	-100	-100
19	6	-100	-100
32	144	-100	-100
119	147	-100	-100
120	7	-100	-100
79	21	-100	-100
19	24	-100	-100
119	44	-100	-100
120	14	-100	-100
79	112	-100	-100
119	83	-100	-100
120	140	-100	-100
119	73	-100	-100
120	69	-100	-100
79	107	-100	-100
19	35	-100	-100
32	1	-100	-100
138	9	-100	-100
38	36	-100	-100
42	6	-100	-100
120	134	-100	-100
79	76	-100	-100
19	133	-100	-100
32	98	-100	-100
138	75	-100	-100
38	25	-100	-100
120	133	-100	-100
79	148	-100	-100
19	48	-100	-100
32	35	-100	-100
138	25	-100	-100
120	77	-100	-100
79	122	-100	-100
19	37	-100	-100
32	74	-100	-100
120	51	-100	-100
79	105	-100	-100
19	67	-100	-100
120	99	-100	-100
79	123	-100	-100
120	123	-100	-100
79	42	-100	-100
19	44	-100	-100
32	105	-100	-100
138	52	-100	-100
38	115	-100	-100
42	132	-100	-100
7	74	-100	-100
144	146	-100	-100
79	134	-100	-100
19	148	-100	-100
32	78	-100	-100
138	53	-100	-100
38	9	-100	-100
42	73	-100	-100
7	73	-100	-100
79	47	-100	-100
19	127	-100	-100
32	91	-100	-100
138	78	-100	-100
38	98	-100	-100
42	45	-100	-100
79	147	-100	-100
19	61	-100	-100
32	44	-100	-100
138	139	-100	-100
38	17	-100	-100
79	3	-100	-100
19	117	-100	-100
32	45	-100	-100
138	124	-100	-100
79	111	-100	-100
19	47	-100	-100
32	37	-100	-100
79	98	-100	-100
19	123	-100	-100
79	109	-100	-100
19	115	-100	-100
32	77	-100	-100
138	17	-100	-100
38	63	-100	-100
42	123	-100	-100
7	82	-100	-100
144	74	-100	-100
19	53	-100	-100
32	17	-100	-100
138	127	-100	-100
38	6	-100	-100
42	109	-100	-100
7	44	-100	-100
19	122	-100	-100
32	52	-100	-100
138	82	-100	-100
38	123	-100	-100
42	111	-100	-100
19	36	-100	-100
32	132	-100	-100
138	83	-100	-100
38	116	-100	-100
19	82	-100	-100
32	127	-100	-100
138	61	-100	-100
19	146	-100	-100
32	83	-100	-100
19	73	-100	-100
32	115	-100	-100
138	6	-100	-100
38	82	-100	-100
42	98	-100	-100
7	39	-100	-100
144	44	-100	-100
14	124	-100	-100
32	48	-100	-100
138	67	-100	-100
38	101	-100	-100
42	116	-100	-100
7	69	-100	-100
144	69	-100	-100
32	63	-100	-100
138	134	-100	-100
38	132	-100	-100
42	117	-100	-100
7	131	-100	-100
32	109	-100	-100
138	39	-100	-100
38	91	-100	-100
42	39	-100	-100
32	82	-100	-100
138	123	-100	-100
38	99	-100	-100
32	68	-100	-100
138	148	-100	-100
32	75	-100	-100
138	65	-100	-100
38	139	-100	-100
42	65	-100	-100
7	51	-100	-100
144	51	-100	-100
14	112	-100	-100
99	139	-100	-100
101	39	-100	-100
138	147	-100	-100
38	111	-100	-100
42	69	-100	-100
7	61	-100	-100
144	122	-100	-100
14	115	-100	-100
99	123	-100	-100
138	88	-100	-100
38	47	-100	-100
42	78	-100	-100
7	17	-100	-100
144	6	-100	-100
14	123	-100	-100
138	68	-100	-100
38	52	-100	-100
42	83	-100	-100
7	98	-100	-100
144	3	-100	-100
138	47	-100	-100
38	78	-100	-100
42	36	-100	-100
7	107	-100	-100
138	132	-100	-100
38	105	-100	-100
42	140	-100	-100
138	71	-100	-100
38	124	-100	-100
138	77	-100	-100
38	68	-100	-100
42	124	-100	-100
7	71	-100	-100
144	140	-100	-100
14	107	-100	-100
99	53	-100	-100
101	82	-100	-100
44	9	-100	-100
38	77	-100	-100
42	21	-100	-100
7	21	-100	-100
144	48	-100	-100
14	36	-100	-100
99	35	-100	-100
101	123	-100	-100
38	3	-100	-100
42	47	-100	-100
7	65	-100	-100
144	139	-100	-100
14	73	-100	-100
99	132	-100	-100
38	39	-100	-100
42	71	-100	-100
7	123	-100	-100
144	98	-100	-100
14	71	-100	-100
38	74	-100	-100
42	1	-100	-100
7	146	-100	-100
144	39	-100	-100
38	75	-100	-100
42	68	-100	-100
7	75	-100	-100
38	146	-100	-100
42	147	-100	-100
38	131	-100	-100
42	7	-100	-100
7	133	-100	-100
144	83	-100	-100
14	21	-100	-100
99	69	-100	-100
101	109	-100	-100
44	17	-100	-100
112	146	-100	-100
117	107	-100	-100
42	91	-100	-100
7	24	-100	-100
144	71	-100	-100
14	83	-100	-100
99	146	-100	-100
101	63	-100	-100
44	69	-100	-100
112	77	-100	-100
42	142	-100	-100
7	140	-100	-100
144	24	-100	-100
14	147	-100	-100
99	82	-100	-100
101	116	-100	-100
44	83	-100	-100
42	9	-100	-100
7	148	-100	-100
144	105	-100	-100
14	98	-100	-100
99	1	-100	-100
101	140	-100	-100
42	139	-100	-100
7	67	-100	-100
144	75	-100	-100
14	131	-100	-100
99	39	-100	-100
42	25	-100	-100
7	88	-100	-100
144	148	-100	-100
14	52	-100	-100
42	24	-100	-100
7	139	-100	-100
144	123	-100	-100
42	88	-100	-100
7	147	-100	-100
42	105	-100	-100
7	63	-100	-100
144	9	-100	-100
14	127	-100	-100
99	65	-100	-100
101	48	-100	-100
44	109	-100	-100
112	9	-100	-100
117	52	-100	-100
127	118	-100	-100
7	109	-100	-100
144	116	-100	-100
14	118	-100	-100
99	74	-100	-100
101	51	-100	-100
44	132	-100	-100
112	52	-100	-100
117	53	-100	-100
7	1	-100	-100
144	80	-100	-100
14	6	-100	-100
99	3	-100	-100
101	139	-100	-100
44	65	-100	-100
112	65	-100	-100
7	3	-100	-100
144	61	-100	-100
14	78	-100	-100
99	21	-100	-100
101	146	-100	-100
44	25	-100	-100
7	132	-100	-100
144	111	-100	-100
14	122	-100	-100
99	71	-100	-100
101	77	-100	-100
7	80	-100	-100
144	88	-100	-100
14	17	-100	-100
99	17	-100	-100
7	111	-100	-100
144	67	-100	-100
14	116	-100	-100
7	25	-100	-100
144	1	-100	-100
7	53	-100	-100
144	53	-100	-100
14	1	-100	-100
99	131	-100	-100
101	78	-100	-100
44	3	-100	-100
112	71	-100	-100
117	71	-100	-100
144	36	-100	-100
14	65	-100	-100
99	47	-100	-100
101	131	-100	-100
44	21	-100	-100
112	3	-100	-100
144	68	-100	-100
14	37	-100	-100
99	118	-100	-100
101	36	-100	-100
44	105	-100	-100
144	142	-100	-100
14	47	-100	-100
99	76	-100	-100
101	111	-100	-100
144	45	-100	-100
14	39	-100	-100
99	24	-100	-100
144	21	-100	-100
14	63	-100	-100
144	134	-100	-100
14	3	-100	-100
99	107	-100	-100
101	83	-100	-100
44	124	-100	-100
112	83	-100	-100
117	69	-100	-100
127	71	-100	-100
75	142	-100	-100
14	9	-100	-100
99	78	-100	-100
101	132	-100	-100
44	142	-100	-100
112	17	-100	-100
117	45	-100	-100
127	39	-100	-100
14	53	-100	-100
99	124	-100	-100
101	53	-100	-100
44	107	-100	-100
112	118	-100	-100
117	65	-100	-100
14	109	-100	-100
99	116	-100	-100
101	37	-100	-100
44	131	-100	-100
112	142	-100	-100
14	77	-100	-100
99	51	-100	-100
101	88	-100	-100
44	78	-100	-100
14	25	-100	-100
99	73	-100	-100
101	80	-100	-100
14	134	-100	-100
99	111	-100	-100
14	24	-100	-100
99	75	-100	-100
101	122	-100	-100
44	127	-100	-100
112	109	-100	-100
117	76	-100	-100
127	61	-100	-100
75	140	-100	-100
99	25	-100	-100
101	73	-100	-100
44	48	-100	-100
112	61	-100	-100
117	47	-100	-100
127	51	-100	-100
99	98	-100	-100
101	147	-100	-100
44	52	-100	-100
112	124	-100	-100
117	134	-100	-100
99	68	-100	-100
101	107	-100	-100
44	1	-100	-100
112	122	-100	-100
99	80	-100	-100
101	134	-100	-100
44	24	-100	-100
99	9	-100	-100
101	45	-100	-100
99	88	-100	-100
101	69	-100	-100
44	148	-100	-100
112	25	-100	-100
117	124	-100	-100
127	21	-100	-100
75	35	-100	-100
142	53	-100	-100
101	3	-100	-100
44	118	-100	-100
112	21	-100	-100
117	78	-100	-100
127	53	-100	-100
75	98	-100	-100
101	24	-100	-100
44	53	-100	-100
112	88	-100	-100
117	1	-100	-100
127	35	-100	-100
101	21	-100	-100
44	61	-100	-100
112	48	-100	-100
117	80	-100	-100
101	52	-100	-100
44	80	-100	-100
112	131	-100	-100
101	47	-100	-100
44	98	-100	-100
101	124	-100	-100
44	91	-100	-100
112	80	-100	-100
117	77	-100	-100
127	133	-100	-100
75	109	-100	-100
142	76	-100	-100
122	76	-100	-100
118	52	-100	-100
44	115	-100	-100
112	105	-100	-100
117	115	-100	-100
127	88	-100	-100
75	131	-100	-100
142	36	-100	-100
122	6	-100	-100
44	123	-100	-100
112	91	-100	-100
117	9	-100	-100
127	3	-100	-100
75	132	-100	-100
142	37	-100	-100
44	67	-100	-100
112	36	-100	-100
117	36	-100	-100
127	78	-100	-100
75	36	-100	-100
44	39	-100	-100
112	69	-100	-100
117	25	-100	-100
127	131	-100	-100
44	6	-100	-100
112	115	-100	-100
117	146	-100	-100
44	63	-100	-100
112	37	-100	-100
44	74	-100	-100
112	140	-100	-100
117	140	-100	-100
127	134	-100	-100
75	37	-100	-100
142	147	-100	-100
122	82	-100	-100
118	37	-100	-100
35	63	-100	-100
112	53	-100	-100
117	37	-100	-100
127	65	-100	-100
75	115	-100	-100
142	25	-100	-100
122	67	-100	-100
118	77	-100	-100
112	1	-100	-100
117	74	-100	-100
127	36	-100	-100
75	71	-100	-100
142	17	-100	-100
122	147	-100	-100
112	111	-100	-100
117	6	-100	-100
127	147	-100	-100
75	148	-100	-100
142	1	-100	-100
112	74	-100	-100
117	116	-100	-100
127	47	-100	-100
75	111	-100	-100
112	133	-100	-100
117	148	-100	-100
127	109	-100	-100
112	123	-100	-100
117	51	-100	-100
112	134	-100	-100
117	73	-100	-100
127	76	-100	-100
75	105	-100	-100
142	67	-100	-100
122	69	-100	-100
118	140	-100	-100
35	53	-100	-100
109	53	-100	-100
52	77	-100	-100
117	68	-100	-100
127	83	-100	-100
75	134	-100	-100
142	68	-100	-100
122	53	-100	-100
118	71	-100	-100
35	48	-100	-100
109	77	-100	-100
117	48	-100	-100
127	140	-100	-100
75	139	-100	-100
142	107	-100	-100
122	37	-100	-100
118	69	-100	-100
35	24	-100	-100
117	39	-100	-100
127	105	-100	-100
75	17	-100	-100
142	91	-100	-100
122	25	-100	-100
118	63	-100	-100
117	131	-100	-100
127	98	-100	-100
75	88	-100	-100
142	45	-100	-100
122	71	-100	-100
117	21	-100	-100
127	115	-100	-100
75	73	-100	-100
142	65	-100	-100
117	98	-100	-100
127	123	-100	-100
75	63	-100	-100
117	82	-100	-100
127	1	-100	-100
117	133	-100	-100
127	82	-100	-100
75	122	-100	-100
142	71	-100	-100
122	116	-100	-100
118	53	-100	-100
35	1	-100	-100
109	17	-100	-100
52	134	-100	-100
65	132	-100	-100
127	148	-100	-100
75	53	-100	-100
142	83	-100	-100
122	77	-100	-100
118	146	-100	-100
35	6	-100	-100
109	39	-100	-100
52	45	-100	-100
127	107	-100	-100
75	133	-100	-100
142	98	-100	-100
122	45	-100	-100
118	80	-100	-100
35	146	-100	-100
109	48	-100	-100
127	146	-100	-100
75	78	-100	-100
142	24	-100	-100
122	68	-100	-100
118	88	-100	-100
35	36	-100	-100
127	139	-100	-100
75	3	-100	-100
142	73	-100	-100
122	61	-100	-100
118	68	-100	-100
127	124	-100	-100
75	80	-100	-100
142	124	-100	-100
122	148	-100	-100
127	73	-100	-100
75	47	-100	-100
142	39	-100	-100
127	91	-100	-100
75	1	-100	-100
127	63	-100	-100
75	69	-100	-100
142	146	-100	-100
122	1	-100	-100
118	109	-100	-100
35	139	-100	-100
109	107	-100	-100
52	47	-100	-100
65	73	-100	-100
75	77	-100	-100
142	139	-100	-100
122	134	-100	-100
118	36	-100	-100
35	147	-100	-100
109	98	-100	-100
52	107	-100	-100
75	91	-100	-100
142	6	-100	-100
122	140	-100	-100
118	25	-100	-100
35	74	-100	-100
109	69	-100	-100
75	45	-100	-100
142	21	-100	-100
122	47	-100	-100
118	76	-100	-100
35	51	-100	-100
75	68	-100	-100
142	69	-100	-100
122	133	-100	-100
118	3	-100	-100
75	82	-100	-100
142	9	-100	-100
122	78	-100	-100
75	9	-100	-100
142	48	-100	-100
75	83	-100	-100
142	88	-100	-100
122	139	-100	-100
118	105	-100	-100
35	45	-100	-100
109	73	-100	-100
52	91	-100	-100
65	37	-100	-100
67	91	-100	-100
142	131	-100	-100
122	3	-100	-100
118	139	-100	-100
35	82	-100	-100
109	82	-100	-100
52	6	-100	-100
65	51	-100	-100
142	61	-100	-100
122	74	-100	-100
118	1	-100	-100
35	111	-100	-100
109	3	-100	-100
52	147	-100	-100
142	105	-100	-100
122	132	-100	-100
118	74	-100	-100
35	134	-100	-100
109	131	-100	-100
142	140	-100	-100
122	39	-100	-100
118	61	-100	-100
35	140	-100	-100
142	74	-100	-100
122	63	-100	-100
118	91	-100	-100
142	82	-100	-100
122	73	-100	-100
142	115	-100	-100
122	131	-100	-100
118	45	-100	-100
35	109	-100	-100
109	123	-100	-100
52	132	-100	-100
65	24	-100	-100
67	83	-100	-100
122	51	-100	-100
118	83	-100	-100
35	69	-100	-100
109	74	-100	-100
52	9	-100	-100
65	17	-100	-100
122	17	-100	-100
118	134	-100	-100
35	115	-100	-100
109	68	-100	-100
52	124	-100	-100
122	105	-100	-100
118	98	-100	-100
35	3	-100	-100
109	134	-100	-100
122	36	-100	-100
118	9	-100	-100
35	61	-100	-100
122	9	-100	-100
118	21	-100	-100
122	91	-100	-100
118	17	-100	-100
35	67	-100	-100
109	140	-100	-100
52	83	-100	-100
65	139	-100	-100
67	115	-100	-100
116	53	-100	-100
118	111	-100	-100
35	80	-100	-100
109	1	-100	-100
52	80	-100	-100
65	69	-100	-100
67	39	-100	-100
118	51	-100	-100
35	17	-100	-100
109	115	-100	-100
52	21	-100	-100
65	25	-100	-100
118	133	-100	-100
35	148	-100	-100
109	88	-100	-100
52	63	-100	-100
118	115	-100	-100
35	124	-100	-100
109	105	-100	-100
118	78	-100	-100
35	83	-100	-100
118	48	-100	-100
35	88	-100	-100
109	21	-100	-100
52	78	-100	-100
65	9	-100	-100
67	77	-100	-100
116	61	-100	-100
69	140	-100	-100
132	115	-100	-100
35	131	-100	-100
109	36	-100	-100
52	146	-100	-100
65	3	-100	-100
67	123	-100	-100
116	78	-100	-100
69	77	-100	-100
35	68	-100	-100
109	146	-100	-100
52	71	-100	-100
65	82	-100	-100
67	140	-100	-100
116	148	-100	-100
35	25	-100	-100
109	45	-100	-100
52	61	-100	-100
65	80	-100	-100
67	61	-100	-100
35	133	-100	-100
109	63	-100	-100
52	53	-100	-100
65	124	-100	-100
35	76	-100	-100
109	91	-100	-100
52	68	-100	-100
35	77	-100	-100
109	37	-100	-100
35	39	-100	-100
109	78	-100	-100
52	115	-100	-100
65	53	-100	-100
67	69	-100	-100
116	134	-100	-100
69	61	-100	-100
132	36	-100	-100
134	91	-100	-100
6	53	-100	-100
109	133	-100	-100
52	123	-100	-100
65	68	-100	-100
67	36	-100	-100
116	21	-100	-100
69	3	-100	-100
132	51	-100	-100
134	17	-100	-100
109	139	-100	-100
52	98	-100	-100
65	115	-100	-100
67	148	-100	-100
116	36	-100	-100
69	139	-100	-100
132	139	-100	-100
109	71	-100	-100
52	148	-100	-100
65	61	-100	-100
67	1	-100	-100
116	48	-100	-100
69	91	-100	-100
109	83	-100	-100
52	76	-100	-100
65	71	-100	-100
67	146	-100	-100
116	123	-100	-100
109	47	-100	-100
52	17	-100	-100
65	74	-100	-100
67	76	-100	-100
109	51	-100	-100
52	131	-100	-100
65	48	-100	-100
109	111	-100	-100
52	111	-100	-100
109	147	-100	-100
52	37	-100	-100
65	88	-100	-100
67	45	-100	-100
116	107	-100	-100
69	107	-100	-100
132	98	-100	-100
134	98	-100	-100
6	78	-100	-100
52	3	-100	-100
65	77	-100	-100
67	131	-100	-100
116	25	-100	-100
69	98	-100	-100
132	146	-100	-100
134	74	-100	-100
52	133	-100	-100
65	98	-100	-100
67	74	-100	-100
116	68	-100	-100
69	63	-100	-100
132	148	-100	-100
52	25	-100	-100
65	107	-100	-100
67	37	-100	-100
116	47	-100	-100
69	47	-100	-100
52	82	-100	-100
65	133	-100	-100
67	51	-100	-100
116	111	-100	-100
52	24	-100	-100
65	83	-100	-100
67	25	-100	-100
52	140	-100	-100
65	1	-100	-100
52	139	-100	-100
65	146	-100	-100
67	98	-100	-100
116	105	-100	-100
69	78	-100	-100
132	77	-100	-100
134	82	-100	-100
6	25	-100	-100
98	73	-100	-100
77	105	-100	-100
65	111	-100	-100
67	80	-100	-100
116	80	-100	-100
69	9	-100	-100
132	91	-100	-100
134	1	-100	-100
6	107	-100	-100
98	140	-100	-100
65	140	-100	-100
67	88	-100	-100
116	115	-100	-100
69	131	-100	-100
132	45	-100	-100
134	83	-100	-100
6	71	-100	-100
65	45	-100	-100
67	111	-100	-100
116	124	-100	-100
69	37	-100	-100
132	88	-100	-100
134	61	-100	-100
65	147	-100	-100
67	48	-100	-100
116	74	-100	-100
69	17	-100	-100
132	80	-100	-100
65	21	-100	-100
67	47	-100	-100
116	76	-100	-100
69	82	-100	-100
65	78	-100	-100
67	24	-100	-100
116	45	-100	-100
65	47	-100	-100
67	9	-100	-100
65	105	-100	-100
67	107	-100	-100
116	17	-100	-100
69	132	-100	-100
132	74	-100	-100
134	21	-100	-100
6	63	-100	-100
98	51	-100	-100
77	39	-100	-100
107	91	-100	-100
67	82	-100	-100
116	147	-100	-100
69	115	-100	-100
132	123	-100	-100
134	78	-100	-100
6	36	-100	-100
98	139	-100	-100
77	148	-100	-100
67	21	-100	-100
116	83	-100	-100
69	148	-100	-100
132	140	-100	-100
134	48	-100	-100
6	51	-100	-100
98	61	-100	-100
67	147	-100	-100
116	91	-100	-100
69	21	-100	-100
132	68	-100	-100
134	80	-100	-100
6	76	-100	-100
67	139	-100	-100
116	139	-100	-100
69	146	-100	-100
132	25	-100	-100
134	9	-100	-100
67	3	-100	-100
116	82	-100	-100
69	36	-100	-100
132	73	-100	-100
67	133	-100	-100
116	24	-100	-100
69	53	-100	-100
67	71	-100	-100
116	1	-100	-100
67	124	-100	-100
116	131	-100	-100
69	6	-100	-100
132	124	-100	-100
134	88	-100	-100
6	91	-100	-100
98	47	-100	-100
77	111	-100	-100
107	105	-100	-100
116	51	-100	-100
69	73	-100	-100
132	61	-100	-100
134	39	-100	-100
6	83	-100	-100
98	36	-100	-100
77	25	-100	-100
116	63	-100	-100
69	80	-100	-100
132	21	-100	-100
134	140	-100	-100
6	45	-100	-100
98	24	-100	-100
116	88	-100	-100
69	83	-100	-100
132	63	-100	-100
134	73	-100	-100
6	3	-100	-100
116	37	-100	-100
69	76	-100	-100
132	24	-100	-100
134	37	-100	-100
116	133	-100	-100
69	71	-100	-100
132	17	-100	-100
116	9	-100	-100
69	39	-100	-100
116	39	-100	-100
69	51	-100	-100
132	83	-100	-100
134	51	-100	-100
6	148	-100	-100
98	77	-100	-100
77	53	-100	-100
107	45	-100	-100
69	123	-100	-100
132	48	-100	-100
134	146	-100	-100
6	115	-100	-100
98	74	-100	-100
77	24	-100	-100
69	147	-100	-100
132	3	-100	-100
134	63	-100	-100
6	82	-100	-100
98	1	-100	-100
69	68	-100	-100
132	53	-100	-100
134	147	-100	-100
6	124	-100	-100
69	48	-100	-100
132	133	-100	-100
134	131	-100	-100
69	74	-100	-100
132	47	-100	-100
69	24	-100	-100
132	39	-100	-100
134	6	-100	-100
6	147	-100	-100
98	71	-100	-100
77	36	-100	-100
107	53	-100	-100
73	88	-100	-100
132	131	-100	-100
134	123	-100	-100
6	74	-100	-100
98	63	-100	-100
77	123	-100	-100
107	124	-100	-100
132	71	-100	-100
134	25	-100	-100
6	105	-100	-100
98	9	-100	-100
77	146	-100	-100
132	147	-100	-100
134	47	-100	-100
6	1	-100	-100
98	105	-100	-100
132	78	-100	-100
134	148	-100	-100
6	133	-100	-100
132	1	-100	-100
134	68	-100	-100
132	54	-100	-100
134	3	-100	-100
6	48	-100	-100
98	21	-100	-100
77	78	-100	-100
107	71	-100	-100
73	45	-100	-100
71	63	-100	-100
51	80	-100	-100
134	133	-100	-100
6	9	-100	-100
98	48	-100	-100
77	115	-100	-100
107	21	-100	-100
73	147	-100	-100
71	68	-100	-100
134	115	-100	-100
6	61	-100	-100
98	78	-100	-100
77	21	-100	-100
107	83	-100	-100
73	139	-100	-100
134	53	-100	-100
6	80	-100	-100
98	146	-100	-100
77	76	-100	-100
107	48	-100	-100
134	105	-100	-100
6	17	-100	-100
98	3	-100	-100
77	139	-100	-100
134	124	-100	-100
6	123	-100	-100
98	131	-100	-100
134	24	-100	-100
6	24	-100	-100
134	36	-100	-100
6	47	-100	-100
98	80	-100	-100
77	133	-100	-100
107	80	-100	-100
73	61	-100	-100
71	21	-100	-100
51	1	-100	-100
1	39	-100	-100
6	111	-100	-100
98	148	-100	-100
77	83	-100	-100
107	115	-100	-100
73	25	-100	-100
71	39	-100	-100
51	83	-100	-100
6	37	-100	-100
98	91	-100	-100
77	45	-100	-100
107	63	-100	-100
73	63	-100	-100
71	147	-100	-100
6	68	-100	-100
98	25	-100	-100
77	3	-100	-100
107	139	-100	-100
73	24	-100	-100
6	21	-100	-100
98	83	-100	-100
77	88	-100	-100
107	148	-100	-100
6	131	-100	-100
98	111	-100	-100
77	68	-100	-100
6	23	-100	-100
98	147	-100	-100
6	31	-100	-100
98	124	-100	-100
77	47	-100	-100
107	9	-100	-100
73	17	-100	-100
71	139	-100	-100
51	115	-100	-100
1	9	-100	-100
63	147	-100	-100
123	21	-100	-100
98	88	-100	-100
77	37	-100	-100
107	146	-100	-100
73	68	-100	-100
71	83	-100	-100
51	3	-100	-100
1	115	-100	-100
63	91	-100	-100
98	68	-100	-100
77	9	-100	-100
107	47	-100	-100
73	9	-100	-100
71	146	-100	-100
51	78	-100	-100
1	83	-100	-100
98	37	-100	-100
77	140	-100	-100
107	147	-100	-100
73	78	-100	-100
71	24	-100	-100
51	48	-100	-100
98	76	-100	-100
77	147	-100	-100
107	131	-100	-100
73	76	-100	-100
71	133	-100	-100
98	115	-100	-100
77	74	-100	-100
107	3	-100	-100
73	131	-100	-100
98	45	-100	-100
77	80	-100	-100
107	140	-100	-100
98	39	-100	-100
77	82	-100	-100
98	17	-100	-100
77	124	-100	-100
107	88	-100	-100
73	91	-100	-100
71	91	-100	-100
51	36	-100	-100
1	80	-100	-100
63	61	-100	-100
123	68	-100	-100
77	61	-100	-100
107	61	-100	-100
73	133	-100	-100
71	131	-100	-100
51	88	-100	-100
1	37	-100	-100
63	115	-100	-100
77	131	-100	-100
107	17	-100	-100
73	148	-100	-100
71	105	-100	-100
51	37	-100	-100
1	124	-100	-100
77	17	-100	-100
107	39	-100	-100
73	37	-100	-100
71	111	-100	-100
51	146	-100	-100
77	48	-100	-100
107	25	-100	-100
73	74	-100	-100
71	115	-100	-100
77	51	-100	-100
107	36	-100	-100
73	124	-100	-100
77	119	-100	-100
107	74	-100	-100
77	7	-100	-100
107	73	-100	-100
73	115	-100	-100
71	78	-100	-100
51	45	-100	-100
1	105	-100	-100
63	76	-100	-100
123	146	-100	-100
131	91	-100	-100
91	148	-100	-100
45	37	-100	-100
107	68	-100	-100
73	105	-100	-100
71	25	-100	-100
51	111	-100	-100
1	61	-100	-100
63	53	-100	-100
123	88	-100	-100
131	80	-100	-100
91	9	-100	-100
107	82	-100	-100
73	83	-100	-100
71	9	-100	-100
51	17	-100	-100
1	76	-100	-100
63	37	-100	-100
123	25	-100	-100
131	82	-100	-100
107	76	-100	-100
73	36	-100	-100
71	80	-100	-100
51	47	-100	-100
1	25	-100	-100
63	140	-100	-100
123	148	-100	-100
107	24	-100	-100
73	53	-100	-100
71	140	-100	-100
51	39	-100	-100
1	78	-100	-100
63	105	-100	-100
107	133	-100	-100
73	21	-100	-100
71	53	-100	-100
51	68	-100	-100
1	139	-100	-100
107	4	-100	-100
73	82	-100	-100
71	3	-100	-100
51	61	-100	-100
107	33	-100	-100
73	80	-100	-100
71	17	-100	-100
107	108	-100	-100
73	47	-100	-100
107	64	-100	-100
73	39	-100	-100
71	51	-100	-100
51	53	-100	-100
1	74	-100	-100
63	80	-100	-100
123	80	-100	-100
131	146	-100	-100
91	37	-100	-100
45	111	-100	-100
73	111	-100	-100
71	37	-100	-100
51	24	-100	-100
1	21	-100	-100
63	39	-100	-100
123	139	-100	-100
131	124	-100	-100
91	133	-100	-100
73	48	-100	-100
71	82	-100	-100
51	124	-100	-100
1	68	-100	-100
63	133	-100	-100
123	140	-100	-100
131	78	-100	-100
73	20	-100	-100
71	76	-100	-100
51	76	-100	-100
1	3	-100	-100
63	3	-100	-100
123	3	-100	-100
73	12	-100	-100
71	48	-100	-100
51	105	-100	-100
1	146	-100	-100
63	47	-100	-100
73	4	-100	-100
71	36	-100	-100
51	25	-100	-100
1	48	-100	-100
73	145	-100	-100
71	61	-100	-100
51	21	-100	-100
73	89	-100	-100
71	74	-100	-100
73	26	-100	-100
71	45	-100	-100
51	148	-100	-100
1	133	-100	-100
63	83	-100	-100
123	133	-100	-100
131	140	-100	-100
91	105	-100	-100
71	148	-100	-100
51	9	-100	-100
1	147	-100	-100
63	146	-100	-100
123	105	-100	-100
131	139	-100	-100
71	124	-100	-100
51	140	-100	-100
1	111	-100	-100
63	124	-100	-100
123	111	-100	-100
71	88	-100	-100
51	74	-100	-100
1	24	-100	-100
63	24	-100	-100
71	106	-100	-100
51	82	-100	-100
1	148	-100	-100
71	123	-100	-100
51	139	-100	-100
71	126	-100	-100
51	147	-100	-100
1	17	-100	-100
63	111	-100	-100
123	9	-100	-100
131	53	-100	-100
91	45	-100	-100
45	36	-100	-100
51	133	-100	-100
1	36	-100	-100
63	148	-100	-100
123	17	-100	-100
131	48	-100	-100
91	82	-100	-100
51	31	-100	-100
1	47	-100	-100
63	17	-100	-100
123	36	-100	-100
131	3	-100	-100
51	123	-100	-100
1	53	-100	-100
63	36	-100	-100
123	83	-100	-100
51	86	-100	-100
1	140	-100	-100
63	74	-100	-100
51	95	-100	-100
1	88	-100	-100
51	87	-100	-100
1	131	-100	-100
63	25	-100	-100
123	45	-100	-100
131	17	-100	-100
91	111	-100	-100
45	39	-100	-100
140	105	-100	-100
124	80	-100	-100
1	82	-100	-100
63	68	-100	-100
123	47	-100	-100
131	39	-100	-100
91	76	-100	-100
45	48	-100	-100
140	47	-100	-100
1	41	-100	-100
63	82	-100	-100
123	61	-100	-100
131	47	-100	-100
91	3	-100	-100
45	3	-100	-100
1	27	-100	-100
63	139	-100	-100
123	37	-100	-100
131	37	-100	-100
91	74	-100	-100
1	71	-100	-100
63	78	-100	-100
123	76	-100	-100
131	24	-100	-100
1	54	-100	-100
63	88	-100	-100
123	74	-100	-100
1	101	-100	-100
63	9	-100	-100
1	103	-100	-100
63	21	-100	-100
123	147	-100	-100
131	45	-100	-100
91	53	-100	-100
45	115	-100	-100
140	124	-100	-100
124	82	-100	-100
146	148	-100	-100
63	48	-100	-100
123	115	-100	-100
131	148	-100	-100
91	48	-100	-100
45	80	-100	-100
140	39	-100	-100
124	47	-100	-100
63	144	-100	-100
123	39	-100	-100
131	74	-100	-100
91	115	-100	-100
45	133	-100	-100
140	3	-100	-100
63	95	-100	-100
123	82	-100	-100
131	76	-100	-100
91	36	-100	-100
45	61	-100	-100
63	79	-100	-100
123	53	-100	-100
131	83	-100	-100
91	139	-100	-100
63	89	-100	-100
123	78	-100	-100
131	36	-100	-100
63	149	-100	-100
123	48	-100	-100
63	85	-100	-100
123	91	-100	-100
131	105	-100	-100
91	146	-100	-100
45	148	-100	-100
140	48	-100	-100
124	24	-100	-100
146	83	-100	-100
148	80	-100	-100
123	64	-100	-100
131	9	-100	-100
91	80	-100	-100
45	82	-100	-100
140	133	-100	-100
124	48	-100	-100
146	3	-100	-100
123	92	-100	-100
131	111	-100	-100
91	78	-100	-100
45	105	-100	-100
140	9	-100	-100
124	3	-100	-100
123	70	-100	-100
131	61	-100	-100
91	17	-100	-100
45	47	-100	-100
140	74	-100	-100
123	81	-100	-100
131	21	-100	-100
91	68	-100	-100
45	24	-100	-100
123	60	-100	-100
131	133	-100	-100
91	147	-100	-100
123	72	-100	-100
131	88	-100	-100
123	31	-100	-100
131	68	-100	-100
91	140	-100	-100
45	124	-100	-100
140	82	-100	-100
124	39	-100	-100
146	88	-100	-100
148	83	-100	-100
88	37	-100	-100
24	47	-100	-100
47	25	-100	-100
131	25	-100	-100
91	25	-100	-100
45	25	-100	-100
140	76	-100	-100
124	9	-100	-100
146	53	-100	-100
148	37	-100	-100
88	80	-100	-100
24	139	-100	-100
131	115	-100	-100
91	61	-100	-100
45	83	-100	-100
140	115	-100	-100
124	147	-100	-100
146	111	-100	-100
148	78	-100	-100
88	76	-100	-100
131	147	-100	-100
91	39	-100	-100
45	68	-100	-100
140	36	-100	-100
124	68	-100	-100
146	74	-100	-100
148	53	-100	-100
131	149	-100	-100
91	83	-100	-100
45	21	-100	-100
140	53	-100	-100
124	21	-100	-100
146	105	-100	-100
131	64	-100	-100
91	85	-100	-100
45	147	-100	-100
140	139	-100	-100
124	139	-100	-100
131	87	-100	-100
91	143	-100	-100
45	78	-100	-100
140	17	-100	-100
131	11	-100	-100
91	110	-100	-100
45	139	-100	-100
131	31	-100	-100
91	100	-100	-100
131	42	-100	-100
91	24	-100	-100
45	140	-100	-100
140	78	-100	-100
124	25	-100	-100
146	17	-100	-100
148	39	-100	-100
88	111	-100	-100
24	9	-100	-100
91	47	-100	-100
45	17	-100	-100
140	68	-100	-100
124	78	-100	-100
146	9	-100	-100
148	3	-100	-100
88	17	-100	-100
91	81	-100	-100
45	74	-100	-100
140	21	-100	-100
124	36	-100	-100
146	47	-100	-100
148	147	-100	-100
91	124	-100	-100
45	53	-100	-100
140	80	-100	-100
124	17	-100	-100
146	147	-100	-100
91	33	-100	-100
45	55	-100	-100
140	25	-100	-100
124	37	-100	-100
91	138	-100	-100
45	102	-100	-100
140	147	-100	-100
91	99	-100	-100
45	18	-100	-100
91	86	-100	-100
45	88	-100	-100
140	148	-100	-100
124	88	-100	-100
146	133	-100	-100
148	17	-100	-100
88	21	-100	-100
24	17	-100	-100
47	147	-100	-100
111	21	-100	-100
45	125	-100	-100
140	83	-100	-100
124	61	-100	-100
146	115	-100	-100
148	48	-100	-100
88	3	-100	-100
24	3	-100	-100
47	3	-100	-100
45	60	-100	-100
140	37	-100	-100
124	105	-100	-100
146	36	-100	-100
148	133	-100	-100
88	82	-100	-100
24	74	-100	-100
45	130	-100	-100
140	8	-100	-100
124	115	-100	-100
146	37	-100	-100
148	115	-100	-100
88	115	-100	-100
45	135	-100	-100
140	10	-100	-100
124	83	-100	-100
146	39	-100	-100
148	25	-100	-100
45	1	-100	-100
140	95	-100	-100
124	133	-100	-100
146	68	-100	-100
45	66	-100	-100
140	100	-100	-100
124	53	-100	-100
45	26	-100	-100
140	40	-100	-100
45	143	-100	-100
140	24	-100	-100
124	148	-100	-100
146	21	-100	-100
148	88	-100	-100
88	105	-100	-100
24	80	-100	-100
47	139	-100	-100
111	83	-100	-100
74	17	-100	-100
140	18	-100	-100
124	76	-100	-100
146	48	-100	-100
148	105	-100	-100
88	68	-100	-100
24	25	-100	-100
47	133	-100	-100
111	3	-100	-100
140	59	-100	-100
124	106	-100	-100
146	78	-100	-100
148	9	-100	-100
88	48	-100	-100
24	83	-100	-100
47	36	-100	-100
140	49	-100	-100
124	87	-100	-100
146	82	-100	-100
148	76	-100	-100
88	83	-100	-100
24	61	-100	-100
140	26	-100	-100
124	84	-100	-100
146	139	-100	-100
148	139	-100	-100
88	78	-100	-100
140	64	-100	-100
124	30	-100	-100
146	76	-100	-100
148	61	-100	-100
140	150	-100	-100
124	74	-100	-100
146	80	-100	-100
140	149	-100	-100
124	109	-100	-100
140	104	-100	-100
124	146	-100	-100
146	25	-100	-100
148	74	-100	-100
88	24	-100	-100
24	115	-100	-100
47	39	-100	-100
111	53	-100	-100
124	23	-100	-100
146	43	-100	-100
148	36	-100	-100
88	61	-100	-100
24	147	-100	-100
47	9	-100	-100
124	111	-100	-100
146	120	-100	-100
148	68	-100	-100
88	25	-100	-100
24	48	-100	-100
124	40	-100	-100
146	110	-100	-100
148	82	-100	-100
88	139	-100	-100
124	90	-100	-100
146	135	-100	-100
148	21	-100	-100
124	93	-100	-100
146	138	-100	-100
124	119	-100	-100
146	24	-100	-100
148	111	-100	-100
88	53	-100	-100
24	21	-100	-100
47	115	-100	-100
111	74	-100	-100
74	36	-100	-100
133	37	-100	-100
146	40	-100	-100
148	70	-100	-100
88	36	-100	-100
24	76	-100	-100
47	68	-100	-100
111	39	-100	-100
74	3	-100	-100
146	58	-100	-100
148	99	-100	-100
88	147	-100	-100
24	78	-100	-100
47	83	-100	-100
111	25	-100	-100
146	49	-100	-100
148	57	-100	-100
88	9	-100	-100
24	105	-100	-100
47	53	-100	-100
146	60	-100	-100
148	10	-100	-100
88	13	-100	-100
24	36	-100	-100
146	95	-100	-100
148	118	-100	-100
88	93	-100	-100
146	149	-100	-100
148	121	-100	-100
146	103	-100	-100
148	24	-100	-100
88	133	-100	-100
24	133	-100	-100
47	21	-100	-100
111	48	-100	-100
74	48	-100	-100
133	36	-100	-100
76	78	-100	-100
148	90	-100	-100
88	12	-100	-100
24	39	-100	-100
47	105	-100	-100
111	61	-100	-100
74	80	-100	-100
133	3	-100	-100
148	135	-100	-100
88	114	-100	-100
24	37	-100	-100
47	48	-100	-100
111	115	-100	-100
74	61	-100	-100
148	33	-100	-100
88	33	-100	-100
24	82	-100	-100
47	61	-100	-100
111	37	-100	-100
148	95	-100	-100
88	110	-100	-100
24	68	-100	-100
47	78	-100	-100
148	130	-100	-100
88	8	-100	-100
24	53	-100	-100
148	59	-100	-100
88	62	-100	-100
148	47	-100	-100
88	74	-100	-100
24	111	-100	-100
47	37	-100	-100
111	9	-100	-100
74	21	-100	-100
133	39	-100	-100
76	115	-100	-100
37	48	-100	-100
17	80	-100	-100
88	97	-100	-100
24	12	-100	-100
47	80	-100	-100
111	82	-100	-100
74	78	-100	-100
133	48	-100	-100
76	3	-100	-100
37	3	-100	-100
88	120	-100	-100
24	26	-100	-100
47	82	-100	-100
111	68	-100	-100
74	25	-100	-100
133	25	-100	-100
76	147	-100	-100
88	56	-100	-100
24	55	-100	-100
47	64	-100	-100
111	105	-100	-100
74	147	-100	-100
133	21	-100	-100
88	119	-100	-100
24	59	-100	-100
47	136	-100	-100
111	78	-100	-100
74	39	-100	-100
88	31	-100	-100
24	49	-100	-100
47	145	-100	-100
111	147	-100	-100
88	94	-100	-100
24	112	-100	-100
47	86	-100	-100
88	122	-100	-100
24	145	-100	-100
88	145	-100	-100
24	110	-100	-100
47	74	-100	-100
111	80	-100	-100
74	76	-100	-100
133	139	-100	-100
76	80	-100	-100
37	139	-100	-100
17	3	-100	-100
24	5	-100	-100
47	8	-100	-100
111	139	-100	-100
74	9	-100	-100
133	105	-100	-100
76	39	-100	-100
37	53	-100	-100
24	66	-100	-100
47	92	-100	-100
111	110	-100	-100
74	115	-100	-100
133	115	-100	-100
76	83	-100	-100
24	113	-100	-100
47	12	-100	-100
111	127	-100	-100
74	68	-100	-100
133	147	-100	-100
24	106	-100	-100
47	66	-100	-100
111	150	-100	-100
74	53	-100	-100
24	122	-100	-100
47	5	-100	-100
111	126	-100	-100
24	86	-100	-100
47	112	-100	-100
24	84	-100	-100
47	17	-100	-100
111	133	-100	-100
74	82	-100	-100
133	9	-100	-100
76	25	-100	-100
37	39	-100	-100
17	39	-100	-100
83	147	-100	-100
147	48	-100	-100
47	114	-100	-100
111	145	-100	-100
74	105	-100	-100
133	82	-100	-100
76	53	-100	-100
37	25	-100	-100
17	82	-100	-100
83	3	-100	-100
47	13	-100	-100
111	141	-100	-100
74	139	-100	-100
133	61	-100	-100
76	21	-100	-100
37	105	-100	-100
17	115	-100	-100
47	56	-100	-100
111	114	-100	-100
74	110	-100	-100
133	78	-100	-100
76	82	-100	-100
37	80	-100	-100
47	141	-100	-100
111	69	-100	-100
74	113	-100	-100
133	53	-100	-100
76	68	-100	-100
47	120	-100	-100
111	32	-100	-100
74	60	-100	-100
133	68	-100	-100
47	27	-100	-100
111	30	-100	-100
74	4	-100	-100
47	111	-100	-100
111	96	-100	-100
47	28	-100	-100
111	17	-100	-100
74	37	-100	-100
133	80	-100	-100
76	17	-100	-100
37	68	-100	-100
17	61	-100	-100
83	61	-100	-100
147	82	-100	-100
39	80	-100	-100
111	120	-100	-100
74	121	-100	-100
133	11	-100	-100
76	139	-100	-100
37	78	-100	-100
17	36	-100	-100
83	68	-100	-100
147	3	-100	-100
111	92	-100	-100
74	136	-100	-100
133	97	-100	-100
76	48	-100	-100
37	61	-100	-100
17	48	-100	-100
83	82	-100	-100
111	103	-100	-100
74	23	-100	-100
133	138	-100	-100
76	61	-100	-100
37	115	-100	-100
17	139	-100	-100
111	34	-100	-100
74	42	-100	-100
133	40	-100	-100
76	30	-100	-100
37	21	-100	-100
111	100	-100	-100
74	96	-100	-100
133	83	-100	-100
76	143	-100	-100
111	58	-100	-100
74	58	-100	-100
133	84	-100	-100
111	22	-100	-100
74	50	-100	-100
111	26	-100	-100
74	83	-100	-100
133	17	-100	-100
76	37	-100	-100
37	9	-100	-100
17	83	-100	-100
83	21	-100	-100
147	21	-100	-100
39	21	-100	-100
25	21	-100	-100
74	30	-100	-100
133	114	-100	-100
76	59	-100	-100
37	141	-100	-100
17	78	-100	-100
83	105	-100	-100
147	105	-100	-100
39	3	-100	-100
74	70	-100	-100
133	14	-100	-100
76	92	-100	-100
37	113	-100	-100
17	21	-100	-100
83	139	-100	-100
147	139	-100	-100
74	2	-100	-100
133	89	-100	-100
76	135	-100	-100
37	2	-100	-100
17	9	-100	-100
83	80	-100	-100
74	133	-100	-100
133	33	-100	-100
76	112	-100	-100
37	86	-100	-100
17	53	-100	-100
74	130	-100	-100
133	26	-100	-100
76	18	-100	-100
37	38	-100	-100
74	57	-100	-100
133	38	-100	-100
76	19	-100	-100
74	72	-100	-100
133	13	-100	-100
74	18	-100	-100
133	76	-100	-100
76	49	-100	-100
37	83	-100	-100
17	105	-100	-100
83	53	-100	-100
147	61	-100	-100
39	9	-100	-100
25	3	-100	-100
133	100	-100	-100
76	57	-100	-100
37	26	-100	-100
17	68	-100	-100
83	48	-100	-100
147	36	-100	-100
39	61	-100	-100
133	95	-100	-100
76	7	-100	-100
37	110	-100	-100
17	66	-100	-100
83	9	-100	-100
147	9	-100	-100
133	93	-100	-100
76	70	-100	-100
37	7	-100	-100
17	13	-100	-100
83	36	-100	-100
133	106	-100	-100
76	120	-100	-100
37	104	-100	-100
17	19	-100	-100
133	86	-100	-100
76	47	-100	-100
37	44	-100	-100
133	104	-100	-100
76	11	-100	-100
133	22	-100	-100
76	97	-100	-100
37	17	-100	-100
17	147	-100	-100
83	25	-100	-100
147	78	-100	-100
39	82	-100	-100
25	78	-100	-100
21	3	-100	-100
76	72	-100	-100
37	57	-100	-100
17	34	-100	-100
83	115	-100	-100
147	68	-100	-100
39	53	-100	-100
25	61	-100	-100
76	42	-100	-100
37	64	-100	-100
17	25	-100	-100
83	78	-100	-100
147	53	-100	-100
39	139	-100	-100
76	102	-100	-100
37	94	-100	-100
17	16	-100	-100
83	96	-100	-100
147	115	-100	-100
76	66	-100	-100
37	147	-100	-100
17	55	-100	-100
83	102	-100	-100
76	16	-100	-100
37	34	-100	-100
17	117	-100	-100
76	108	-100	-100
37	125	-100	-100
76	2	-100	-100
37	40	-100	-100
17	92	-100	-100
83	39	-100	-100
147	25	-100	-100
39	68	-100	-100
25	68	-100	-100
21	36	-100	-100
82	3	-100	-100
37	149	-100	-100
17	22	-100	-100
83	11	-100	-100
147	80	-100	-100
39	48	-100	-100
25	9	-100	-100
21	53	-100	-100
37	92	-100	-100
17	46	-100	-100
83	4	-100	-100
147	43	-100	-100
39	105	-100	-100
25	36	-100	-100
37	70	-100	-100
17	42	-100	-100
83	92	-100	-100
147	99	-100	-100
39	36	-100	-100
37	81	-100	-100
17	94	-100	-100
83	20	-100	-100
147	125	-100	-100
37	23	-100	-100
17	30	-100	-100
83	50	-100	-100
37	128	-100	-100
17	54	-100	-100
37	42	-100	-100
17	70	-100	-100
83	27	-100	-100
147	39	-100	-100
39	78	-100	-100
25	105	-100	-100
21	78	-100	-100
82	61	-100	-100
53	3	-100	-100
17	20	-100	-100
83	103	-100	-100
147	100	-100	-100
39	115	-100	-100
25	139	-100	-100
21	61	-100	-100
82	68	-100	-100
17	33	-100	-100
83	89	-100	-100
147	117	-100	-100
39	50	-100	-100
25	80	-100	-100
21	139	-100	-100
17	89	-100	-100
83	30	-100	-100
147	50	-100	-100
39	46	-100	-100
25	115	-100	-100
17	145	-100	-100
83	126	-100	-100
147	32	-100	-100
39	150	-100	-100
17	86	-100	-100
83	23	-100	-100
147	59	-100	-100
17	121	-100	-100
83	64	-100	-100
17	127	-100	-100
83	60	-100	-100
147	60	-100	-100
39	25	-100	-100
25	48	-100	-100
21	82	-100	-100
82	139	-100	-100
53	48	-100	-100
105	3	-100	-100
68	3	-100	-100
9	3	-100	-100
83	87	-100	-100
147	130	-100	-100
39	121	-100	-100
25	82	-100	-100
21	48	-100	-100
82	80	-100	-100
53	115	-100	-100
105	61	-100	-100
68	61	-100	-100
83	26	-100	-100
147	46	-100	-100
39	97	-100	-100
25	130	-100	-100
21	115	-100	-100
82	48	-100	-100
53	80	-100	-100
105	48	-100	-100
83	7	-100	-100
147	112	-100	-100
39	23	-100	-100
25	121	-100	-100
21	80	-100	-100
82	78	-100	-100
53	139	-100	-100
83	128	-100	-100
147	104	-100	-100
39	18	-100	-100
25	10	-100	-100
21	68	-100	-100
82	115	-100	-100
83	49	-100	-100
147	126	-100	-100
39	108	-100	-100
25	46	-100	-100
21	31	-100	-100
83	145	-100	-100
147	57	-100	-100
39	75	-100	-100
25	106	-100	-100
83	8	-100	-100
147	128	-100	-100
39	55	-100	-100
83	93	-100	-100
147	86	-100	-100
83	141	-100	-100
147	97	-100	-100
39	28	-100	-100
25	53	-100	-100
21	9	-100	-100
82	53	-100	-100
53	9	-100	-100
105	78	-100	-100
68	36	-100	-100
147	72	-100	-100
39	110	-100	-100
25	144	-100	-100
21	70	-100	-100
82	36	-100	-100
53	61	-100	-100
105	139	-100	-100
147	22	-100	-100
39	118	-100	-100
25	32	-100	-100
21	75	-100	-100
82	128	-100	-100
53	36	-100	-100
147	103	-100	-100
39	125	-100	-100
25	22	-100	-100
21	34	-100	-100
82	102	-100	-100
147	10	-100	-100
39	130	-100	-100
25	29	-100	-100
21	89	-100	-100
147	110	-100	-100
39	29	-100	-100
25	2	-100	-100
147	49	-100	-100
39	56	-100	-100
147	8	-100	-100
39	128	-100	-100
25	30	-100	-100
21	105	-100	-100
82	105	-100	-100
53	105	-100	-100
105	36	-100	-100
68	9	-100	-100
9	139	-100	-100
36	3	-100	-100
39	34	-100	-100
25	110	-100	-100
21	49	-100	-100
82	20	-100	-100
53	78	-100	-100
105	80	-100	-100
68	78	-100	-100
9	115	-100	-100
39	81	-100	-100
25	119	-100	-100
21	23	-100	-100
82	144	-100	-100
53	67	-100	-100
105	115	-100	-100
68	139	-100	-100
39	135	-100	-100
25	33	-100	-100
21	54	-100	-100
82	66	-100	-100
53	59	-100	-100
105	27	-100	-100
39	49	-100	-100
25	94	-100	-100
21	108	-100	-100
82	70	-100	-100
53	145	-100	-100
39	59	-100	-100
25	41	-100	-100
21	102	-100	-100
82	136	-100	-100
39	84	-100	-100
25	125	-100	-100
21	33	-100	-100
39	87	-100	-100
25	87	-100	-100
39	106	-100	-100
25	136	-100	-100
21	149	-100	-100
82	126	-100	-100
53	68	-100	-100
105	68	-100	-100
68	80	-100	-100
9	36	-100	-100
36	48	-100	-100
139	3	-100	-100
25	128	-100	-100
21	58	-100	-100
82	90	-100	-100
53	92	-100	-100
105	104	-100	-100
68	48	-100	-100
9	80	-100	-100
36	61	-100	-100
25	8	-100	-100
21	135	-100	-100
82	14	-100	-100
53	70	-100	-100
105	18	-100	-100
68	115	-100	-100
9	61	-100	-100
25	113	-100	-100
21	84	-100	-100
82	135	-100	-100
53	135	-100	-100
105	102	-100	-100
68	96	-100	-100
25	127	-100	-100
21	26	-100	-100
82	86	-100	-100
53	143	-100	-100
105	28	-100	-100
25	96	-100	-100
21	11	-100	-100
82	4	-100	-100
53	72	-100	-100
25	26	-100	-100
21	19	-100	-100
82	60	-100	-100
25	18	-100	-100
21	94	-100	-100
25	66	-100	-100
21	55	-100	-100
82	93	-100	-100
53	79	-100	-100
105	60	-100	-100
68	4	-100	-100
9	48	-100	-100
36	139	-100	-100
139	48	-100	-100
78	3	-100	-100
61	80	-100	-100
21	92	-100	-100
82	95	-100	-100
53	54	-100	-100
105	23	-100	-100
68	121	-100	-100
9	125	-100	-100
36	115	-100	-100
139	80	-100	-100
78	115	-100	-100
21	64	-100	-100
82	72	-100	-100
53	10	-100	-100
105	149	-100	-100
68	92	-100	-100
9	106	-100	-100
36	80	-100	-100
139	115	-100	-100
21	86	-100	-100
82	141	-100	-100
53	56	-100	-100
105	93	-100	-100
68	62	-100	-100
9	92	-100	-100
36	11	-100	-100
21	96	-100	-100
82	79	-100	-100
53	42	-100	-100
105	59	-100	-100
68	34	-100	-100
9	58	-100	-100
21	59	-100	-100
82	87	-100	-100
53	87	-100	-100
105	22	-100	-100
68	102	-100	-100
21	35	-100	-100
82	44	-100	-100
53	110	-100	-100
105	95	-100	-100
21	41	-100	-100
82	49	-100	-100
53	114	-100	-100
21	2	-100	-100
82	10	-100	-100
21	103	-100	-100
82	13	-100	-100
53	23	-100	-100
105	34	-100	-100
68	41	-100	-100
9	78	-100	-100
36	78	-100	-100
139	61	-100	-100
78	80	-100	-100
82	12	-100	-100
53	66	-100	-100
105	69	-100	-100
68	20	-100	-100
9	143	-100	-100
36	50	-100	-100
139	59	-100	-100
82	55	-100	-100
53	18	-100	-100
105	106	-100	-100
68	126	-100	-100
9	136	-100	-100
36	70	-100	-100
82	98	-100	-100
53	64	-100	-100
105	96	-100	-100
68	14	-100	-100
9	13	-100	-100
82	23	-100	-100
53	93	-100	-100
105	52	-100	-100
68	128	-100	-100
82	56	-100	-100
53	60	-100	-100
105	120	-100	-100
82	96	-100	-100
53	49	-100	-100
82	8	-100	-100
53	40	-100	-100
105	12	-100	-100
68	150	-100	-100
9	81	-100	-100
36	52	-100	-100
139	78	-100	-100
78	61	-100	-100
61	3	-100	-100
53	130	-100	-100
105	11	-100	-100
68	49	-100	-100
9	8	-100	-100
36	18	-100	-100
139	23	-100	-100
78	48	-100	-100
53	94	-100	-100
105	7	-100	-100
68	113	-100	-100
9	128	-100	-100
36	100	-100	-100
139	33	-100	-100
53	89	-100	-100
105	128	-100	-100
68	120	-100	-100
9	22	-100	-100
36	103	-100	-100
53	108	-100	-100
105	33	-100	-100
68	50	-100	-100
9	34	-100	-100
53	100	-100	-100
105	30	-100	-100
68	66	-100	-100
53	8	-100	-100
105	119	-100	-100
53	149	-100	-100
105	41	-100	-100
68	114	-100	-100
9	95	-100	-100
36	2	-100	-100
139	150	-100	-100
78	92	-100	-100
61	115	-100	-100
80	3	-100	-100
105	84	-100	-100
68	64	-100	-100
9	94	-100	-100
36	93	-100	-100
139	145	-100	-100
78	81	-100	-100
61	48	-100	-100
105	117	-100	-100
68	33	-100	-100
9	57	-100	-100
36	143	-100	-100
139	56	-100	-100
78	149	-100	-100
105	100	-100	-100
68	67	-100	-100
9	11	-100	-100
36	20	-100	-100
139	62	-100	-100
105	4	-100	-100
68	22	-100	-100
9	66	-100	-100
36	41	-100	-100
105	14	-100	-100
68	86	-100	-100
9	43	-100	-100
105	101	-100	-100
68	59	-100	-100
105	46	-100	-100
68	79	-100	-100
9	50	-100	-100
36	40	-100	-100
139	86	-100	-100
78	54	-100	-100
61	94	-100	-100
80	115	-100	-100
48	3	-100	-100
68	58	-100	-100
9	64	-100	-100
36	136	-100	-100
139	49	-100	-100
78	136	-100	-100
61	54	-100	-100
80	79	-100	-100
68	149	-100	-100
9	126	-100	-100
36	34	-100	-100
139	20	-100	-100
78	97	-100	-100
61	41	-100	-100
68	10	-100	-100
9	56	-100	-100
36	62	-100	-100
139	13	-100	-100
78	5	-100	-100
68	16	-100	-100
9	26	-100	-100
36	138	-100	-100
139	29	-100	-100
68	72	-100	-100
9	100	-100	-100
36	29	-100	-100
68	56	-100	-100
9	135	-100	-100
68	31	-100	-100
9	84	-100	-100
36	92	-100	-100
139	94	-100	-100
78	113	-100	-100
61	16	-100	-100
80	48	-100	-100
48	115	-100	-100
115	3	-100	-100
3	33	-100	-100
3	94	-100	-100
9	31	-100	-100
36	87	-100	-100
139	50	-100	-100
78	86	-100	-100
61	117	-100	-100
80	143	-100	-100
48	135	-100	-100
115	60	-100	-100
3	143	-100	-100
9	10	-100	-100
36	99	-100	-100
139	126	-100	-100
78	12	-100	-100
61	109	-100	-100
80	29	-100	-100
48	34	-100	-100
115	7	-100	-100
9	29	-100	-100
36	145	-100	-100
139	128	-100	-100
78	145	-100	-100
61	136	-100	-100
80	26	-100	-100
48	26	-100	-100
9	149	-100	-100
36	57	-100	-100
139	85	-100	-100
78	70	-100	-100
61	86	-100	-100
80	130	-100	-100
9	127	-100	-100
36	113	-100	-100
139	149	-100	-100
78	106	-100	-100
61	18	-100	-100
9	59	-100	-100
36	126	-100	-100
139	93	-100	-100
78	144	-100	-100
9	101	-100	-100
36	27	-100	-100
139	117	-100	-100
36	31	-100	-100
139	10	-100	-100
78	93	-100	-100
61	110	-100	-100
80	114	-100	-100
48	89	-100	-100
115	13	-100	-100
3	114	-100	-100
36	130	-100	-100
139	58	-100	-100
78	60	-100	-100
61	26	-100	-100
80	18	-100	-100
48	81	-100	-100
115	108	-100	-100
36	96	-100	-100
139	32	-100	-100
78	135	-100	-100
61	89	-100	-100
80	57	-100	-100
48	120	-100	-100
36	128	-100	-100
139	134	-100	-100
78	90	-100	-100
61	75	-100	-100
80	96	-100	-100
36	97	-100	-100
139	113	-100	-100
78	56	-100	-100
61	58	-100	-100
36	84	-100	-100
139	96	-100	-100
78	33	-100	-100
36	149	-100	-100
139	2	-100	-100
139	40	-100	-100
78	128	-100	-100
61	150	-100	-100
80	58	-100	-100
48	85	-100	-100
115	59	-100	-100
3	100	-100	-100
139	110	-100	-100
78	94	-100	-100
61	125	-100	-100
80	149	-100	-100
48	97	-100	-100
115	41	-100	-100
139	79	-100	-100
78	13	-100	-100
61	14	-100	-100
80	86	-100	-100
48	93	-100	-100
139	11	-100	-100
78	49	-100	-100
61	143	-100	-100
80	33	-100	-100
139	22	-100	-100
78	95	-100	-100
61	27	-100	-100
139	84	-100	-100
78	108	-100	-100
78	67	-100	-100
61	113	-100	-100
80	50	-100	-100
48	57	-100	-100
115	144	-100	-100
3	2	-100	-100
3	106	-100	-100
3	87	-100	-100
78	62	-100	-100
61	22	-100	-100
80	5	-100	-100
48	130	-100	-100
115	92	-100	-100
3	18	-100	-100
3	85	-100	-100
78	143	-100	-100
61	20	-100	-100
80	102	-100	-100
48	14	-100	-100
115	18	-100	-100
3	28	-100	-100
78	27	-100	-100
61	64	-100	-100
80	12	-100	-100
48	102	-100	-100
115	40	-100	-100
78	110	-100	-100
61	59	-100	-100
80	72	-100	-100
48	40	-100	-100
61	95	-100	-100
80	55	-100	-100
48	104	-100	-100
115	145	-100	-100
3	145	-100	-100
3	50	-100	-100
3	113	-100	-100
3	56	-100	-100
61	135	-100	-100
80	54	-100	-100
48	59	-100	-100
115	120	-100	-100
3	141	-100	-100
3	93	-100	-100
3	84	-100	-100
61	121	-100	-100
80	142	-100	-100
48	60	-100	-100
115	130	-100	-100
3	16	-100	-100
3	58	-100	-100
61	62	-100	-100
80	13	-100	-100
48	94	-100	-100
115	135	-100	-100
3	119	-100	-100
80	135	-100	-100
48	113	-100	-100
115	42	-100	-100
3	59	-100	-100
3	43	-100	-100
3	125	-100	-100
3	86	-100	-100
3	110	-100	-100
80	119	-100	-100
48	50	-100	-100
115	100	-100	-100
3	108	-100	-100
3	128	-100	-100
3	32	-100	-100
3	70	-100	-100
80	16	-100	-100
48	5	-100	-100
115	10	-100	-100
3	41	-100	-100
3	31	-100	-100
3	92	-100	-100
48	136	-100	-100
115	106	-100	-100
3	60	-100	-100
3	42	-100	-100
3	138	-100	-100
48	38	-100	-100
115	141	-100	-100
3	46	-100	-100
3	104	-100	-100
115	54	-100	-100
3	11	-100	-100
3	103	-100	-100
3	55	-100	-100
3	12	-100	-100
