150
4058
2
3	102	7	10
3	116	7	11
3	73	8	10
122	99	6	10
122	125	5	10
122	115	6	10
122	86	6	11
122	80	6	11
122	52	6	11
122	83	6	11
122	48	6	10
17	23	6	10
17	12	6	10
66	18	7	11
66	90	7	10
66	110	7	11
66	51	7	11
26	97	7	10
26	90	8	11
45	94	6	11
45	150	6	10
45	93	7	10
109	96	7	11
109	138	7	11
109	117	7	10
109	114	7	11
109	49	7	11
102	136	7	10
102	44	7	11
102	112	7	11
102	140	7	10
102	116	7	11
102	139	7	11
102	32	7	10
102	25	7	10
102	141	7	10
102	61	7	10
102	146	7	11
99	18	7	10
99	83	7	11
136	3	8	10
136	112	7	11
136	140	7	10
136	139	7	11
136	141	7	11
136	39	7	10
136	73	7	11
136	146	7	10
85	100	6	11
85	87	6	11
85	7	6	11
85	149	5	10
85	127	6	10
85	29	7	11
85	124	6	11
85	143	5	11
120	26	6	11
120	34	7	10
120	128	6	10
120	72	6	10
120	150	6	10
120	145	7	10
125	17	6	11
125	99	6	10
125	53	7	10
125	63	7	11
125	23	5	11
125	62	7	11
125	89	7	11
125	65	6	10
125	67	6	11
125	86	7	11
125	24	6	10
125	51	7	11
44	112	7	11
44	121	7	10
44	140	7	11
44	116	7	11
44	70	7	11
44	79	7	11
44	146	7	11
112	82	7	11
133	69	7	10
121	134	7	10
121	94	7	11
121	60	7	10
121	31	7	10
121	128	7	10
121	41	7	11
121	10	7	11
121	50	7	10
121	113	7	10
76	45	7	11
76	134	7	11
76	36	7	11
76	105	7	10
76	111	7	11
27	26	6	11
27	100	6	10
27	40	5	11
27	75	6	10
27	62	6	11
27	65	6	10
27	97	7	11
27	149	5	10
27	123	7	11
27	41	6	10
27	127	6	11
27	143	5	11
27	108	7	10
134	45	7	10
134	111	7	10
46	96	6	10
46	114	6	11
46	93	7	10
46	49	7	10
53	27	6	11
53	5	6	11
53	16	6	11
53	90	6	11
38	109	8	10
38	130	7	10
38	81	7	10
38	104	7	10
38	84	7	11
38	138	7	11
38	95	7	11
38	117	8	10
38	49	7	11
38	57	8	10
38	42	7	11
19	13	6	10
19	142	6	11
19	144	6	10
19	16	7	11
19	89	6	10
19	4	7	10
19	145	7	10
19	103	6	11
19	77	6	11
19	50	6	11
19	71	7	11
94	26	6	11
94	120	6	10
94	133	6	11
94	134	6	10
94	119	6	11
94	5	6	11
94	23	6	11
94	74	7	11
94	126	6	10
94	54	6	10
94	64	6	10
94	128	6	10
94	98	6	11
94	28	6	11
94	150	6	11
94	65	6	11
94	149	6	10
94	12	6	10
94	95	6	10
94	141	6	11
94	135	6	11
94	10	6	10
94	77	6	11
94	110	6	11
94	106	6	10
94	50	6	10
94	113	6	11
100	26	7	10
100	99	6	10
100	75	7	10
100	97	7	10
100	7	6	11
100	4	6	11
100	123	7	11
100	110	6	11
100	127	6	10
100	29	7	11
100	124	6	11
100	71	7	11
88	102	7	11
88	136	7	11
88	141	7	11
88	39	7	10
132	120	8	11
132	76	7	11
132	134	7	11
132	60	8	11
132	37	7	10
132	111	7	11
119	102	8	11
119	112	7	11
119	121	7	11
119	37	7	10
119	90	7	11
119	91	7	10
96	38	7	11
96	8	7	10
96	130	6	11
96	104	6	10
96	4	7	11
96	114	6	10
96	49	6	11
13	66	7	10
13	142	6	11
13	63	7	10
13	64	6	10
13	16	7	10
13	128	6	11
13	90	7	11
13	148	8	11
60	85	6	11
60	76	7	10
60	134	5	11
60	94	6	10
60	33	5	10
60	98	6	11
60	150	5	10
60	7	7	10
60	149	5	10
60	80	7	10
60	10	5	10
60	91	6	11
60	106	6	11
60	143	5	10
5	27	6	10
5	19	6	11
5	144	6	11
5	34	7	11
5	54	6	10
5	90	7	10
5	67	6	10
5	12	5	10
5	86	6	11
5	103	5	11
5	50	6	10
5	21	7	10
140	6	7	11
78	112	7	11
78	119	7	11
78	107	8	10
142	66	7	10
142	148	7	10
55	99	6	10
55	120	7	11
55	94	6	10
55	132	7	11
55	37	7	10
55	126	6	11
55	36	6	10
55	64	6	10
55	128	6	11
55	87	6	11
55	135	6	10
118	145	6	10
116	136	7	11
116	112	7	10
116	140	7	11
116	146	7	10
63	72	7	10
63	65	7	10
63	87	7	11
40	26	7	10
40	85	5	11
40	125	6	11
40	100	6	10
40	96	5	11
40	13	7	10
40	60	7	10
40	75	7	10
40	54	5	10
40	97	7	11
40	149	5	10
40	41	6	11
40	22	7	10
40	50	5	11
40	143	7	11
40	57	6	11
40	71	6	10
33	66	6	10
33	94	6	11
33	55	6	11
33	1	6	10
33	23	6	10
33	74	6	11
33	126	6	10
33	64	6	11
33	128	5	10
33	87	6	10
33	59	6	11
33	95	6	11
33	135	7	10
33	41	5	11
33	10	7	11
33	43	6	10
33	110	6	10
33	106	6	10
33	113	6	10
1	66	7	10
1	91	8	10
6	102	7	10
6	136	7	11
6	88	7	10
6	116	7	10
6	70	7	11
6	139	7	10
23	27	7	10
23	19	6	11
23	119	6	10
23	55	6	10
23	63	6	10
23	75	6	11
23	126	6	10
23	64	6	11
23	128	6	10
23	28	6	10
23	89	6	11
23	65	6	10
23	87	7	11
23	67	6	10
23	145	6	10
23	123	6	11
23	135	6	11
23	52	6	11
23	110	6	10
23	24	6	11
2	122	6	10
2	26	7	10
2	133	7	10
2	12	6	10
2	145	6	11
2	56	7	10
2	135	6	11
2	68	6	10
2	108	6	11
75	65	7	11
144	26	7	10
144	118	7	10
144	34	7	10
144	145	7	10
34	118	6	11
34	23	8	11
34	89	7	10
34	72	7	11
34	145	6	11
34	56	7	11
34	79	7	11
34	71	7	11
31	26	7	10
31	44	6	10
31	94	6	11
31	119	7	11
31	96	6	11
31	55	7	11
31	33	7	10
31	2	7	10
31	128	6	11
31	72	6	11
31	130	6	11
31	150	7	11
31	104	7	10
31	87	7	10
31	58	6	10
31	59	6	11
31	145	7	10
31	141	7	10
31	135	6	11
31	41	6	11
31	10	5	11
31	79	6	10
31	93	7	11
31	30	6	11
31	92	7	10
31	49	6	11
31	106	6	10
31	50	6	11
31	57	7	10
31	113	7	10
37	120	7	11
37	36	7	11
37	107	6	10
126	66	6	11
126	1	6	10
126	128	6	10
126	150	7	10
126	87	6	11
126	14	7	11
126	145	6	10
126	135	7	10
126	10	6	10
126	43	6	10
62	100	6	10
62	40	6	11
62	8	6	11
62	149	5	10
62	14	7	11
62	41	6	11
62	127	6	10
54	33	7	10
54	62	7	11
54	131	7	11
54	128	6	10
54	97	7	11
54	18	7	10
54	90	7	11
54	93	7	11
54	52	7	10
54	110	6	10
131	125	8	11
131	27	7	11
131	5	7	11
131	40	8	10
131	8	8	11
131	90	7	10
131	50	8	11
36	120	6	10
36	111	7	10
9	45	8	11
9	76	7	10
9	132	7	10
64	66	6	11
64	142	6	10
64	126	6	10
64	54	6	11
64	128	6	10
64	150	6	11
64	97	7	11
64	87	6	10
64	148	6	10
64	86	6	11
64	135	6	11
64	52	7	10
64	110	6	10
64	113	6	10
16	66	7	11
16	99	7	10
16	142	6	11
16	64	6	10
16	18	7	11
16	148	7	10
16	86	7	11
128	17	6	10
128	66	6	10
128	26	6	10
128	125	7	10
128	134	6	10
128	63	6	10
128	150	6	10
128	90	7	11
128	107	6	11
128	145	6	10
128	86	7	11
128	135	6	10
128	10	6	10
128	111	6	10
128	24	7	10
98	120	7	10
98	133	7	11
98	33	8	11
98	128	6	11
98	145	7	10
28	122	7	11
28	66	7	11
28	26	7	11
28	99	7	11
28	120	6	11
28	63	7	11
28	64	6	10
28	16	7	10
28	128	5	10
28	98	7	11
28	115	8	11
28	89	7	11
28	72	7	10
28	67	7	11
28	148	7	11
28	111	7	10
28	110	7	11
28	51	7	10
82	132	6	11
82	37	6	10
82	9	6	11
115	125	5	10
89	142	6	11
89	118	7	10
89	144	7	11
89	62	7	10
89	72	7	11
89	97	7	10
89	147	7	11
89	145	7	10
89	101	7	10
89	91	8	10
89	108	7	11
89	51	8	10
70	102	7	10
70	136	6	11
70	112	7	11
70	88	6	10
70	140	7	10
70	116	6	10
70	97	6	10
70	139	7	10
70	25	6	10
70	141	6	10
70	61	7	10
70	39	6	11
70	79	7	10
70	73	7	10
70	69	6	11
70	91	7	11
70	146	7	10
8	102	7	10
8	85	6	10
8	100	7	11
8	60	6	10
8	40	7	10
8	59	6	11
8	149	6	11
8	14	6	10
8	41	6	11
8	22	6	11
8	127	7	11
8	29	6	11
8	143	7	10
72	144	7	10
72	128	6	11
72	145	6	11
72	50	8	11
130	109	8	11
130	84	8	10
130	138	6	11
130	117	8	10
130	114	7	10
130	93	7	11
130	49	7	11
130	57	7	11
65	100	6	11
65	131	8	10
65	123	6	11
81	109	7	10
81	46	7	10
81	96	6	10
81	130	7	10
81	104	7	11
81	84	7	11
81	138	6	10
81	95	7	11
81	117	7	10
81	114	7	10
81	20	8	11
81	49	7	10
81	42	7	11
105	132	7	10
105	9	6	11
105	130	7	10
18	142	7	10
18	55	7	10
18	23	7	10
18	64	6	10
18	128	7	11
18	87	7	10
18	145	7	11
18	148	7	10
18	86	6	10
18	135	7	11
18	11	7	11
18	110	6	10
18	50	6	11
90	2	7	10
90	18	8	10
90	21	8	11
104	109	7	10
104	46	7	11
104	130	7	11
104	138	6	11
104	117	7	11
104	114	7	10
104	49	7	10
104	42	7	10
139	112	7	10
87	66	7	10
87	26	7	10
87	121	7	11
87	134	7	10
87	46	7	10
87	94	7	11
87	119	8	11
87	60	7	11
87	40	7	10
87	1	7	10
87	128	6	11
87	98	7	11
87	150	8	11
87	90	7	11
87	7	7	10
87	4	7	10
87	14	7	10
87	107	8	10
87	145	7	11
87	95	6	11
87	141	7	10
87	123	7	11
87	135	7	11
87	10	7	10
87	43	7	10
87	111	7	11
87	22	7	11
87	110	6	11
87	91	7	11
87	143	5	10
84	109	7	10
84	46	7	10
84	96	6	11
84	104	7	10
84	138	7	11
84	117	7	10
84	114	7	11
84	20	7	11
84	49	7	10
84	57	7	11
84	42	7	11
58	102	7	10
58	136	7	10
58	44	6	10
58	88	6	11
58	72	7	10
58	150	7	11
58	97	6	10
58	32	6	11
58	59	7	11
58	25	6	10
58	145	7	10
58	141	6	10
58	135	6	11
58	39	7	10
58	10	6	11
58	43	7	10
58	79	6	11
58	69	6	10
58	30	6	11
58	106	6	10
35	102	7	11
35	136	7	10
35	44	7	11
35	112	7	10
35	132	7	11
35	119	7	11
35	60	7	10
35	78	7	10
35	37	7	11
35	97	7	10
35	107	7	11
35	79	7	10
7	40	7	10
7	62	7	10
32	136	6	10
32	112	7	11
32	140	7	11
32	116	6	11
32	6	6	10
32	70	6	11
32	97	6	10
32	141	6	11
32	73	6	10
32	146	7	11
59	85	6	10
59	27	6	10
59	94	6	10
59	100	6	10
59	60	5	10
59	40	6	10
59	23	6	10
59	74	6	11
59	126	6	10
59	62	6	11
59	64	6	10
59	128	6	10
59	150	6	11
59	87	5	10
59	7	7	10
59	149	5	11
59	95	6	11
59	135	6	10
59	10	6	11
59	43	6	11
59	11	6	10
59	22	6	10
59	110	6	11
59	127	5	11
59	29	7	10
59	106	5	10
59	124	6	11
59	143	5	10
59	113	6	11
149	66	6	11
149	100	5	11
149	13	6	10
149	1	6	11
149	64	6	11
149	87	5	10
149	7	4	10
149	127	5	11
149	29	6	10
149	124	5	10
4	26	6	10
4	118	7	11
4	40	6	10
4	34	7	10
4	89	7	10
4	47	7	10
4	71	7	10
67	17	7	10
67	99	7	10
67	118	7	10
67	75	7	10
67	65	7	11
147	2	7	10
12	133	6	11
12	118	6	11
12	144	6	11
12	34	6	11
12	89	8	11
12	72	7	11
12	147	7	11
12	145	6	10
12	56	7	10
12	135	6	10
12	103	6	11
12	79	6	10
12	68	6	10
12	50	6	10
12	108	6	11
14	46	6	11
14	60	6	11
14	23	8	11
14	74	7	10
14	59	5	10
14	149	4	11
14	41	6	11
138	95	7	11
138	117	7	11
138	114	7	10
138	49	6	10
138	42	7	11
107	112	6	10
107	119	6	11
107	98	6	11
107	150	6	11
107	111	6	11
145	26	7	11
145	133	6	10
145	62	7	11
145	64	7	10
145	97	7	11
145	90	8	11
145	4	7	11
145	25	7	10
145	147	7	11
145	68	6	11
145	51	8	11
95	66	6	11
95	46	7	10
95	1	6	11
95	126	6	11
95	128	6	10
95	43	6	10
95	106	6	11
95	113	6	10
141	44	8	10
141	134	7	11
141	72	7	11
141	25	7	11
141	145	7	10
61	140	7	10
61	32	6	10
61	146	7	11
56	17	7	11
56	26	7	10
56	120	7	10
56	13	7	10
56	5	7	10
56	142	7	11
56	118	7	11
56	144	7	10
56	72	7	10
56	97	7	10
56	18	7	10
56	25	7	10
56	147	7	11
56	145	6	11
56	86	7	11
56	79	7	10
56	110	7	11
56	108	7	10
123	75	6	11
123	149	6	11
123	24	6	10
117	40	7	11
117	2	7	10
117	101	7	11
86	99	7	11
86	126	6	11
86	87	6	10
86	149	6	11
86	145	6	10
86	83	6	10
86	108	6	11
135	66	6	11
135	26	7	10
135	133	6	10
135	118	6	11
135	34	6	10
135	28	6	10
135	72	6	10
135	149	7	11
135	4	7	11
135	147	6	11
135	145	6	11
135	56	6	10
135	41	6	11
135	10	6	11
135	79	6	11
135	11	7	11
135	20	7	10
135	68	6	11
135	50	7	10
103	17	6	10
103	142	7	11
103	63	6	10
103	2	7	11
103	75	7	11
103	144	6	10
103	89	6	10
103	65	7	11
103	67	7	10
103	56	7	10
103	123	7	10
103	108	7	11
39	6	8	11
39	32	6	10
39	79	7	11
80	121	7	10
80	31	8	11
41	122	6	10
41	85	6	10
41	94	5	11
41	60	5	11
41	74	6	11
41	128	6	10
41	150	5	10
41	87	6	10
41	58	6	10
41	7	6	11
41	59	5	10
41	149	4	11
41	95	5	10
41	10	5	11
41	43	7	10
41	106	5	11
41	143	7	10
41	24	6	11
10	93	7	10
10	92	7	11
10	106	6	11
43	94	6	11
43	128	6	10
101	125	6	10
101	133	6	10
101	118	6	11
101	2	6	10
101	34	6	10
101	12	6	11
101	145	6	11
101	135	6	10
101	68	6	11
101	71	6	11
101	108	6	11
79	128	7	10
79	145	6	10
77	13	6	10
77	142	6	10
77	144	6	10
77	28	6	10
77	89	6	10
77	103	6	10
77	91	7	11
77	50	6	10
114	11	7	11
114	49	7	10
114	57	8	10
93	94	7	11
93	33	6	10
93	74	7	10
93	128	7	10
93	59	7	10
93	95	6	11
93	43	7	11
93	11	7	11
93	92	6	11
93	106	5	11
93	113	6	10
73	102	7	11
73	112	7	11
73	140	7	10
73	116	7	10
73	6	7	10
11	66	7	10
11	26	6	10
11	45	7	11
11	53	5	11
11	19	5	11
11	94	6	10
11	13	5	10
11	5	5	11
11	78	7	10
11	55	6	10
11	33	6	11
11	75	5	11
11	144	6	10
11	34	5	11
11	126	5	10
11	128	5	11
11	82	5	10
11	89	5	10
11	90	7	10
11	87	6	11
11	149	7	10
11	95	6	11
11	56	5	10
11	86	7	10
11	103	5	10
11	43	6	11
11	77	6	10
11	91	5	10
11	106	6	10
11	50	5	10
11	71	5	11
11	24	7	10
11	113	6	11
52	99	7	11
52	94	7	10
52	126	6	11
52	16	7	11
52	87	7	11
52	110	6	10
22	85	5	10
22	100	5	11
22	60	5	11
22	1	5	10
22	75	6	11
22	62	7	11
22	64	5	11
22	150	7	11
22	97	6	10
22	18	6	11
22	7	5	10
22	149	4	10
22	14	6	10
22	148	6	11
22	41	5	11
22	110	5	10
22	29	6	11
22	124	5	11
22	143	5	11
83	125	5	10
83	13	7	10
83	18	7	10
110	122	6	11
110	17	6	10
110	99	6	11
110	125	5	10
110	55	6	10
110	126	6	10
110	62	7	10
110	16	7	11
110	128	6	10
110	115	6	11
110	89	7	11
110	90	8	11
110	145	6	10
110	148	6	10
110	86	6	10
110	135	6	10
110	83	6	11
110	48	6	10
110	21	6	11
110	51	7	11
69	102	7	10
69	136	7	10
69	121	8	10
69	88	7	11
69	25	7	11
69	141	7	11
69	79	7	11
30	121	7	10
30	46	7	10
30	38	7	11
30	96	5	11
30	130	8	10
30	81	7	10
30	104	7	10
30	84	7	10
30	138	6	10
30	114	6	10
30	49	7	10
30	57	7	10
30	42	7	10
92	66	6	11
92	26	6	10
92	44	6	11
92	46	6	11
92	94	6	10
92	33	6	10
92	1	6	11
92	74	6	10
92	126	6	11
92	128	6	11
92	150	6	11
92	87	6	10
92	58	6	10
92	149	7	11
92	4	7	11
92	95	6	10
92	43	6	10
92	114	6	11
92	11	6	10
92	110	6	11
92	20	6	10
92	106	6	11
92	113	6	10
127	99	7	10
127	75	7	10
127	22	7	10
20	45	6	11
20	46	6	11
20	96	6	11
20	33	6	10
20	126	7	10
20	128	7	10
20	130	7	11
20	104	7	11
20	95	7	10
20	43	7	11
20	114	6	10
20	93	6	11
20	30	6	11
20	49	6	11
20	106	6	10
20	42	7	11
20	113	7	10
29	125	8	11
29	119	8	10
29	60	7	11
29	40	7	11
29	62	7	11
29	7	7	10
29	123	7	10
29	69	8	11
49	117	7	11
106	66	6	11
106	74	6	11
106	2	7	11
106	126	6	11
106	128	6	11
106	87	7	10
106	14	6	10
106	145	7	10
106	135	6	10
106	43	6	10
106	79	6	10
106	114	7	11
106	110	7	10
106	30	6	11
146	6	7	11
146	73	7	10
124	125	8	10
124	7	7	10
124	29	7	11
124	143	5	10
48	125	5	11
48	127	6	11
50	26	7	10
50	46	6	11
50	38	6	10
50	96	5	10
50	13	6	11
50	142	6	10
50	82	7	11
50	130	6	11
50	105	7	11
50	104	5	11
50	84	6	11
50	138	6	10
50	145	6	11
50	56	6	10
50	30	6	10
50	49	6	11
47	26	7	10
47	100	7	11
47	118	7	10
47	40	7	10
47	34	7	11
47	97	7	11
47	71	7	10
143	66	6	10
143	26	5	11
143	134	6	10
143	100	5	11
143	13	6	11
143	55	5	10
143	75	7	11
143	126	6	10
143	62	7	11
143	64	6	11
143	128	5	10
143	98	6	10
143	150	6	10
143	7	5	11
143	149	4	11
143	148	6	11
143	141	6	11
143	114	6	11
143	127	5	10
143	29	6	10
143	106	5	10
57	109	7	11
57	96	6	11
57	81	7	10
57	105	7	10
57	104	7	11
57	138	7	10
57	117	8	11
57	49	7	10
57	42	7	10
71	26	7	10
71	50	7	11
24	33	7	11
24	93	7	10
108	55	7	10
108	118	7	10
108	34	6	11
108	72	7	10
108	97	7	11
108	67	6	11
108	147	7	11
108	145	6	11
108	135	6	10
108	68	7	11
108	50	7	11
42	46	7	10
42	130	7	11
42	114	6	10
42	49	7	11
42	50	7	11
21	16	7	11
21	91	6	10
21	113	6	10
113	66	7	10
113	45	7	10
113	46	7	10
113	55	7	11
113	1	6	10
113	23	6	11
113	126	6	10
113	54	6	11
113	128	6	11
113	150	6	10
113	81	6	10
113	87	6	10
113	10	6	11
113	43	6	10
113	30	6	11
113	106	6	11
113	42	6	10
51	13	8	11
51	63	7	10
51	16	7	11
51	52	7	10
128	4	-100	-100
94	69	-100	-100
11	121	-100	-100
145	121	-100	-100
128	8	-100	-100
94	82	-100	-100
11	115	-100	-100
128	80	-100	-100
94	143	-100	-100
128	45	-100	-100
94	20	-100	-100
11	80	-100	-100
145	21	-100	-100
135	93	-100	-100
94	57	-100	-100
11	120	-100	-100
145	96	-100	-100
94	116	-100	-100
11	32	-100	-100
94	35	-100	-100
11	54	-100	-100
145	130	-100	-100
135	16	-100	-100
59	42	-100	-100
11	142	-100	-100
145	54	-100	-100
135	51	-100	-100
11	85	-100	-100
145	81	-100	-100
11	88	-100	-100
145	131	-100	-100
135	120	-100	-100
59	82	-100	-100
110	116	-100	-100
145	20	-100	-100
135	47	-100	-100
59	5	-100	-100
145	9	-100	-100
135	1	-100	-100
145	67	-100	-100
135	37	-100	-100
59	55	-100	-100
110	29	-100	-100
31	75	-100	-100
50	24	-100	-100
135	134	-100	-100
59	107	-100	-100
110	72	-100	-100
31	66	-100	-100
135	138	-100	-100
59	131	-100	-100
110	95	-100	-100
135	70	-100	-100
59	28	-100	-100
135	102	-100	-100
59	6	-100	-100
110	77	-100	-100
31	98	-100	-100
50	125	-100	-100
143	28	-100	-100
59	2	-100	-100
110	140	-100	-100
31	47	-100	-100
50	61	-100	-100
59	141	-100	-100
110	26	-100	-100
31	24	-100	-100
59	111	-100	-100
110	85	-100	-100
59	109	-100	-100
110	134	-100	-100
31	32	-100	-100
50	132	-100	-100
143	77	-100	-100
110	82	-100	-100
31	99	-100	-100
50	16	-100	-100
110	36	-100	-100
31	27	-100	-100
110	117	-100	-100
31	43	-100	-100
50	106	-100	-100
143	47	-100	-100
106	141	-100	-100
23	61	-100	-100
113	82	-100	-100
41	118	-100	-100
40	88	-100	-100
31	124	-100	-100
50	148	-100	-100
143	108	-100	-100
106	1	-100	-100
23	20	-100	-100
113	60	-100	-100
41	51	-100	-100
31	14	-100	-100
50	86	-100	-100
143	133	-100	-100
106	123	-100	-100
23	13	-100	-100
113	7	-100	-100
31	64	-100	-100
50	75	-100	-100
143	65	-100	-100
106	17	-100	-100
23	120	-100	-100
31	84	-100	-100
50	78	-100	-100
143	88	-100	-100
106	49	-100	-100
31	147	-100	-100
50	33	-100	-100
143	30	-100	-100
50	6	-100	-100
143	78	-100	-100
106	37	-100	-100
50	140	-100	-100
143	71	-100	-100
50	52	-100	-100
143	101	-100	-100
106	56	-100	-100
23	148	-100	-100
113	34	-100	-100
41	117	-100	-100
143	122	-100	-100
106	139	-100	-100
23	121	-100	-100
113	86	-100	-100
143	109	-100	-100
106	6	-100	-100
23	91	-100	-100
143	118	-100	-100
106	97	-100	-100
143	105	-100	-100
106	69	-100	-100
23	32	-100	-100
113	104	-100	-100
41	3	-100	-100
40	1	-100	-100
33	45	-100	-100
64	19	-100	-100
106	27	-100	-100
23	6	-100	-100
113	84	-100	-100
41	42	-100	-100
40	118	-100	-100
33	57	-100	-100
106	51	-100	-100
23	111	-100	-100
113	27	-100	-100
41	99	-100	-100
40	148	-100	-100
106	67	-100	-100
23	7	-100	-100
113	125	-100	-100
41	101	-100	-100
106	44	-100	-100
23	141	-100	-100
113	29	-100	-100
106	104	-100	-100
23	83	-100	-100
23	62	-100	-100
113	39	-100	-100
41	96	-100	-100
23	98	-100	-100
113	116	-100	-100
23	3	-100	-100
113	9	-100	-100
41	84	-100	-100
40	25	-100	-100
33	63	-100	-100
113	133	-100	-100
41	76	-100	-100
40	53	-100	-100
113	130	-100	-100
41	48	-100	-100
113	112	-100	-100
41	37	-100	-100
40	30	-100	-100
33	62	-100	-100
64	88	-100	-100
149	111	-100	-100
126	29	-100	-100
41	116	-100	-100
40	38	-100	-100
33	21	-100	-100
64	107	-100	-100
149	45	-100	-100
41	44	-100	-100
40	86	-100	-100
33	79	-100	-100
64	91	-100	-100
41	13	-100	-100
40	61	-100	-100
33	131	-100	-100
41	28	-100	-100
40	123	-100	-100
41	78	-100	-100
40	10	-100	-100
33	120	-100	-100
64	12	-100	-100
149	97	-100	-100
126	70	-100	-100
92	123	-100	-100
40	68	-100	-100
33	28	-100	-100
64	147	-100	-100
149	139	-100	-100
126	114	-100	-100
40	45	-100	-100
33	91	-100	-100
64	99	-100	-100
149	116	-100	-100
40	132	-100	-100
33	73	-100	-100
64	115	-100	-100
40	79	-100	-100
33	118	-100	-100
40	116	-100	-100
33	90	-100	-100
64	9	-100	-100
149	89	-100	-100
126	53	-100	-100
92	78	-100	-100
33	86	-100	-100
64	101	-100	-100
149	43	-100	-100
126	45	-100	-100
33	80	-100	-100
64	134	-100	-100
149	5	-100	-100
33	4	-100	-100
64	118	-100	-100
33	103	-100	-100
64	146	-100	-100
149	122	-100	-100
126	44	-100	-100
92	103	-100	-100
60	9	-100	-100
56	62	-100	-100
64	46	-100	-100
149	58	-100	-100
126	73	-100	-100
92	82	-100	-100
60	101	-100	-100
64	70	-100	-100
149	39	-100	-100
126	57	-100	-100
92	132	-100	-100
64	119	-100	-100
149	138	-100	-100
126	78	-100	-100
64	38	-100	-100
149	108	-100	-100
64	32	-100	-100
149	6	-100	-100
126	28	-100	-100
92	22	-100	-100
60	102	-100	-100
56	38	-100	-100
149	133	-100	-100
126	140	-100	-100
92	104	-100	-100
60	28	-100	-100
149	120	-100	-100
126	32	-100	-100
92	2	-100	-100
149	88	-100	-100
126	24	-100	-100
149	12	-100	-100
126	134	-100	-100
92	32	-100	-100
60	108	-100	-100
56	61	-100	-100
22	121	-100	-100
100	130	-100	-100
126	16	-100	-100
92	107	-100	-100
60	112	-100	-100
56	83	-100	-100
22	103	-100	-100
126	38	-100	-100
92	88	-100	-100
60	67	-100	-100
56	105	-100	-100
126	74	-100	-100
92	124	-100	-100
60	131	-100	-100
126	132	-100	-100
92	16	-100	-100
126	116	-100	-100
92	68	-100	-100
60	58	-100	-100
56	98	-100	-100
22	146	-100	-100
100	74	-100	-100
89	133	-100	-100
92	14	-100	-100
60	71	-100	-100
56	51	-100	-100
22	12	-100	-100
100	108	-100	-100
92	38	-100	-100
60	45	-100	-100
56	96	-100	-100
22	72	-100	-100
92	12	-100	-100
60	109	-100	-100
56	1	-100	-100
92	122	-100	-100
60	36	-100	-100
92	98	-100	-100
60	19	-100	-100
56	75	-100	-100
22	47	-100	-100
100	67	-100	-100
89	27	-100	-100
125	79	-100	-100
26	88	-100	-100
60	62	-100	-100
56	85	-100	-100
22	134	-100	-100
100	38	-100	-100
89	16	-100	-100
125	132	-100	-100
60	13	-100	-100
56	57	-100	-100
22	30	-100	-100
100	133	-100	-100
89	73	-100	-100
60	115	-100	-100
56	148	-100	-100
22	88	-100	-100
100	146	-100	-100
60	30	-100	-100
56	93	-100	-100
22	104	-100	-100
60	18	-100	-100
56	71	-100	-100
56	138	-100	-100
22	130	-100	-100
100	81	-100	-100
89	2	-100	-100
56	102	-100	-100
22	63	-100	-100
100	125	-100	-100
56	125	-100	-100
22	4	-100	-100
56	63	-100	-100
22	74	-100	-100
100	69	-100	-100
89	82	-100	-100
125	130	-100	-100
26	96	-100	-100
58	124	-100	-100
66	5	-100	-100
22	117	-100	-100
100	61	-100	-100
89	148	-100	-100
125	37	-100	-100
26	46	-100	-100
58	46	-100	-100
22	53	-100	-100
100	25	-100	-100
89	127	-100	-100
125	70	-100	-100
26	37	-100	-100
22	71	-100	-100
100	105	-100	-100
89	119	-100	-100
125	96	-100	-100
22	139	-100	-100
100	28	-100	-100
89	140	-100	-100
22	140	-100	-100
100	16	-100	-100
100	116	-100	-100
89	75	-100	-100
125	85	-100	-100
26	76	-100	-100
58	65	-100	-100
100	142	-100	-100
89	42	-100	-100
125	44	-100	-100
26	98	-100	-100
100	84	-100	-100
89	105	-100	-100
125	105	-100	-100
100	112	-100	-100
89	18	-100	-100
100	43	-100	-100
89	122	-100	-100
125	27	-100	-100
26	123	-100	-100
58	27	-100	-100
66	46	-100	-100
28	123	-100	-100
89	84	-100	-100
125	93	-100	-100
26	133	-100	-100
58	63	-100	-100
66	19	-100	-100
89	45	-100	-100
125	14	-100	-100
26	84	-100	-100
58	77	-100	-100
89	76	-100	-100
125	19	-100	-100
26	34	-100	-100
89	65	-100	-100
125	81	-100	-100
89	9	-100	-100
125	49	-100	-100
26	24	-100	-100
58	71	-100	-100
66	55	-100	-100
28	48	-100	-100
102	57	-100	-100
125	54	-100	-100
26	7	-100	-100
58	138	-100	-100
66	141	-100	-100
28	103	-100	-100
125	25	-100	-100
26	48	-100	-100
58	8	-100	-100
66	63	-100	-100
125	95	-100	-100
26	109	-100	-100
58	127	-100	-100
125	20	-100	-100
26	105	-100	-100
125	46	-100	-100
26	10	-100	-100
58	9	-100	-100
66	12	-100	-100
28	112	-100	-100
102	103	-100	-100
26	115	-100	-100
58	122	-100	-100
66	53	-100	-100
28	78	-100	-100
26	139	-100	-100
58	103	-100	-100
66	74	-100	-100
26	107	-100	-100
58	140	-100	-100
26	54	-100	-100
58	108	-100	-100
66	47	-100	-100
28	24	-100	-100
102	62	-100	-100
20	122	-100	-100
18	3	-100	-100
58	104	-100	-100
66	27	-100	-100
28	12	-100	-100
102	80	-100	-100
20	144	-100	-100
58	98	-100	-100
66	81	-100	-100
28	29	-100	-100
102	19	-100	-100
58	48	-100	-100
66	35	-100	-100
28	32	-100	-100
58	78	-100	-100
66	14	-100	-100
58	24	-100	-100
66	30	-100	-100
28	147	-100	-100
102	95	-100	-100
20	147	-100	-100
18	105	-100	-100
55	8	-100	-100
95	65	-100	-100
66	80	-100	-100
28	132	-100	-100
102	98	-100	-100
20	14	-100	-100
18	43	-100	-100
55	42	-100	-100
66	122	-100	-100
28	49	-100	-100
102	118	-100	-100
20	132	-100	-100
18	7	-100	-100
66	44	-100	-100
28	47	-100	-100
102	30	-100	-100
20	35	-100	-100
66	21	-100	-100
28	81	-100	-100
102	130	-100	-100
66	68	-100	-100
28	136	-100	-100
28	70	-100	-100
102	63	-100	-100
20	121	-100	-100
18	85	-100	-100
55	13	-100	-100
28	114	-100	-100
102	52	-100	-100
20	67	-100	-100
18	114	-100	-100
28	7	-100	-100
102	10	-100	-100
20	36	-100	-100
28	68	-100	-100
102	99	-100	-100
28	19	-100	-100
102	86	-100	-100
20	72	-100	-100
18	57	-100	-100
55	52	-100	-100
95	133	-100	-100
12	19	-100	-100
70	76	-100	-100
102	127	-100	-100
20	138	-100	-100
18	52	-100	-100
55	10	-100	-100
95	9	-100	-100
12	6	-100	-100
102	90	-100	-100
20	10	-100	-100
18	141	-100	-100
55	7	-100	-100
95	48	-100	-100
102	7	-100	-100
20	120	-100	-100
18	47	-100	-100
55	93	-100	-100
102	45	-100	-100
20	5	-100	-100
18	133	-100	-100
102	131	-100	-100
20	27	-100	-100
20	65	-100	-100
18	112	-100	-100
55	53	-100	-100
95	70	-100	-100
12	62	-100	-100
20	117	-100	-100
18	146	-100	-100
55	75	-100	-100
95	84	-100	-100
20	103	-100	-100
18	24	-100	-100
55	81	-100	-100
20	37	-100	-100
18	45	-100	-100
20	119	-100	-100
18	19	-100	-100
55	104	-100	-100
95	72	-100	-100
12	150	-100	-100
70	46	-100	-100
18	2	-100	-100
55	144	-100	-100
95	16	-100	-100
12	80	-100	-100
18	82	-100	-100
55	77	-100	-100
95	96	-100	-100
18	134	-100	-100
55	96	-100	-100
18	109	-100	-100
55	122	-100	-100
95	80	-100	-100
12	107	-100	-100
70	4	-100	-100
93	141	-100	-100
108	127	-100	-100
30	98	-100	-100
55	146	-100	-100
95	69	-100	-100
12	116	-100	-100
70	2	-100	-100
93	80	-100	-100
108	141	-100	-100
55	91	-100	-100
95	83	-100	-100
12	91	-100	-100
70	67	-100	-100
93	72	-100	-100
55	29	-100	-100
95	111	-100	-100
12	39	-100	-100
70	86	-100	-100
55	133	-100	-100
95	10	-100	-100
12	1	-100	-100
55	62	-100	-100
95	42	-100	-100
95	142	-100	-100
12	61	-100	-100
70	108	-100	-100
93	39	-100	-100
108	16	-100	-100
95	34	-100	-100
12	47	-100	-100
70	52	-100	-100
93	121	-100	-100
95	117	-100	-100
12	54	-100	-100
70	45	-100	-100
95	52	-100	-100
12	42	-100	-100
95	90	-100	-100
12	73	-100	-100
70	17	-100	-100
93	118	-100	-100
108	134	-100	-100
30	14	-100	-100
62	117	-100	-100
12	75	-100	-100
70	16	-100	-100
93	138	-100	-100
108	43	-100	-100
30	116	-100	-100
12	83	-100	-100
70	75	-100	-100
93	148	-100	-100
108	78	-100	-100
12	134	-100	-100
70	8	-100	-100
93	32	-100	-100
12	85	-100	-100
70	38	-100	-100
12	115	-100	-100
70	107	-100	-100
93	73	-100	-100
108	105	-100	-100
30	97	-100	-100
62	39	-100	-100
13	34	-100	-100
70	3	-100	-100
93	6	-100	-100
108	48	-100	-100
30	120	-100	-100
62	120	-100	-100
70	71	-100	-100
93	127	-100	-100
108	38	-100	-100
30	43	-100	-100
70	81	-100	-100
93	117	-100	-100
108	114	-100	-100
70	121	-100	-100
93	91	-100	-100
70	144	-100	-100
93	123	-100	-100
108	51	-100	-100
30	144	-100	-100
62	132	-100	-100
13	140	-100	-100
27	85	-100	-100
130	112	-100	-100
93	7	-100	-100
108	74	-100	-100
30	61	-100	-100
62	19	-100	-100
13	114	-100	-100
27	73	-100	-100
93	8	-100	-100
108	109	-100	-100
30	82	-100	-100
62	79	-100	-100
13	81	-100	-100
93	132	-100	-100
108	32	-100	-100
30	29	-100	-100
62	147	-100	-100
93	67	-100	-100
108	144	-100	-100
30	88	-100	-100
93	101	-100	-100
108	124	-100	-100
108	45	-100	-100
30	27	-100	-100
62	116	-100	-100
13	112	-100	-100
108	35	-100	-100
30	140	-100	-100
62	118	-100	-100
108	14	-100	-100
30	79	-100	-100
108	131	-100	-100
30	74	-100	-100
62	148	-100	-100
13	99	-100	-100
27	3	-100	-100
130	140	-100	-100
34	52	-100	-100
30	78	-100	-100
62	4	-100	-100
13	144	-100	-100
27	9	-100	-100
130	103	-100	-100
30	71	-100	-100
62	101	-100	-100
13	82	-100	-100
27	51	-100	-100
30	73	-100	-100
62	115	-100	-100
13	3	-100	-100
30	107	-100	-100
62	119	-100	-100
30	109	-100	-100
62	84	-100	-100
13	132	-100	-100
27	124	-100	-100
130	46	-100	-100
34	51	-100	-100
103	38	-100	-100
104	67	-100	-100
62	77	-100	-100
13	29	-100	-100
27	57	-100	-100
130	98	-100	-100
34	98	-100	-100
103	138	-100	-100
62	134	-100	-100
13	84	-100	-100
27	80	-100	-100
130	78	-100	-100
34	17	-100	-100
62	81	-100	-100
13	45	-100	-100
27	7	-100	-100
130	146	-100	-100
62	53	-100	-100
13	37	-100	-100
27	24	-100	-100
62	83	-100	-100
13	54	-100	-100
13	115	-100	-100
27	99	-100	-100
130	123	-100	-100
34	36	-100	-100
103	7	-100	-100
13	104	-100	-100
27	122	-100	-100
130	8	-100	-100
34	136	-100	-100
13	36	-100	-100
27	36	-100	-100
130	48	-100	-100
13	121	-100	-100
27	109	-100	-100
13	10	-100	-100
27	29	-100	-100
130	144	-100	-100
34	140	-100	-100
103	52	-100	-100
104	124	-100	-100
81	85	-100	-100
27	136	-100	-100
130	51	-100	-100
34	127	-100	-100
103	78	-100	-100
104	3	-100	-100
27	19	-100	-100
130	118	-100	-100
34	114	-100	-100
103	132	-100	-100
27	61	-100	-100
130	80	-100	-100
34	147	-100	-100
27	54	-100	-100
130	63	-100	-100
27	48	-100	-100
130	131	-100	-100
34	115	-100	-100
103	45	-100	-100
104	147	-100	-100
81	118	-100	-100
130	111	-100	-100
34	132	-100	-100
103	79	-100	-100
104	119	-100	-100
130	29	-100	-100
34	69	-100	-100
103	112	-100	-100
130	77	-100	-100
34	25	-100	-100
130	150	-100	-100
34	61	-100	-100
103	4	-100	-100
104	131	-100	-100
81	150	-100	-100
86	116	-100	-100
114	134	-100	-100
34	63	-100	-100
103	80	-100	-100
104	85	-100	-100
81	69	-100	-100
86	148	-100	-100
34	32	-100	-100
103	47	-100	-100
104	39	-100	-100
81	8	-100	-100
34	65	-100	-100
103	141	-100	-100
104	47	-100	-100
34	1	-100	-100
103	118	-100	-100
34	96	-100	-100
103	3	-100	-100
104	24	-100	-100
81	32	-100	-100
86	98	-100	-100
114	80	-100	-100
96	24	-100	-100
49	115	-100	-100
103	8	-100	-100
104	73	-100	-100
81	105	-100	-100
86	73	-100	-100
114	53	-100	-100
96	90	-100	-100
103	42	-100	-100
104	61	-100	-100
81	74	-100	-100
86	61	-100	-100
114	54	-100	-100
103	61	-100	-100
104	8	-100	-100
81	148	-100	-100
86	39	-100	-100
103	146	-100	-100
104	72	-100	-100
81	52	-100	-100
103	140	-100	-100
104	144	-100	-100
104	112	-100	-100
81	122	-100	-100
86	17	-100	-100
114	71	-100	-100
96	68	-100	-100
104	54	-100	-100
81	65	-100	-100
86	132	-100	-100
114	47	-100	-100
104	63	-100	-100
81	127	-100	-100
86	4	-100	-100
104	107	-100	-100
81	142	-100	-100
104	140	-100	-100
81	139	-100	-100
86	144	-100	-100
114	38	-100	-100
96	44	-100	-100
49	134	-100	-100
150	73	-100	-100
81	77	-100	-100
86	123	-100	-100
114	72	-100	-100
96	48	-100	-100
49	111	-100	-100
81	136	-100	-100
86	139	-100	-100
114	122	-100	-100
96	118	-100	-100
81	121	-100	-100
86	1	-100	-100
114	73	-100	-100
81	43	-100	-100
86	76	-100	-100
81	140	-100	-100
86	146	-100	-100
114	146	-100	-100
96	3	-100	-100
49	72	-100	-100
150	74	-100	-100
5	148	-100	-100
86	35	-100	-100
114	43	-100	-100
96	119	-100	-100
49	37	-100	-100
150	139	-100	-100
86	84	-100	-100
114	111	-100	-100
96	99	-100	-100
49	39	-100	-100
86	3	-100	-100
114	83	-100	-100
96	32	-100	-100
86	118	-100	-100
114	76	-100	-100
86	57	-100	-100
114	147	-100	-100
96	2	-100	-100
49	2	-100	-100
150	117	-100	-100
5	52	-100	-100
114	133	-100	-100
96	98	-100	-100
49	73	-100	-100
150	124	-100	-100
114	75	-100	-100
96	148	-100	-100
49	121	-100	-100
114	69	-100	-100
96	74	-100	-100
114	136	-100	-100
96	147	-100	-100
49	77	-100	-100
150	115	-100	-100
5	48	-100	-100
136	134	-100	-100
29	67	-100	-100
96	53	-100	-100
49	9	-100	-100
150	75	-100	-100
5	35	-100	-100
136	43	-100	-100
96	124	-100	-100
49	124	-100	-100
150	122	-100	-100
5	79	-100	-100
96	140	-100	-100
49	98	-100	-100
150	7	-100	-100
96	35	-100	-100
49	131	-100	-100
96	121	-100	-100
49	19	-100	-100
150	24	-100	-100
5	72	-100	-100
136	44	-100	-100
29	32	-100	-100
2	14	-100	-100
49	14	-100	-100
150	131	-100	-100
5	3	-100	-100
136	77	-100	-100
29	99	-100	-100
49	36	-100	-100
150	127	-100	-100
5	88	-100	-100
136	115	-100	-100
49	10	-100	-100
150	83	-100	-100
5	142	-100	-100
49	63	-100	-100
150	3	-100	-100
49	107	-100	-100
150	69	-100	-100
5	4	-100	-100
136	42	-100	-100
29	53	-100	-100
2	75	-100	-100
90	144	-100	-100
150	4	-100	-100
5	146	-100	-100
136	75	-100	-100
29	101	-100	-100
2	76	-100	-100
150	91	-100	-100
5	61	-100	-100
136	19	-100	-100
29	61	-100	-100
150	133	-100	-100
5	123	-100	-100
136	131	-100	-100
150	38	-100	-100
5	42	-100	-100
150	54	-100	-100
5	136	-100	-100
136	16	-100	-100
29	73	-100	-100
2	4	-100	-100
90	35	-100	-100
8	57	-100	-100
5	57	-100	-100
136	97	-100	-100
29	68	-100	-100
2	99	-100	-100
90	79	-100	-100
5	68	-100	-100
136	148	-100	-100
29	43	-100	-100
2	16	-100	-100
5	147	-100	-100
136	120	-100	-100
29	131	-100	-100
5	63	-100	-100
136	82	-100	-100
5	75	-100	-100
136	36	-100	-100
29	122	-100	-100
2	73	-100	-100
90	25	-100	-100
8	111	-100	-100
97	80	-100	-100
136	51	-100	-100
29	78	-100	-100
2	19	-100	-100
90	109	-100	-100
8	25	-100	-100
136	45	-100	-100
29	35	-100	-100
2	85	-100	-100
90	122	-100	-100
136	74	-100	-100
29	38	-100	-100
2	115	-100	-100
136	147	-100	-100
29	121	-100	-100
136	84	-100	-100
29	37	-100	-100
2	37	-100	-100
90	10	-100	-100
8	116	-100	-100
97	38	-100	-100
10	16	-100	-100
29	57	-100	-100
2	80	-100	-100
90	132	-100	-100
8	54	-100	-100
97	88	-100	-100
29	6	-100	-100
2	38	-100	-100
90	124	-100	-100
8	3	-100	-100
29	120	-100	-100
2	131	-100	-100
90	72	-100	-100
29	133	-100	-100
2	78	-100	-100
29	42	-100	-100
2	3	-100	-100
90	36	-100	-100
8	139	-100	-100
97	146	-100	-100
10	53	-100	-100
84	98	-100	-100
2	24	-100	-100
90	121	-100	-100
8	1	-100	-100
97	101	-100	-100
10	134	-100	-100
2	83	-100	-100
90	123	-100	-100
8	6	-100	-100
97	85	-100	-100
2	118	-100	-100
90	140	-100	-100
8	121	-100	-100
2	1	-100	-100
90	88	-100	-100
2	148	-100	-100
90	127	-100	-100
8	91	-100	-100
97	84	-100	-100
10	75	-100	-100
84	3	-100	-100
141	85	-100	-100
90	43	-100	-100
8	75	-100	-100
97	46	-100	-100
10	71	-100	-100
84	36	-100	-100
90	63	-100	-100
8	9	-100	-100
97	117	-100	-100
10	131	-100	-100
90	99	-100	-100
8	112	-100	-100
97	45	-100	-100
90	83	-100	-100
8	117	-100	-100
90	48	-100	-100
8	78	-100	-100
97	73	-100	-100
10	148	-100	-100
84	111	-100	-100
141	71	-100	-100
72	43	-100	-100
8	39	-100	-100
97	76	-100	-100
10	67	-100	-100
84	142	-100	-100
141	122	-100	-100
8	37	-100	-100
97	1	-100	-100
10	17	-100	-100
84	32	-100	-100
8	61	-100	-100
97	39	-100	-100
10	105	-100	-100
8	74	-100	-100
97	75	-100	-100
8	35	-100	-100
97	127	-100	-100
10	61	-100	-100
84	131	-100	-100
141	46	-100	-100
72	21	-100	-100
57	82	-100	-100
97	99	-100	-100
10	48	-100	-100
84	39	-100	-100
141	14	-100	-100
72	24	-100	-100
97	115	-100	-100
10	42	-100	-100
84	99	-100	-100
141	138	-100	-100
97	79	-100	-100
10	115	-100	-100
84	120	-100	-100
97	71	-100	-100
10	146	-100	-100
97	118	-100	-100
10	6	-100	-100
84	78	-100	-100
141	82	-100	-100
72	57	-100	-100
57	146	-100	-100
46	80	-100	-100
10	74	-100	-100
84	37	-100	-100
141	131	-100	-100
72	79	-100	-100
57	47	-100	-100
10	132	-100	-100
84	76	-100	-100
141	6	-100	-100
72	148	-100	-100
10	140	-100	-100
84	65	-100	-100
141	68	-100	-100
10	9	-100	-100
84	7	-100	-100
10	98	-100	-100
84	1	-100	-100
141	144	-100	-100
72	111	-100	-100
57	98	-100	-100
46	19	-100	-100
43	19	-100	-100
84	146	-100	-100
141	67	-100	-100
72	44	-100	-100
57	88	-100	-100
46	68	-100	-100
84	63	-100	-100
141	109	-100	-100
72	83	-100	-100
57	45	-100	-100
84	77	-100	-100
141	9	-100	-100
72	142	-100	-100
84	85	-100	-100
141	148	-100	-100
84	148	-100	-100
141	45	-100	-100
72	121	-100	-100
57	140	-100	-100
46	98	-100	-100
43	61	-100	-100
121	124	-100	-100
141	140	-100	-100
72	134	-100	-100
57	133	-100	-100
46	127	-100	-100
43	115	-100	-100
141	53	-100	-100
72	117	-100	-100
57	74	-100	-100
46	79	-100	-100
141	101	-100	-100
72	35	-100	-100
57	134	-100	-100
141	142	-100	-100
72	112	-100	-100
141	37	-100	-100
72	118	-100	-100
57	39	-100	-100
46	44	-100	-100
43	109	-100	-100
121	117	-100	-100
16	85	-100	-100
72	122	-100	-100
57	54	-100	-100
46	105	-100	-100
43	133	-100	-100
121	140	-100	-100
72	80	-100	-100
57	115	-100	-100
46	82	-100	-100
43	117	-100	-100
72	73	-100	-100
57	124	-100	-100
46	124	-100	-100
72	68	-100	-100
57	142	-100	-100
72	42	-100	-100
57	21	-100	-100
46	77	-100	-100
43	39	-100	-100
121	107	-100	-100
16	78	-100	-100
54	148	-100	-100
57	52	-100	-100
46	101	-100	-100
43	7	-100	-100
121	6	-100	-100
16	134	-100	-100
57	9	-100	-100
46	67	-100	-100
43	131	-100	-100
121	4	-100	-100
57	14	-100	-100
46	144	-100	-100
43	142	-100	-100
57	71	-100	-100
46	122	-100	-100
57	32	-100	-100
46	78	-100	-100
43	35	-100	-100
121	75	-100	-100
16	131	-100	-100
54	32	-100	-100
4	69	-100	-100
46	69	-100	-100
43	83	-100	-100
121	116	-100	-100
16	17	-100	-100
54	147	-100	-100
46	52	-100	-100
43	80	-100	-100
121	24	-100	-100
16	144	-100	-100
46	99	-100	-100
43	45	-100	-100
121	42	-100	-100
46	140	-100	-100
43	120	-100	-100
46	111	-100	-100
43	67	-100	-100
121	9	-100	-100
16	69	-100	-100
54	138	-100	-100
4	25	-100	-100
85	45	-100	-100
119	71	-100	-100
43	42	-100	-100
121	99	-100	-100
16	47	-100	-100
54	24	-100	-100
4	142	-100	-100
85	140	-100	-100
43	118	-100	-100
121	35	-100	-100
16	116	-100	-100
54	67	-100	-100
4	37	-100	-100
43	138	-100	-100
121	147	-100	-100
16	82	-100	-100
54	99	-100	-100
43	139	-100	-100
121	3	-100	-100
16	37	-100	-100
43	132	-100	-100
121	146	-100	-100
121	16	-100	-100
16	44	-100	-100
54	112	-100	-100
4	63	-100	-100
85	78	-100	-100
121	38	-100	-100
16	119	-100	-100
54	6	-100	-100
4	21	-100	-100
121	71	-100	-100
16	123	-100	-100
54	101	-100	-100
121	52	-100	-100
16	133	-100	-100
121	21	-100	-100
16	14	-100	-100
54	98	-100	-100
4	67	-100	-100
85	144	-100	-100
119	148	-100	-100
120	80	-100	-100
16	83	-100	-100
54	91	-100	-100
4	51	-100	-100
85	123	-100	-100
119	24	-100	-100
16	24	-100	-100
54	71	-100	-100
4	133	-100	-100
85	88	-100	-100
16	105	-100	-100
54	80	-100	-100
4	42	-100	-100
16	112	-100	-100
54	61	-100	-100
16	117	-100	-100
54	120	-100	-100
4	32	-100	-100
85	3	-100	-100
119	44	-100	-100
120	38	-100	-100
79	122	-100	-100
54	25	-100	-100
4	127	-100	-100
85	105	-100	-100
119	98	-100	-100
120	67	-100	-100
54	107	-100	-100
4	52	-100	-100
85	77	-100	-100
119	140	-100	-100
54	132	-100	-100
4	144	-100	-100
85	47	-100	-100
54	116	-100	-100
4	1	-100	-100
54	69	-100	-100
4	105	-100	-100
85	147	-100	-100
119	42	-100	-100
120	14	-100	-100
79	37	-100	-100
19	51	-100	-100
32	37	-100	-100
4	44	-100	-100
85	75	-100	-100
119	77	-100	-100
120	78	-100	-100
79	65	-100	-100
19	146	-100	-100
4	77	-100	-100
85	69	-100	-100
119	65	-100	-100
120	35	-100	-100
79	139	-100	-100
4	132	-100	-100
85	146	-100	-100
119	131	-100	-100
120	142	-100	-100
4	134	-100	-100
85	42	-100	-100
119	127	-100	-100
4	73	-100	-100
85	67	-100	-100
85	109	-100	-100
119	133	-100	-100
120	47	-100	-100
79	47	-100	-100
19	127	-100	-100
85	74	-100	-100
119	99	-100	-100
120	39	-100	-100
79	77	-100	-100
85	21	-100	-100
119	123	-100	-100
120	144	-100	-100
85	63	-100	-100
119	115	-100	-100
85	51	-100	-100
119	138	-100	-100
120	112	-100	-100
79	25	-100	-100
19	37	-100	-100
32	67	-100	-100
138	122	-100	-100
119	6	-100	-100
120	109	-100	-100
79	36	-100	-100
19	139	-100	-100
32	123	-100	-100
119	73	-100	-100
120	139	-100	-100
79	123	-100	-100
19	21	-100	-100
119	80	-100	-100
120	116	-100	-100
79	98	-100	-100
119	142	-100	-100
120	3	-100	-100
119	88	-100	-100
120	91	-100	-100
79	71	-100	-100
19	69	-100	-100
32	14	-100	-100
138	25	-100	-100
38	71	-100	-100
120	117	-100	-100
79	67	-100	-100
19	48	-100	-100
32	3	-100	-100
138	44	-100	-100
120	122	-100	-100
79	116	-100	-100
19	61	-100	-100
32	77	-100	-100
120	131	-100	-100
79	118	-100	-100
19	131	-100	-100
120	118	-100	-100
79	48	-100	-100
120	127	-100	-100
79	7	-100	-100
19	133	-100	-100
32	117	-100	-100
138	47	-100	-100
38	39	-100	-100
42	65	-100	-100
79	117	-100	-100
19	6	-100	-100
32	111	-100	-100
138	65	-100	-100
38	80	-100	-100
79	3	-100	-100
19	7	-100	-100
32	115	-100	-100
138	91	-100	-100
79	75	-100	-100
19	39	-100	-100
32	45	-100	-100
79	132	-100	-100
19	78	-100	-100
79	115	-100	-100
19	134	-100	-100
32	118	-100	-100
138	112	-100	-100
38	25	-100	-100
42	115	-100	-100
7	142	-100	-100
19	68	-100	-100
32	134	-100	-100
138	142	-100	-100
38	67	-100	-100
42	122	-100	-100
19	115	-100	-100
32	82	-100	-100
138	53	-100	-100
38	91	-100	-100
19	147	-100	-100
32	21	-100	-100
138	78	-100	-100
19	45	-100	-100
32	83	-100	-100
19	124	-100	-100
32	52	-100	-100
138	51	-100	-100
38	3	-100	-100
42	78	-100	-100
7	133	-100	-100
144	83	-100	-100
32	148	-100	-100
138	35	-100	-100
38	131	-100	-100
42	98	-100	-100
7	99	-100	-100
32	65	-100	-100
138	105	-100	-100
38	142	-100	-100
42	134	-100	-100
32	78	-100	-100
138	116	-100	-100
38	1	-100	-100
32	74	-100	-100
138	132	-100	-100
32	139	-100	-100
138	36	-100	-100
38	68	-100	-100
42	74	-100	-100
7	132	-100	-100
144	134	-100	-100
14	53	-100	-100
138	39	-100	-100
38	61	-100	-100
42	3	-100	-100
7	76	-100	-100
144	82	-100	-100
138	147	-100	-100
38	107	-100	-100
42	117	-100	-100
7	71	-100	-100
138	52	-100	-100
38	48	-100	-100
42	76	-100	-100
138	83	-100	-100
38	45	-100	-100
138	61	-100	-100
38	105	-100	-100
42	51	-100	-100
7	1	-100	-100
144	99	-100	-100
14	91	-100	-100
99	51	-100	-100
38	124	-100	-100
42	123	-100	-100
7	17	-100	-100
144	68	-100	-100
14	6	-100	-100
38	132	-100	-100
42	48	-100	-100
7	37	-100	-100
144	9	-100	-100
38	118	-100	-100
42	47	-100	-100
7	45	-100	-100
38	112	-100	-100
42	147	-100	-100
38	146	-100	-100
42	71	-100	-100
7	6	-100	-100
144	78	-100	-100
14	78	-100	-100
99	77	-100	-100
101	9	-100	-100
42	132	-100	-100
7	24	-100	-100
144	44	-100	-100
14	48	-100	-100
99	73	-100	-100
42	35	-100	-100
7	44	-100	-100
144	88	-100	-100
14	51	-100	-100
42	9	-100	-100
7	74	-100	-100
144	63	-100	-100
42	24	-100	-100
7	111	-100	-100
42	124	-100	-100
7	83	-100	-100
144	65	-100	-100
14	122	-100	-100
99	74	-100	-100
101	47	-100	-100
44	88	-100	-100
112	117	-100	-100
7	139	-100	-100
144	3	-100	-100
14	148	-100	-100
99	65	-100	-100
101	1	-100	-100
44	115	-100	-100
7	65	-100	-100
144	146	-100	-100
14	47	-100	-100
99	115	-100	-100
101	36	-100	-100
7	147	-100	-100
144	52	-100	-100
14	36	-100	-100
99	3	-100	-100
7	146	-100	-100
144	123	-100	-100
14	21	-100	-100
7	67	-100	-100
144	76	-100	-100
144	111	-100	-100
14	107	-100	-100
99	91	-100	-100
101	39	-100	-100
44	77	-100	-100
144	105	-100	-100
14	140	-100	-100
99	139	-100	-100
101	139	-100	-100
144	17	-100	-100
14	112	-100	-100
99	78	-100	-100
144	71	-100	-100
14	117	-100	-100
144	132	-100	-100
14	77	-100	-100
99	37	-100	-100
101	80	-100	-100
44	132	-100	-100
112	3	-100	-100
117	88	-100	-100
14	124	-100	-100
99	148	-100	-100
101	73	-100	-100
44	76	-100	-100
112	68	-100	-100
14	88	-100	-100
99	39	-100	-100
101	78	-100	-100
44	25	-100	-100
14	75	-100	-100
99	111	-100	-100
101	24	-100	-100
14	73	-100	-100
99	88	-100	-100
14	1	-100	-100
99	75	-100	-100
101	75	-100	-100
44	71	-100	-100
112	6	-100	-100
117	35	-100	-100
127	82	-100	-100
99	21	-100	-100
101	35	-100	-100
44	69	-100	-100
112	109	-100	-100
117	47	-100	-100
99	140	-100	-100
101	109	-100	-100
44	17	-100	-100
112	48	-100	-100
99	98	-100	-100
101	3	-100	-100
44	111	-100	-100
99	35	-100	-100
101	105	-100	-100
99	123	-100	-100
101	111	-100	-100
44	75	-100	-100
112	91	-100	-100
117	124	-100	-100
127	76	-100	-100
75	69	-100	-100
101	51	-100	-100
44	78	-100	-100
112	80	-100	-100
117	24	-100	-100
127	17	-100	-100
101	98	-100	-100
44	67	-100	-100
112	69	-100	-100
117	21	-100	-100
101	132	-100	-100
44	6	-100	-100
112	37	-100	-100
101	63	-100	-100
44	148	-100	-100
101	140	-100	-100
44	107	-100	-100
112	142	-100	-100
117	115	-100	-100
127	73	-100	-100
75	139	-100	-100
142	109	-100	-100
44	83	-100	-100
112	17	-100	-100
117	107	-100	-100
127	68	-100	-100
75	116	-100	-100
44	124	-100	-100
112	134	-100	-100
117	53	-100	-100
127	148	-100	-100
44	47	-100	-100
112	131	-100	-100
117	52	-100	-100
44	9	-100	-100
112	83	-100	-100
44	82	-100	-100
112	63	-100	-100
117	75	-100	-100
127	37	-100	-100
75	134	-100	-100
142	139	-100	-100
122	53	-100	-100
112	47	-100	-100
117	68	-100	-100
127	25	-100	-100
75	131	-100	-100
142	131	-100	-100
112	147	-100	-100
117	17	-100	-100
127	134	-100	-100
75	88	-100	-100
112	61	-100	-100
117	9	-100	-100
127	39	-100	-100
112	124	-100	-100
117	67	-100	-100
112	146	-100	-100
117	3	-100	-100
127	88	-100	-100
75	82	-100	-100
142	111	-100	-100
122	74	-100	-100
118	133	-100	-100
35	45	-100	-100
117	73	-100	-100
127	109	-100	-100
75	124	-100	-100
142	147	-100	-100
122	82	-100	-100
118	88	-100	-100
117	133	-100	-100
127	53	-100	-100
75	98	-100	-100
142	105	-100	-100
122	76	-100	-100
117	39	-100	-100
127	77	-100	-100
75	77	-100	-100
142	78	-100	-100
117	51	-100	-100
127	52	-100	-100
75	24	-100	-100
117	132	-100	-100
127	61	-100	-100
127	123	-100	-100
75	73	-100	-100
142	1	-100	-100
122	51	-100	-100
118	98	-100	-100
127	36	-100	-100
75	111	-100	-100
142	140	-100	-100
122	116	-100	-100
127	24	-100	-100
75	63	-100	-100
142	39	-100	-100
127	139	-100	-100
75	1	-100	-100
127	124	-100	-100
75	147	-100	-100
142	123	-100	-100
122	131	-100	-100
118	148	-100	-100
35	111	-100	-100
109	147	-100	-100
75	37	-100	-100
142	73	-100	-100
122	88	-100	-100
118	25	-100	-100
35	9	-100	-100
75	91	-100	-100
142	48	-100	-100
122	146	-100	-100
118	21	-100	-100
75	76	-100	-100
142	134	-100	-100
122	123	-100	-100
75	51	-100	-100
142	61	-100	-100
75	21	-100	-100
142	3	-100	-100
122	65	-100	-100
118	6	-100	-100
35	123	-100	-100
109	67	-100	-100
52	53	-100	-100
142	68	-100	-100
122	3	-100	-100
118	68	-100	-100
35	3	-100	-100
109	139	-100	-100
142	51	-100	-100
122	77	-100	-100
118	9	-100	-100
35	25	-100	-100
142	25	-100	-100
122	107	-100	-100
118	24	-100	-100
142	24	-100	-100
122	69	-100	-100
142	65	-100	-100
122	73	-100	-100
118	53	-100	-100
35	76	-100	-100
109	124	-100	-100
52	36	-100	-100
65	47	-100	-100
122	45	-100	-100
118	115	-100	-100
35	139	-100	-100
109	107	-100	-100
52	88	-100	-100
122	68	-100	-100
118	61	-100	-100
35	1	-100	-100
109	76	-100	-100
122	67	-100	-100
118	116	-100	-100
35	88	-100	-100
122	37	-100	-100
118	105	-100	-100
122	36	-100	-100
118	83	-100	-100
35	73	-100	-100
109	131	-100	-100
52	132	-100	-100
65	21	-100	-100
67	25	-100	-100
118	124	-100	-100
35	133	-100	-100
109	80	-100	-100
52	105	-100	-100
65	147	-100	-100
118	63	-100	-100
35	146	-100	-100
109	134	-100	-100
52	124	-100	-100
118	69	-100	-100
35	69	-100	-100
109	21	-100	-100
118	37	-100	-100
35	124	-100	-100
118	107	-100	-100
35	47	-100	-100
109	37	-100	-100
52	37	-100	-100
65	83	-100	-100
67	24	-100	-100
116	39	-100	-100
35	105	-100	-100
109	36	-100	-100
52	68	-100	-100
65	77	-100	-100
67	6	-100	-100
35	115	-100	-100
109	74	-100	-100
52	61	-100	-100
65	39	-100	-100
35	71	-100	-100
109	105	-100	-100
52	134	-100	-100
35	91	-100	-100
109	63	-100	-100
35	147	-100	-100
109	52	-100	-100
52	76	-100	-100
65	76	-100	-100
67	21	-100	-100
116	48	-100	-100
69	74	-100	-100
132	48	-100	-100
109	98	-100	-100
52	148	-100	-100
65	6	-100	-100
67	123	-100	-100
116	21	-100	-100
69	6	-100	-100
109	9	-100	-100
52	133	-100	-100
65	9	-100	-100
67	82	-100	-100
116	77	-100	-100
109	48	-100	-100
52	74	-100	-100
65	25	-100	-100
67	111	-100	-100
109	68	-100	-100
52	39	-100	-100
65	140	-100	-100
109	82	-100	-100
52	48	-100	-100
52	107	-100	-100
65	146	-100	-100
67	39	-100	-100
116	63	-100	-100
69	73	-100	-100
52	45	-100	-100
65	37	-100	-100
67	37	-100	-100
116	115	-100	-100
52	139	-100	-100
65	45	-100	-100
67	48	-100	-100
52	115	-100	-100
65	51	-100	-100
52	82	-100	-100
65	68	-100	-100
67	146	-100	-100
116	132	-100	-100
69	105	-100	-100
132	80	-100	-100
134	105	-100	-100
65	148	-100	-100
67	139	-100	-100
116	45	-100	-100
69	140	-100	-100
132	36	-100	-100
65	111	-100	-100
67	98	-100	-100
116	47	-100	-100
69	1	-100	-100
65	74	-100	-100
67	107	-100	-100
116	107	-100	-100
65	61	-100	-100
67	83	-100	-100
65	17	-100	-100
67	133	-100	-100
116	9	-100	-100
69	37	-100	-100
132	45	-100	-100
134	68	-100	-100
6	36	-100	-100
67	9	-100	-100
116	76	-100	-100
69	3	-100	-100
132	91	-100	-100
134	63	-100	-100
67	76	-100	-100
116	139	-100	-100
69	139	-100	-100
132	53	-100	-100
67	124	-100	-100
116	17	-100	-100
69	124	-100	-100
67	105	-100	-100
116	105	-100	-100
67	36	-100	-100
116	91	-100	-100
69	71	-100	-100
132	124	-100	-100
134	39	-100	-100
6	124	-100	-100
98	80	-100	-100
116	147	-100	-100
69	24	-100	-100
132	61	-100	-100
134	17	-100	-100
6	83	-100	-100
116	82	-100	-100
69	9	-100	-100
132	73	-100	-100
134	73	-100	-100
116	24	-100	-100
69	21	-100	-100
132	39	-100	-100
116	111	-100	-100
69	77	-100	-100
116	78	-100	-100
69	76	-100	-100
132	146	-100	-100
134	6	-100	-100
6	147	-100	-100
98	61	-100	-100
77	1	-100	-100
69	51	-100	-100
132	88	-100	-100
134	47	-100	-100
6	63	-100	-100
98	74	-100	-100
69	147	-100	-100
132	21	-100	-100
134	24	-100	-100
6	24	-100	-100
69	63	-100	-100
132	25	-100	-100
134	82	-100	-100
69	111	-100	-100
132	63	-100	-100
69	91	-100	-100
132	83	-100	-100
134	51	-100	-100
6	111	-100	-100
98	21	-100	-100
77	36	-100	-100
107	76	-100	-100
132	131	-100	-100
134	48	-100	-100
6	71	-100	-100
98	53	-100	-100
77	82	-100	-100
132	139	-100	-100
134	91	-100	-100
6	76	-100	-100
98	68	-100	-100
132	148	-100	-100
134	37	-100	-100
6	148	-100	-100
132	147	-100	-100
134	139	-100	-100
132	3	-100	-100
134	83	-100	-100
6	21	-100	-100
98	51	-100	-100
77	25	-100	-100
107	51	-100	-100
73	124	-100	-100
134	74	-100	-100
6	68	-100	-100
98	148	-100	-100
77	53	-100	-100
107	83	-100	-100
134	9	-100	-100
6	133	-100	-100
98	76	-100	-100
77	51	-100	-100
134	131	-100	-100
6	115	-100	-100
98	140	-100	-100
134	147	-100	-100
6	123	-100	-100
134	71	-100	-100
6	98	-100	-100
98	36	-100	-100
77	78	-100	-100
107	147	-100	-100
73	21	-100	-100
71	36	-100	-100
6	51	-100	-100
98	105	-100	-100
77	83	-100	-100
107	47	-100	-100
73	148	-100	-100
6	25	-100	-100
98	131	-100	-100
77	111	-100	-100
107	25	-100	-100
6	131	-100	-100
98	45	-100	-100
77	147	-100	-100
6	3	-100	-100
98	91	-100	-100
6	74	-100	-100
98	77	-100	-100
77	17	-100	-100
107	53	-100	-100
73	71	-100	-100
71	131	-100	-100
51	83	-100	-100
98	124	-100	-100
77	24	-100	-100
107	133	-100	-100
73	47	-100	-100
71	25	-100	-100
98	63	-100	-100
77	123	-100	-100
107	88	-100	-100
73	76	-100	-100
98	115	-100	-100
77	131	-100	-100
107	131	-100	-100
98	25	-100	-100
77	21	-100	-100
98	39	-100	-100
77	133	-100	-100
107	9	-100	-100
73	25	-100	-100
71	124	-100	-100
51	1	-100	-100
1	37	-100	-100
77	48	-100	-100
107	63	-100	-100
73	53	-100	-100
71	78	-100	-100
51	105	-100	-100
77	37	-100	-100
107	124	-100	-100
73	9	-100	-100
71	24	-100	-100
77	140	-100	-100
107	115	-100	-100
73	88	-100	-100
77	148	-100	-100
107	139	-100	-100
77	74	-100	-100
107	61	-100	-100
73	63	-100	-100
71	80	-100	-100
51	24	-100	-100
1	74	-100	-100
63	53	-100	-100
123	47	-100	-100
107	148	-100	-100
73	91	-100	-100
71	147	-100	-100
51	68	-100	-100
1	124	-100	-100
63	124	-100	-100
107	17	-100	-100
73	80	-100	-100
71	111	-100	-100
51	76	-100	-100
1	115	-100	-100
107	82	-100	-100
73	131	-100	-100
71	146	-100	-100
51	124	-100	-100
107	45	-100	-100
73	37	-100	-100
71	53	-100	-100
107	48	-100	-100
73	82	-100	-100
73	36	-100	-100
71	74	-100	-100
51	133	-100	-100
1	83	-100	-100
63	82	-100	-100
73	39	-100	-100
71	21	-100	-100
51	17	-100	-100
1	9	-100	-100
73	133	-100	-100
71	45	-100	-100
51	48	-100	-100
73	17	-100	-100
71	37	-100	-100
73	68	-100	-100
71	115	-100	-100
51	123	-100	-100
1	47	-100	-100
63	133	-100	-100
123	88	-100	-100
131	45	-100	-100
71	76	-100	-100
51	82	-100	-100
1	105	-100	-100
63	148	-100	-100
123	105	-100	-100
71	105	-100	-100
51	148	-100	-100
1	24	-100	-100
63	39	-100	-100
71	3	-100	-100
51	74	-100	-100
1	3	-100	-100
71	82	-100	-100
51	53	-100	-100
71	68	-100	-100
51	139	-100	-100
1	78	-100	-100
63	74	-100	-100
123	83	-100	-100
131	78	-100	-100
91	47	-100	-100
51	3	-100	-100
1	53	-100	-100
63	21	-100	-100
123	68	-100	-100
131	147	-100	-100
51	115	-100	-100
1	61	-100	-100
63	146	-100	-100
123	39	-100	-100
51	37	-100	-100
1	133	-100	-100
63	111	-100	-100
51	39	-100	-100
1	25	-100	-100
51	140	-100	-100
1	39	-100	-100
63	9	-100	-100
123	45	-100	-100
131	80	-100	-100
91	36	-100	-100
45	78	-100	-100
1	68	-100	-100
63	147	-100	-100
123	61	-100	-100
131	115	-100	-100
91	61	-100	-100
1	111	-100	-100
63	3	-100	-100
123	147	-100	-100
131	74	-100	-100
1	36	-100	-100
63	80	-100	-100
123	53	-100	-100
1	21	-100	-100
63	37	-100	-100
1	146	-100	-100
63	115	-100	-100
123	115	-100	-100
131	133	-100	-100
91	146	-100	-100
45	68	-100	-100
140	21	-100	-100
63	36	-100	-100
123	21	-100	-100
131	17	-100	-100
91	3	-100	-100
45	39	-100	-100
63	17	-100	-100
123	25	-100	-100
131	82	-100	-100
91	88	-100	-100
63	76	-100	-100
123	80	-100	-100
131	37	-100	-100
63	78	-100	-100
123	111	-100	-100
63	24	-100	-100
123	76	-100	-100
131	140	-100	-100
91	45	-100	-100
45	140	-100	-100
140	3	-100	-100
124	83	-100	-100
123	3	-100	-100
131	53	-100	-100
91	82	-100	-100
45	25	-100	-100
140	47	-100	-100
123	9	-100	-100
131	39	-100	-100
91	133	-100	-100
45	24	-100	-100
123	48	-100	-100
131	68	-100	-100
91	147	-100	-100
123	74	-100	-100
131	25	-100	-100
123	82	-100	-100
131	61	-100	-100
91	9	-100	-100
45	61	-100	-100
140	74	-100	-100
124	48	-100	-100
146	139	-100	-100
148	39	-100	-100
131	3	-100	-100
91	68	-100	-100
45	74	-100	-100
140	111	-100	-100
124	147	-100	-100
146	133	-100	-100
131	48	-100	-100
91	111	-100	-100
45	105	-100	-100
140	36	-100	-100
124	115	-100	-100
131	88	-100	-100
91	105	-100	-100
45	111	-100	-100
140	17	-100	-100
131	21	-100	-100
91	83	-100	-100
45	53	-100	-100
131	139	-100	-100
91	25	-100	-100
91	24	-100	-100
45	21	-100	-100
140	80	-100	-100
124	76	-100	-100
146	74	-100	-100
91	48	-100	-100
45	83	-100	-100
140	139	-100	-100
124	74	-100	-100
91	139	-100	-100
45	3	-100	-100
140	78	-100	-100
91	17	-100	-100
45	139	-100	-100
91	76	-100	-100
45	82	-100	-100
140	83	-100	-100
124	148	-100	-100
146	78	-100	-100
148	47	-100	-100
88	53	-100	-100
45	17	-100	-100
140	115	-100	-100
124	68	-100	-100
146	21	-100	-100
148	78	-100	-100
45	47	-100	-100
140	76	-100	-100
124	139	-100	-100
146	39	-100	-100
45	36	-100	-100
140	24	-100	-100
124	78	-100	-100
45	80	-100	-100
140	37	-100	-100
45	115	-100	-100
140	25	-100	-100
124	105	-100	-100
146	36	-100	-100
148	3	-100	-100
88	24	-100	-100
24	17	-100	-100
140	9	-100	-100
124	80	-100	-100
146	83	-100	-100
148	53	-100	-100
88	61	-100	-100
140	105	-100	-100
124	39	-100	-100
146	76	-100	-100
148	74	-100	-100
140	68	-100	-100
124	21	-100	-100
146	3	-100	-100
140	82	-100	-100
124	9	-100	-100
140	39	-100	-100
124	25	-100	-100
146	24	-100	-100
148	115	-100	-100
88	25	-100	-100
24	9	-100	-100
47	3	-100	-100
124	3	-100	-100
146	37	-100	-100
148	25	-100	-100
88	76	-100	-100
24	82	-100	-100
124	53	-100	-100
146	9	-100	-100
148	133	-100	-100
88	105	-100	-100
124	111	-100	-100
146	48	-100	-100
148	80	-100	-100
124	82	-100	-100
146	17	-100	-100
124	61	-100	-100
146	105	-100	-100
148	111	-100	-100
88	111	-100	-100
24	3	-100	-100
47	9	-100	-100
111	3	-100	-100
146	82	-100	-100
148	82	-100	-100
88	9	-100	-100
24	21	-100	-100
47	21	-100	-100
146	68	-100	-100
148	139	-100	-100
88	3	-100	-100
24	105	-100	-100
146	53	-100	-100
148	37	-100	-100
88	139	-100	-100
146	147	-100	-100
148	36	-100	-100
146	80	-100	-100
148	147	-100	-100
88	133	-100	-100
24	115	-100	-100
47	37	-100	-100
111	61	-100	-100
74	133	-100	-100
148	68	-100	-100
88	83	-100	-100
24	68	-100	-100
47	133	-100	-100
111	48	-100	-100
148	83	-100	-100
88	147	-100	-100
24	37	-100	-100
47	39	-100	-100
148	105	-100	-100
88	48	-100	-100
24	78	-100	-100
148	76	-100	-100
88	82	-100	-100
148	9	-100	-100
88	78	-100	-100
24	133	-100	-100
47	25	-100	-100
111	25	-100	-100
74	3	-100	-100
133	17	-100	-100
76	139	-100	-100
88	115	-100	-100
24	53	-100	-100
47	68	-100	-100
111	147	-100	-100
74	83	-100	-100
133	115	-100	-100
88	80	-100	-100
24	39	-100	-100
47	48	-100	-100
111	83	-100	-100
74	48	-100	-100
88	37	-100	-100
24	147	-100	-100
47	139	-100	-100
111	37	-100	-100
88	17	-100	-100
24	80	-100	-100
47	105	-100	-100
88	36	-100	-100
24	36	-100	-100
24	111	-100	-100
47	80	-100	-100
111	21	-100	-100
74	53	-100	-100
133	68	-100	-100
24	25	-100	-100
47	83	-100	-100
111	82	-100	-100
74	147	-100	-100
24	61	-100	-100
47	36	-100	-100
111	9	-100	-100
24	139	-100	-100
47	147	-100	-100
24	76	-100	-100
47	74	-100	-100
111	133	-100	-100
74	61	-100	-100
133	21	-100	-100
76	147	-100	-100
37	61	-100	-100
47	82	-100	-100
111	115	-100	-100
74	82	-100	-100
133	105	-100	-100
76	53	-100	-100
47	53	-100	-100
111	68	-100	-100
74	115	-100	-100
133	39	-100	-100
47	61	-100	-100
111	17	-100	-100
74	80	-100	-100
47	78	-100	-100
111	139	-100	-100
47	17	-100	-100
111	74	-100	-100
74	76	-100	-100
133	25	-100	-100
76	48	-100	-100
37	147	-100	-100
17	115	-100	-100
111	78	-100	-100
74	25	-100	-100
133	147	-100	-100
76	3	-100	-100
37	105	-100	-100
111	39	-100	-100
74	105	-100	-100
133	3	-100	-100
76	115	-100	-100
111	105	-100	-100
74	36	-100	-100
133	78	-100	-100
111	53	-100	-100
74	39	-100	-100
111	80	-100	-100
74	9	-100	-100
133	139	-100	-100
76	80	-100	-100
37	39	-100	-100
17	21	-100	-100
83	82	-100	-100
74	68	-100	-100
133	48	-100	-100
76	68	-100	-100
37	9	-100	-100
17	3	-100	-100
74	21	-100	-100
133	80	-100	-100
76	61	-100	-100
37	115	-100	-100
74	139	-100	-100
133	61	-100	-100
76	21	-100	-100
74	78	-100	-100
133	36	-100	-100
74	114	-100	-100
133	53	-100	-100
76	25	-100	-100
37	139	-100	-100
17	53	-100	-100
83	3	-100	-100
147	39	-100	-100
133	82	-100	-100
76	78	-100	-100
37	78	-100	-100
17	105	-100	-100
83	36	-100	-100
133	9	-100	-100
76	39	-100	-100
37	21	-100	-100
17	36	-100	-100
133	132	-100	-100
76	82	-100	-100
37	3	-100	-100
133	81	-100	-100
76	49	-100	-100
133	42	-100	-100
76	17	-100	-100
37	83	-100	-100
17	25	-100	-100
83	39	-100	-100
147	48	-100	-100
39	139	-100	-100
76	14	-100	-100
37	68	-100	-100
17	9	-100	-100
83	53	-100	-100
147	3	-100	-100
76	85	-100	-100
37	80	-100	-100
17	61	-100	-100
83	21	-100	-100
76	128	-100	-100
37	25	-100	-100
17	48	-100	-100
76	110	-100	-100
37	53	-100	-100
76	83	-100	-100
37	48	-100	-100
17	139	-100	-100
83	25	-100	-100
147	25	-100	-100
39	21	-100	-100
25	48	-100	-100
37	101	-100	-100
17	80	-100	-100
83	80	-100	-100
147	82	-100	-100
39	3	-100	-100
37	23	-100	-100
17	78	-100	-100
83	9	-100	-100
147	139	-100	-100
37	74	-100	-100
17	68	-100	-100
83	68	-100	-100
37	93	-100	-100
17	82	-100	-100
37	10	-100	-100
17	147	-100	-100
83	139	-100	-100
147	21	-100	-100
39	82	-100	-100
25	53	-100	-100
21	9	-100	-100
17	37	-100	-100
83	115	-100	-100
147	53	-100	-100
39	9	-100	-100
25	3	-100	-100
17	118	-100	-100
83	78	-100	-100
147	78	-100	-100
39	36	-100	-100
17	143	-100	-100
83	105	-100	-100
147	61	-100	-100
17	83	-100	-100
83	61	-100	-100
17	39	-100	-100
83	48	-100	-100
147	9	-100	-100
39	25	-100	-100
25	21	-100	-100
21	115	-100	-100
82	3	-100	-100
53	105	-100	-100
83	100	-100	-100
147	115	-100	-100
39	68	-100	-100
25	36	-100	-100
21	3	-100	-100
82	36	-100	-100
83	69	-100	-100
147	80	-100	-100
39	48	-100	-100
25	78	-100	-100
21	48	-100	-100
83	147	-100	-100
147	105	-100	-100
39	78	-100	-100
25	61	-100	-100
83	73	-100	-100
147	68	-100	-100
39	80	-100	-100
83	145	-100	-100
147	36	-100	-100
147	141	-100	-100
39	115	-100	-100
25	9	-100	-100
21	53	-100	-100
82	61	-100	-100
147	119	-100	-100
39	61	-100	-100
25	115	-100	-100
21	36	-100	-100
147	92	-100	-100
39	53	-100	-100
25	105	-100	-100
147	84	-100	-100
39	105	-100	-100
147	149	-100	-100
39	110	-100	-100
25	80	-100	-100
21	78	-100	-100
82	139	-100	-100
53	3	-100	-100
105	3	-100	-100
39	77	-100	-100
25	139	-100	-100
21	68	-100	-100
82	80	-100	-100
53	115	-100	-100
39	33	-100	-100
25	68	-100	-100
21	61	-100	-100
82	115	-100	-100
39	40	-100	-100
25	19	-100	-100
21	139	-100	-100
39	118	-100	-100
25	43	-100	-100
39	121	-100	-100
25	82	-100	-100
21	80	-100	-100
82	78	-100	-100
53	48	-100	-100
105	78	-100	-100
68	61	-100	-100
25	28	-100	-100
21	56	-100	-100
82	48	-100	-100
53	36	-100	-100
105	139	-100	-100
25	51	-100	-100
21	136	-100	-100
82	135	-100	-100
53	9	-100	-100
25	86	-100	-100
21	149	-100	-100
82	26	-100	-100
25	119	-100	-100
21	144	-100	-100
25	63	-100	-100
21	105	-100	-100
82	53	-100	-100
53	80	-100	-100
105	80	-100	-100
68	80	-100	-100
9	80	-100	-100
36	115	-100	-100
21	13	-100	-100
82	120	-100	-100
53	78	-100	-100
105	115	-100	-100
68	3	-100	-100
9	3	-100	-100
21	81	-100	-100
82	93	-100	-100
53	61	-100	-100
105	48	-100	-100
68	48	-100	-100
21	120	-100	-100
82	60	-100	-100
53	139	-100	-100
105	61	-100	-100
21	104	-100	-100
82	38	-100	-100
53	149	-100	-100
21	112	-100	-100
82	117	-100	-100
21	82	-100	-100
82	68	-100	-100
53	68	-100	-100
105	68	-100	-100
68	36	-100	-100
9	115	-100	-100
36	139	-100	-100
82	105	-100	-100
53	119	-100	-100
105	42	-100	-100
68	115	-100	-100
9	139	-100	-100
82	1	-100	-100
53	56	-100	-100
105	145	-100	-100
68	78	-100	-100
82	20	-100	-100
53	95	-100	-100
105	106	-100	-100
82	72	-100	-100
53	135	-100	-100
82	43	-100	-100
53	59	-100	-100
105	36	-100	-100
68	139	-100	-100
9	36	-100	-100
36	3	-100	-100
139	3	-100	-100
53	102	-100	-100
105	2	-100	-100
68	30	-100	-100
9	61	-100	-100
36	78	-100	-100
53	145	-100	-100
105	27	-100	-100
68	58	-100	-100
9	78	-100	-100
53	87	-100	-100
105	119	-100	-100
68	97	-100	-100
53	46	-100	-100
105	84	-100	-100
53	89	-100	-100
105	87	-100	-100
68	9	-100	-100
9	48	-100	-100
36	48	-100	-100
139	61	-100	-100
78	3	-100	-100
105	97	-100	-100
68	87	-100	-100
9	72	-100	-100
36	80	-100	-100
139	115	-100	-100
105	104	-100	-100
68	10	-100	-100
9	55	-100	-100
36	61	-100	-100
105	5	-100	-100
68	86	-100	-100
9	30	-100	-100
105	86	-100	-100
68	56	-100	-100
105	95	-100	-100
68	89	-100	-100
9	126	-100	-100
36	107	-100	-100
139	48	-100	-100
78	61	-100	-100
61	3	-100	-100
68	43	-100	-100
9	41	-100	-100
36	144	-100	-100
139	80	-100	-100
78	48	-100	-100
68	121	-100	-100
9	18	-100	-100
36	32	-100	-100
139	64	-100	-100
68	95	-100	-100
9	28	-100	-100
36	87	-100	-100
68	35	-100	-100
9	59	-100	-100
68	136	-100	-100
9	84	-100	-100
36	2	-100	-100
139	78	-100	-100
78	80	-100	-100
61	115	-100	-100
80	3	-100	-100
48	3	-100	-100
9	13	-100	-100
36	58	-100	-100
139	98	-100	-100
78	115	-100	-100
61	90	-100	-100
80	115	-100	-100
9	125	-100	-100
36	113	-100	-100
139	93	-100	-100
78	49	-100	-100
61	73	-100	-100
9	120	-100	-100
36	66	-100	-100
139	40	-100	-100
78	127	-100	-100
9	104	-100	-100
36	119	-100	-100
139	125	-100	-100
9	128	-100	-100
36	38	-100	-100
9	56	-100	-100
36	10	-100	-100
139	95	-100	-100
78	51	-100	-100
61	48	-100	-100
80	48	-100	-100
48	115	-100	-100
36	114	-100	-100
139	30	-100	-100
78	60	-100	-100
61	120	-100	-100
80	85	-100	-100
36	35	-100	-100
139	58	-100	-100
78	109	-100	-100
61	26	-100	-100
36	103	-100	-100
139	123	-100	-100
78	43	-100	-100
36	43	-100	-100
139	110	-100	-100
36	95	-100	-100
139	20	-100	-100
78	106	-100	-100
61	80	-100	-100
80	26	-100	-100
48	84	-100	-100
115	3	-100	-100
3	22	-100	-100
139	114	-100	-100
78	100	-100	-100
61	42	-100	-100
80	40	-100	-100
48	140	-100	-100
115	75	-100	-100
139	85	-100	-100
78	149	-100	-100
61	57	-100	-100
80	90	-100	-100
48	8	-100	-100
139	144	-100	-100
78	20	-100	-100
61	22	-100	-100
80	6	-100	-100
139	145	-100	-100
78	90	-100	-100
61	99	-100	-100
139	28	-100	-100
78	54	-100	-100
78	118	-100	-100
61	59	-100	-100
80	16	-100	-100
48	57	-100	-100
115	18	-100	-100
78	95	-100	-100
61	67	-100	-100
80	143	-100	-100
48	54	-100	-100
78	56	-100	-100
61	89	-100	-100
80	52	-100	-100
78	66	-100	-100
61	87	-100	-100
78	98	-100	-100
61	148	-100	-100
80	55	-100	-100
48	55	-100	-100
115	7	-100	-100
3	52	-100	-100
3	128	-100	-100
61	136	-100	-100
80	75	-100	-100
48	20	-100	-100
115	145	-100	-100
3	94	-100	-100
61	81	-100	-100
80	141	-100	-100
48	113	-100	-100
115	40	-100	-100
61	94	-100	-100
80	86	-100	-100
48	92	-100	-100
80	100	-100	-100
48	98	-100	-100
115	4	-100	-100
3	81	-100	-100
3	65	-100	-100
3	11	-100	-100
80	10	-100	-100
48	94	-100	-100
115	29	-100	-100
3	77	-100	-100
3	108	-100	-100
80	116	-100	-100
48	114	-100	-100
115	92	-100	-100
3	92	-100	-100
48	6	-100	-100
115	23	-100	-100
3	97	-100	-100
3	107	-100	-100
48	66	-100	-100
115	20	-100	-100
3	29	-100	-100
115	81	-100	-100
3	149	-100	-100
3	44	-100	-100
3	93	-100	-100
3	138	-100	-100
