2000
5176
2
1	2	3	9
1	3	8	3
1	4	5	6
1	5	3	4
1	6	10	7
1	7	1	9
1	8	9	7
1	9	7	2
1	10	2	6
1	11	1	10
1	12	7	3
1	13	6	3
1	14	3	9
1	15	10	6
1	16	4	1
1	17	8	7
1	18	7	2
1	19	2	3
1	20	4	6
1	21	3	9
1	22	2	9
1	23	5	3
1	24	1	3
1	25	8	10
1	26	1	8
1	27	8	7
1	28	7	8
1	29	6	8
1	30	6	5
1	31	4	8
1	32	8	2
1	33	5	10
1	34	3	9
1	35	4	5
1	36	9	1
1	37	3	8
1	38	3	7
1	39	3	7
1	40	5	7
1	41	5	6
1	42	10	5
1	43	4	6
1	44	5	10
1	45	3	2
1	46	5	4
1	47	2	9
1	48	7	6
1	49	7	5
1	50	9	8
1	51	10	1
1	52	7	10
1	53	2	10
1	54	7	4
1	55	6	7
1	56	10	3
1	57	10	5
1	58	1	6
1	59	2	7
1	60	6	4
1	61	1	2
1	62	5	1
1	63	2	3
1	64	3	2
1	65	8	4
1	66	9	2
1	67	6	5
1	68	10	7
1	69	7	1
1	70	5	9
1	71	9	6
1	72	2	4
2	73	9	7
2	74	10	8
2	75	4	7
2	76	4	1
2	77	1	7
2	78	7	5
2	79	4	6
3	80	2	8
3	81	7	5
3	82	2	7
3	83	6	1
3	84	2	6
3	85	5	9
3	86	9	1
3	87	6	7
3	88	7	1
3	89	5	9
3	90	7	2
3	91	7	1
3	92	9	10
3	93	5	8
3	94	7	10
3	95	9	5
3	96	6	5
3	97	7	3
3	98	10	4
3	99	7	4
3	100	9	4
3	101	8	10
3	102	7	4
3	103	2	9
3	104	4	5
3	105	5	7
3	106	9	5
3	107	2	9
3	108	5	4
3	109	2	8
3	110	1	3
3	111	10	8
3	112	5	6
3	113	10	8
3	114	5	3
3	115	8	7
3	116	6	4
3	117	9	6
3	118	6	5
3	119	8	6
3	120	8	5
3	121	4	10
3	122	4	9
3	123	3	4
3	124	2	8
3	125	2	8
3	126	10	4
3	127	9	7
3	128	6	9
3	129	4	9
3	130	4	5
3	131	10	4
3	132	7	5
3	133	4	9
3	134	2	7
3	135	2	10
3	136	4	2
3	137	4	2
3	138	3	7
3	139	9	5
3	140	4	8
3	141	7	5
3	142	5	7
3	143	1	7
3	144	3	2
3	145	8	1
3	146	2	6
3	147	9	8
3	148	2	10
3	149	10	2
3	150	9	6
3	151	6	1
3	152	9	10
3	153	8	2
3	154	3	1
3	155	3	5
3	156	7	3
3	157	6	4
3	158	3	1
3	159	1	10
3	160	7	5
3	161	5	9
3	162	2	10
3	163	7	2
3	164	8	2
3	165	5	8
3	166	10	6
3	167	6	3
3	168	4	1
3	169	6	8
4	170	5	8
4	171	2	10
4	172	7	2
4	173	2	9
4	174	4	2
4	175	3	4
4	176	2	7
4	177	1	9
4	178	10	2
4	179	8	4
4	180	3	5
4	181	9	1
4	182	6	4
4	183	10	7
4	184	7	3
4	185	4	6
4	186	4	3
4	187	8	3
4	188	6	10
4	189	5	8
4	190	8	7
4	191	2	5
4	192	10	8
4	193	2	3
4	194	2	4
4	195	1	9
4	196	10	2
4	197	8	9
4	198	5	6
4	199	3	10
4	200	7	3
4	201	2	6
4	202	7	9
4	203	7	3
4	204	7	2
4	205	7	9
5	206	4	2
5	207	4	7
5	208	7	1
5	209	7	2
5	210	2	9
5	211	10	3
5	212	4	9
5	213	10	6
5	214	6	9
5	215	9	10
5	216	1	5
5	217	5	6
5	218	3	1
5	219	9	1
5	220	2	9
5	221	4	5
5	222	1	6
5	223	6	3
5	224	5	8
5	225	10	6
5	226	10	1
5	227	3	8
5	228	9	1
5	229	2	9
5	230	5	1
5	231	9	4
5	232	6	9
5	233	5	9
5	234	4	6
5	235	3	2
5	236	1	7
5	237	3	9
5	238	5	10
5	239	6	8
5	240	5	3
5	241	2	10
5	242	7	8
5	243	2	7
5	244	7	3
5	245	9	8
5	246	7	3
5	33	1	7
5	247	8	7
5	248	4	7
5	249	6	9
5	250	2	10
5	251	6	8
5	252	4	6
5	253	4	5
5	254	8	7
5	255	8	3
5	256	4	5
5	257	4	7
5	258	4	10
5	259	3	1
5	260	3	4
5	261	4	2
5	262	4	1
5	263	4	6
5	264	7	4
5	265	5	3
5	266	4	10
5	267	1	2
5	268	7	8
5	269	8	5
5	270	3	4
5	271	1	3
5	272	5	9
5	273	1	6
5	274	2	7
5	275	5	6
5	276	5	3
5	277	6	7
5	278	5	10
5	279	5	6
5	280	6	9
5	281	2	10
5	282	10	1
5	283	3	9
5	284	3	8
5	285	3	2
5	286	6	10
5	287	1	3
6	288	5	10
6	289	10	7
6	290	5	6
6	291	3	4
6	292	6	5
6	293	5	7
6	294	3	1
6	295	8	10
6	296	4	6
6	297	6	7
6	298	4	6
6	299	2	3
6	300	3	9
6	301	4	1
6	302	4	2
6	303	7	6
6	304	1	3
6	305	3	7
6	306	6	9
6	307	5	2
6	308	9	3
6	309	6	8
6	310	2	6
6	311	9	5
6	312	7	1
6	313	2	7
6	314	5	2
6	315	3	6
6	316	2	7
6	317	6	4
6	318	3	7
6	319	5	10
6	320	3	2
6	321	10	8
6	322	7	10
6	323	2	1
6	324	3	4
6	325	3	10
6	326	9	2
6	327	8	5
6	328	1	8
6	329	9	10
6	330	3	8
6	8	7	8
6	331	7	1
6	332	9	2
6	333	1	4
6	334	5	8
6	335	10	4
6	336	1	5
6	337	1	5
6	10	6	3
6	338	9	4
6	339	6	8
6	340	9	6
6	341	9	5
6	342	10	5
6	343	2	10
6	344	6	10
6	345	6	9
6	346	8	9
6	347	4	2
6	348	8	9
6	349	7	1
6	350	7	8
6	351	5	1
6	14	9	10
6	352	9	4
6	353	4	10
6	354	6	10
6	355	5	6
6	356	3	2
6	357	2	4
6	358	8	6
6	179	3	7
6	359	2	10
6	360	4	6
6	361	8	5
6	362	8	3
6	363	5	6
6	364	6	5
6	239	3	9
6	365	1	5
6	366	3	6
6	367	10	8
6	368	5	10
6	369	6	10
6	22	7	2
6	370	2	6
6	371	10	5
6	372	3	7
6	373	7	5
6	374	8	4
6	375	2	3
6	376	8	7
6	377	2	3
6	378	7	6
6	379	5	6
6	380	7	2
6	381	7	1
6	382	6	3
6	383	6	2
6	384	7	9
6	242	6	1
6	385	6	9
6	386	1	7
6	387	2	10
6	388	5	6
6	389	4	5
6	390	5	4
6	391	6	1
6	33	9	2
6	392	4	6
6	393	6	2
6	394	9	3
6	395	3	6
6	396	2	8
6	397	6	10
6	398	10	5
6	399	9	3
6	400	10	1
6	401	10	2
6	402	4	10
6	403	1	7
6	404	6	7
6	405	1	4
6	406	1	4
6	407	9	2
6	408	4	6
6	42	10	9
6	409	3	4
6	410	3	9
6	411	5	1
6	412	1	8
6	413	2	8
6	414	5	6
6	415	1	4
6	416	3	8
6	43	2	6
6	417	3	8
6	418	3	10
6	419	1	5
6	420	2	7
6	421	10	8
6	422	2	1
6	423	8	4
6	424	5	1
6	425	6	4
6	426	8	2
6	427	3	1
6	428	8	3
6	429	6	2
6	430	6	1
6	431	10	6
6	432	9	4
6	433	5	1
6	434	6	1
6	435	9	6
6	436	9	10
6	437	8	9
6	438	4	3
6	439	7	5
6	440	4	9
6	441	5	6
6	442	8	5
6	443	10	6
6	444	8	5
6	445	4	7
6	446	7	6
6	447	2	6
6	448	3	8
6	449	2	9
6	450	7	6
6	451	9	6
7	452	5	7
7	453	3	7
7	454	8	6
7	455	10	9
7	456	8	4
7	457	6	9
7	458	5	7
7	459	1	7
7	460	4	3
7	461	1	6
7	462	3	9
7	463	4	8
7	464	10	6
7	33	10	3
7	465	5	3
7	466	9	4
7	467	5	3
7	56	6	7
7	468	9	3
7	469	3	2
7	470	5	3
7	471	1	9
8	472	7	5
8	473	5	10
8	474	8	5
8	475	8	10
8	476	4	7
8	477	8	6
8	478	2	9
8	479	2	1
8	480	4	9
8	481	5	4
8	482	6	1
8	483	4	7
8	484	10	8
8	485	10	2
8	486	4	5
8	487	3	9
8	488	10	3
8	489	9	4
8	490	3	8
8	491	5	6
8	492	10	6
8	493	3	4
8	494	5	4
8	221	5	1
8	495	7	2
8	496	6	1
8	497	9	1
8	498	4	7
8	499	4	2
8	500	3	6
8	501	7	1
8	502	9	5
8	503	4	7
8	504	8	4
8	505	10	7
8	506	8	2
8	507	8	4
8	508	10	5
8	509	9	6
8	510	1	10
8	511	5	10
8	512	3	1
8	13	10	6
8	513	1	7
8	514	9	2
8	515	4	1
8	516	4	5
8	517	10	3
8	518	6	4
8	356	2	7
8	519	2	5
8	520	9	4
8	521	6	9
8	522	10	9
8	523	9	8
8	524	5	1
8	525	10	9
8	526	1	9
8	527	6	4
8	528	2	3
8	529	5	1
8	530	4	9
8	531	2	5
8	532	4	9
8	533	10	8
8	534	4	8
8	535	7	9
8	536	4	5
8	373	10	4
8	537	2	8
8	538	2	3
8	539	5	8
8	540	8	5
8	541	2	3
8	542	10	2
8	543	3	2
8	544	6	5
8	545	2	7
8	546	2	4
8	244	10	6
8	547	4	1
8	548	1	5
8	549	6	5
8	550	7	9
8	551	10	1
8	552	9	3
8	553	10	8
8	554	8	1
8	555	9	1
8	556	2	4
8	557	4	8
8	558	1	8
8	559	8	6
8	560	7	10
8	400	9	6
8	561	1	9
8	562	6	4
8	563	6	10
8	564	2	3
8	565	8	1
8	566	10	3
8	567	9	6
8	568	2	3
8	569	3	9
8	570	1	2
8	571	9	3
8	572	1	4
8	573	8	6
8	574	10	8
8	575	10	7
8	255	3	6
8	576	3	7
8	577	4	6
8	578	3	6
8	579	8	7
8	580	10	1
8	581	1	9
8	582	1	5
8	583	3	1
8	584	6	8
8	585	6	10
8	586	10	9
8	587	7	2
8	588	8	7
8	423	7	2
8	589	8	6
8	590	2	3
8	591	1	10
8	592	2	8
8	593	4	7
8	594	8	6
8	595	6	5
8	596	4	8
8	597	7	5
8	598	8	1
8	599	5	4
8	600	3	10
8	601	5	6
8	602	1	5
8	603	1	4
8	604	6	10
8	605	7	9
8	606	8	7
8	607	6	8
8	608	8	9
8	609	2	3
8	610	4	7
8	611	3	7
8	55	7	9
8	612	10	4
8	613	8	2
8	614	3	6
8	615	7	2
8	616	4	9
8	617	2	4
8	618	8	2
8	60	8	3
8	619	9	10
8	620	10	5
8	621	5	2
8	622	8	3
8	623	1	8
8	624	8	2
8	625	5	6
8	626	1	9
8	627	4	9
8	628	8	9
8	629	1	6
8	69	4	1
8	630	4	3
8	631	7	5
9	632	2	10
9	633	5	4
9	634	1	3
9	635	5	4
9	636	2	5
9	637	6	2
9	638	4	6
9	639	7	10
9	640	7	4
9	641	9	8
9	642	3	1
9	643	10	6
9	644	3	4
9	645	10	9
9	646	8	5
9	647	5	2
9	648	6	9
9	649	5	6
9	650	5	7
9	651	1	2
9	652	1	5
9	653	1	5
9	654	4	1
9	655	7	6
9	656	5	4
9	657	8	6
9	658	9	1
9	659	2	8
9	660	8	5
9	661	2	1
9	662	10	4
9	663	7	3
9	664	7	1
9	665	6	10
9	666	1	3
9	667	7	1
9	668	7	8
9	669	4	3
9	670	6	2
9	671	8	1
9	672	1	10
9	673	5	4
9	674	3	5
9	675	9	6
9	676	10	1
9	677	7	3
9	678	2	10
9	679	10	9
9	680	1	2
9	681	7	2
9	682	4	9
9	683	10	5
9	684	2	6
9	685	7	1
9	686	5	6
9	172	7	8
9	687	4	7
9	688	3	9
9	689	4	6
9	690	1	7
9	691	8	7
9	692	9	2
9	693	3	1
9	694	5	3
9	695	8	9
9	696	5	10
9	697	9	4
9	698	10	4
9	699	8	5
9	700	10	1
9	701	3	10
9	702	10	4
9	703	1	5
9	704	7	1
9	705	8	10
9	706	7	1
9	707	7	4
9	708	1	10
9	709	5	8
9	710	9	6
9	711	8	9
9	712	5	2
9	713	8	3
9	714	10	6
9	715	8	5
9	716	3	9
9	717	5	4
9	718	3	8
9	719	1	5
9	720	10	4
9	721	10	7
9	722	10	5
9	723	8	3
9	724	6	4
9	725	6	9
9	726	8	4
9	727	7	9
9	728	4	7
9	495	2	5
9	729	8	10
9	730	7	6
9	731	8	4
9	732	5	6
9	733	8	2
9	734	2	7
9	735	7	5
9	736	9	10
9	737	4	3
9	738	7	8
9	739	10	7
9	740	4	1
9	741	5	8
9	742	2	9
9	743	5	7
9	744	7	2
9	745	9	6
9	746	2	1
9	747	8	2
9	748	10	7
9	749	9	6
9	750	3	9
9	751	7	2
9	752	7	10
9	753	7	5
9	754	1	6
9	755	8	10
9	756	8	2
9	757	4	3
9	758	5	6
9	759	5	3
9	502	6	10
9	760	8	4
9	761	4	8
9	762	7	3
9	763	4	8
9	764	6	5
9	765	2	6
9	766	8	1
9	767	1	3
9	768	4	9
9	769	8	4
9	770	9	7
9	771	5	9
9	772	9	4
9	773	6	10
9	774	5	2
9	775	10	2
9	776	9	4
9	777	3	2
9	778	7	2
9	779	7	2
9	780	3	9
9	336	6	5
9	781	9	7
9	782	1	9
9	783	5	9
9	784	3	10
9	785	9	2
9	786	9	5
9	787	10	6
9	788	8	1
9	789	5	2
9	790	6	3
9	791	9	6
9	792	2	1
9	793	8	4
9	794	9	8
9	795	1	8
9	796	10	5
9	797	6	2
9	798	3	2
9	799	10	4
9	800	10	6
9	801	7	3
9	802	10	5
9	803	10	5
9	804	6	3
9	805	5	1
9	806	4	5
9	807	4	2
9	808	8	2
9	809	6	8
9	810	6	7
9	811	4	9
9	812	4	10
9	813	6	2
9	814	4	10
9	815	2	4
9	816	1	9
9	817	1	8
9	818	8	7
9	819	1	10
9	820	7	3
9	821	3	8
9	822	10	9
9	823	7	5
9	233	6	4
9	824	7	2
9	825	4	1
9	517	10	8
9	826	8	3
9	827	4	8
9	828	5	8
9	829	5	4
9	830	10	5
9	831	4	5
9	832	6	1
9	833	2	1
9	834	3	4
9	835	8	10
9	836	10	2
9	837	1	3
9	838	10	9
9	839	9	2
9	840	7	1
9	841	8	10
9	842	3	1
9	843	3	4
9	844	5	9
9	845	2	8
9	846	8	9
9	847	10	1
9	848	6	1
9	849	10	5
9	850	7	3
9	851	7	3
9	852	2	5
9	853	2	8
9	854	10	2
9	855	9	1
9	856	6	3
9	857	10	5
9	858	8	5
9	859	7	5
9	860	1	5
9	861	10	8
9	862	10	1
9	863	6	7
9	864	2	5
9	239	2	3
9	865	7	9
9	866	3	4
9	867	7	4
9	868	3	6
9	869	3	10
9	870	2	6
9	871	5	8
9	872	6	10
9	873	10	9
9	874	7	4
9	875	1	10
9	876	7	8
9	877	6	8
9	878	4	6
9	879	3	10
9	880	7	6
9	881	2	3
9	882	1	8
9	883	2	7
9	884	9	5
9	885	10	6
9	886	7	3
9	887	3	4
9	888	1	7
9	889	1	2
9	890	7	8
9	891	3	10
9	892	4	7
9	893	5	8
9	894	5	10
9	895	10	6
9	896	10	1
9	897	2	7
9	898	3	6
9	899	3	10
9	900	2	5
9	901	7	8
9	902	5	8
9	903	10	7
9	904	1	4
9	905	2	7
9	906	10	8
9	907	7	2
9	908	3	1
9	909	8	7
9	910	7	2
9	911	10	8
9	912	1	10
9	242	5	1
9	913	7	2
9	914	3	7
9	915	10	9
9	916	1	8
9	917	8	4
9	918	2	8
9	919	3	2
9	920	7	2
9	921	3	6
9	922	5	9
9	923	4	7
9	924	5	10
9	925	6	1
9	926	1	4
9	927	7	10
9	928	7	5
9	929	6	8
9	930	2	9
9	931	3	7
9	932	6	1
9	933	3	10
9	934	8	10
9	33	3	4
9	935	7	9
9	936	3	1
9	937	4	7
9	938	4	7
9	939	1	3
9	940	3	5
9	941	10	2
9	942	8	10
9	943	6	1
9	944	3	4
9	945	3	9
9	946	3	10
9	947	2	8
9	948	3	5
9	949	3	4
9	950	4	8
9	951	9	1
9	952	6	2
9	953	10	3
9	954	2	10
9	955	3	6
9	956	10	1
9	957	1	5
9	958	9	3
9	959	9	2
9	960	5	3
9	961	5	4
9	962	4	3
9	963	3	1
9	964	2	6
9	965	7	4
9	966	4	6
9	967	5	4
9	968	4	3
9	969	7	9
9	970	1	7
9	971	1	10
9	972	3	6
9	973	3	8
9	974	1	6
9	975	3	7
9	976	7	2
9	977	6	1
9	978	4	6
9	979	9	1
9	980	10	1
9	981	9	4
9	982	8	9
9	983	6	5
9	984	5	9
9	255	1	4
9	985	8	3
9	986	6	8
9	987	8	5
9	988	6	4
9	989	4	1
9	990	6	7
9	991	1	7
9	992	5	7
9	993	9	6
9	994	5	10
9	995	2	8
9	996	9	6
9	997	1	8
9	998	9	2
9	999	10	4
9	1000	6	2
9	1001	3	4
9	1002	9	1
9	1003	1	10
9	1004	9	7
9	1005	7	4
9	1006	1	10
9	1007	2	6
9	1008	9	6
9	1009	8	4
9	1010	9	10
9	1011	1	4
9	1012	5	7
9	1013	8	1
9	1014	2	1
9	1015	9	3
9	1016	3	5
9	1017	10	3
9	1018	9	4
9	1019	7	6
9	1020	10	5
9	1021	7	8
9	1022	9	10
9	1023	2	3
9	1024	8	7
9	1025	3	2
9	1026	9	10
9	1027	5	10
9	1028	8	4
9	1029	3	7
9	1030	3	7
9	1031	5	10
9	51	10	4
9	1032	6	9
9	1033	5	9
9	1034	1	8
9	1035	1	5
9	1036	2	3
9	1037	1	9
9	1038	4	1
9	1039	4	9
9	1040	1	10
9	1041	7	5
9	1042	9	8
9	1043	10	4
9	1044	9	8
9	1045	5	2
9	1046	5	8
9	1047	2	8
9	1048	9	7
9	1049	2	6
9	1050	1	5
9	1051	1	2
9	1052	8	9
9	1053	8	3
10	1054	1	4
10	1055	3	2
10	1056	4	9
10	1057	4	3
10	1058	7	8
10	1059	9	8
10	1060	9	10
10	295	2	8
10	1061	1	6
10	1062	2	1
10	1063	4	8
10	1064	1	5
10	1065	2	9
10	1066	5	9
10	1067	1	6
10	1068	3	7
10	1069	2	3
10	1070	2	8
10	1071	2	10
10	1072	6	1
10	1073	7	3
10	1074	2	1
10	1075	10	2
10	299	8	1
10	1076	3	9
10	1077	5	7
10	1078	3	8
10	1079	8	7
10	1080	7	5
10	1081	3	6
10	1082	10	1
10	1083	9	7
10	1084	2	3
10	1085	8	10
10	1086	3	2
10	1087	6	8
10	1088	7	10
10	1089	6	2
10	1090	7	6
10	1091	10	5
10	1092	2	1
10	1093	6	5
10	1094	6	5
10	1095	10	6
10	1096	2	4
10	1097	9	6
10	1098	6	4
10	1099	3	4
10	1100	1	6
10	1101	7	10
10	1102	7	6
10	1103	6	2
10	1104	5	9
10	1105	9	2
10	1106	4	9
10	1107	1	5
10	1108	10	4
10	1109	1	2
10	1110	10	8
10	1111	5	10
10	1112	4	5
10	1113	5	9
10	1114	3	4
10	1115	3	10
10	1116	8	5
10	1117	9	6
10	1118	10	6
10	1119	1	5
10	1120	5	10
10	1121	7	5
10	1122	8	1
10	1123	2	7
10	1124	8	6
10	1125	7	3
10	321	3	2
10	222	9	4
10	1126	5	6
10	1127	4	3
10	1128	2	3
10	1129	6	2
10	1130	9	5
10	1131	5	7
10	1132	6	10
10	1133	9	8
10	1134	4	10
10	1135	1	3
10	120	1	5
10	1136	2	4
10	1137	2	1
10	1138	10	2
10	1139	1	4
10	1140	1	2
10	1141	2	4
10	1142	8	6
10	1143	1	8
10	1144	6	2
10	1145	7	6
10	1146	10	2
10	1147	1	2
10	1148	9	1
10	1149	6	1
10	1150	1	10
10	1151	3	10
10	1152	6	8
10	1153	6	9
10	1154	10	8
10	1155	4	1
10	1156	9	2
10	1157	1	9
10	1158	9	4
10	1159	2	1
10	1160	9	1
10	1161	7	3
10	1162	6	7
10	1163	4	8
10	1164	9	8
10	1165	7	10
10	1166	7	5
10	1167	6	3
10	1168	5	8
10	1169	6	1
10	1170	5	9
10	1171	2	9
10	1172	2	4
10	1173	9	3
10	1174	8	9
10	1175	8	9
10	1176	9	5
10	1177	1	8
10	1178	9	2
10	1179	9	8
10	1180	8	9
10	1181	3	10
10	350	4	10
10	1182	4	6
10	1183	3	1
10	351	7	4
10	1184	4	8
10	1185	5	1
10	1186	3	5
10	1187	10	2
10	1188	6	3
10	1189	10	9
10	1190	8	1
10	1191	8	10
10	1192	4	10
10	1193	1	9
10	1194	9	8
10	1195	6	8
10	1196	6	10
10	1197	2	5
10	1198	4	9
10	1199	3	7
10	1200	6	4
10	1201	7	9
10	1202	2	8
10	16	3	5
10	1203	8	3
10	1204	5	1
10	1205	4	5
10	1206	3	7
10	1207	2	6
10	238	6	10
10	1208	6	2
10	1209	6	9
10	1210	5	4
10	1211	6	8
10	1212	2	1
10	1213	9	1
10	1214	8	7
10	1215	7	4
10	1216	9	1
10	367	4	10
10	1217	8	3
10	1218	6	3
10	23	8	4
10	1219	8	4
10	1220	9	4
10	1221	5	2
10	1222	1	6
10	1223	4	3
10	1224	10	2
10	1225	4	7
10	1226	5	3
10	1227	3	10
10	1228	2	10
10	1229	7	5
10	1230	2	8
10	1231	4	8
10	1232	9	6
10	1233	5	9
10	1234	10	6
10	1235	3	6
10	1236	3	7
10	28	1	4
10	1237	4	7
10	1238	1	2
10	1239	3	10
10	1240	8	2
10	1241	1	10
10	1242	4	10
10	1243	1	2
10	1244	8	3
10	1245	5	4
10	1246	10	3
10	1247	8	3
10	1248	1	7
10	1249	10	7
10	1250	5	9
10	1251	1	8
10	1252	3	6
10	1253	2	8
10	1254	7	9
10	248	7	6
10	1255	9	8
10	1256	5	10
10	1257	5	6
10	1258	7	3
10	1259	10	9
10	1260	9	3
10	1261	9	2
10	1262	7	5
10	1263	6	7
10	1264	7	6
10	1265	1	7
10	1266	1	9
10	1267	2	8
10	1268	8	2
10	1269	9	10
10	1270	10	1
10	1271	7	1
10	39	8	9
10	1272	3	7
10	1273	5	10
10	1274	5	9
10	1275	3	7
10	1276	5	6
10	1277	6	9
10	1278	4	6
10	1279	10	7
10	1280	1	8
10	1281	7	6
10	1282	2	10
10	1283	4	1
10	1284	8	6
10	1285	4	7
10	1286	10	6
10	1287	10	6
10	1288	7	2
10	1289	8	10
10	1290	4	1
10	1291	2	5
10	1292	4	9
10	1293	8	9
10	44	6	9
10	1294	6	8
10	1295	2	5
10	417	2	7
10	1296	7	2
10	1297	2	6
10	1298	6	5
10	1299	10	9
10	1300	10	8
10	1301	3	8
10	1302	7	4
10	1303	9	1
10	1304	5	1
10	1305	6	5
10	1306	9	1
10	1307	6	1
10	1308	4	8
10	427	1	7
10	1309	3	6
10	1310	9	10
10	1311	10	6
10	1312	8	9
10	1313	5	3
10	1314	7	2
10	1315	2	4
10	1316	8	4
10	1317	2	4
10	1318	2	8
10	1319	2	4
10	1320	3	8
10	1321	8	4
10	1322	9	5
10	1323	5	2
10	1324	3	2
10	1325	1	3
10	1326	6	4
10	1327	6	5
10	1328	4	9
10	1329	2	7
10	1330	4	7
10	1331	7	4
10	1332	5	10
10	1333	5	6
10	1334	6	5
10	444	6	9
10	1335	10	3
10	1336	6	9
10	1337	10	2
10	1338	1	8
10	1339	2	1
10	1340	5	4
10	1341	4	1
10	1342	5	9
10	69	9	1
11	1343	3	9
11	1344	9	8
11	1345	3	1
11	1346	1	3
11	1347	5	7
11	1348	3	10
11	1349	9	7
11	1350	3	1
11	1351	2	10
11	1352	7	2
11	1353	7	4
11	1354	8	7
11	1355	6	3
11	1356	4	6
11	1357	6	5
11	1358	7	9
11	1359	6	7
11	1360	3	1
11	1361	4	7
11	1362	10	7
11	1363	10	9
11	1364	4	9
11	1365	10	8
11	1366	8	3
11	1367	9	10
11	1368	5	4
11	1369	3	5
11	1370	9	7
11	1371	4	6
11	1372	7	10
11	1373	4	8
11	1374	6	1
11	1375	10	6
11	1376	9	8
11	1377	9	10
11	1378	2	5
11	1379	9	6
11	1380	3	6
11	18	9	6
11	1381	8	2
11	1382	9	7
11	1383	7	3
11	1384	7	6
11	1385	8	6
11	1386	4	8
11	1387	1	8
11	1388	2	8
11	1389	3	10
11	1390	8	6
11	1391	5	8
11	894	1	2
11	1392	2	3
11	1393	8	9
11	1394	4	5
11	1395	9	3
11	1396	10	1
11	1397	7	2
11	1398	1	9
11	1399	8	7
11	1400	1	9
11	1401	8	10
11	1402	3	1
11	1403	4	2
11	1404	4	2
11	1405	8	2
11	1406	2	1
11	1407	4	7
11	1408	3	4
11	1409	1	4
11	1410	5	1
11	1411	2	5
11	1412	9	2
11	1413	3	2
11	1414	10	3
11	1415	9	4
11	1416	10	6
11	1417	6	7
11	1418	9	10
11	1419	8	2
11	1420	6	7
11	1421	6	8
11	1422	4	8
11	1423	4	7
11	1424	2	9
11	1425	5	3
11	1426	6	9
11	1427	1	9
11	1428	7	6
11	1429	9	8
11	192	1	5
11	46	10	9
11	1430	3	4
11	1431	7	10
11	1432	4	3
11	1433	6	7
11	1434	5	6
11	1435	1	9
11	1436	2	4
11	1437	7	5
11	1438	8	9
11	1439	4	7
11	54	7	3
11	1440	10	8
11	1441	6	9
11	1442	10	7
11	1443	1	3
11	1444	5	10
11	1445	4	7
11	1446	3	10
11	1447	2	3
11	1448	1	4
11	1449	1	5
11	1450	1	5
11	1451	1	7
11	1452	10	3
11	1453	1	2
11	1454	6	1
11	1455	9	6
11	1456	7	9
11	70	4	6
11	1457	3	9
11	1458	8	4
11	1459	8	2
11	1460	7	4
11	1461	6	10
12	1462	9	5
12	1463	10	6
12	1464	9	6
12	172	6	9
12	1465	5	8
12	1466	6	4
12	1091	1	7
12	1467	5	8
12	703	9	8
12	493	10	3
12	1468	3	8
12	1469	7	9
12	1470	10	8
12	1471	5	9
12	1472	5	10
12	735	5	10
12	1357	2	4
12	1473	8	1
12	1474	1	6
12	1475	5	8
12	1476	3	9
12	508	4	7
12	1182	2	7
12	1477	6	2
12	516	1	5
12	1478	9	4
12	1479	9	7
12	1480	7	4
12	1481	1	5
12	1482	3	8
12	1483	3	7
12	1484	8	3
12	1485	3	2
12	1486	1	4
12	25	9	8
12	1487	6	7
12	1488	5	1
12	1489	4	9
12	1490	4	6
12	1491	4	9
12	1492	1	4
12	545	2	4
12	1493	3	9
12	1494	3	8
12	1495	3	2
12	1496	7	8
12	1497	8	3
12	1498	4	8
12	1499	1	7
12	1500	2	6
12	1501	3	5
12	1502	2	8
12	1503	9	8
12	562	8	1
12	1504	2	3
12	1505	4	2
12	1506	9	5
12	1507	10	4
12	1508	7	9
12	1509	9	1
12	1510	5	10
12	1511	4	1
12	1512	9	1
12	1513	3	1
12	1514	3	1
12	1515	9	8
12	1516	5	1
12	1517	5	1
12	1518	9	8
12	583	4	8
12	1519	9	2
12	1520	9	1
12	1521	4	8
12	1522	3	2
12	1523	9	7
12	1524	8	9
12	1525	8	7
12	49	10	9
12	1526	5	1
12	1527	7	9
12	599	2	1
12	1528	10	2
12	1529	1	6
12	1530	1	6
12	608	4	8
12	1531	6	5
12	1532	2	10
12	1533	9	2
12	1534	6	4
12	1535	9	3
12	1536	10	7
12	1537	1	9
12	1538	3	5
12	60	3	8
12	1539	10	3
12	1445	8	2
12	1540	1	10
12	1541	3	5
12	1542	2	3
12	1543	8	7
12	1544	9	1
12	1545	4	3
12	1546	5	1
12	1547	7	3
12	1548	2	6
12	1549	10	9
12	1550	7	10
12	1551	3	10
12	1552	5	4
12	1553	6	8
12	1554	8	7
12	1555	7	4
12	1556	3	7
12	1557	4	1
12	1558	2	4
12	1559	7	2
12	1560	6	10
12	1561	10	6
12	1562	8	9
12	1563	4	9
12	1564	7	9
12	1565	10	4
12	1566	2	9
12	1567	3	2
12	1568	10	2
12	1342	5	2
12	1569	9	4
12	1570	5	7
12	1571	3	7
12	1572	5	3
12	1573	10	5
12	1574	10	7
12	1575	8	6
12	1576	3	1
13	207	4	10
13	1577	5	9
13	1578	2	7
13	1579	4	8
13	1580	7	4
13	1581	2	4
13	1582	10	4
13	743	8	2
13	1357	6	2
13	1583	8	7
13	1584	4	10
13	1585	2	8
13	1586	5	9
13	1587	4	7
13	1588	8	1
13	179	9	8
13	1589	2	7
13	1590	4	8
13	1591	7	3
13	1592	9	8
13	1593	8	3
13	1594	6	10
13	1595	4	5
13	1596	1	4
13	1597	6	7
13	1598	4	8
13	1599	7	3
13	33	9	2
13	1600	6	4
13	401	4	7
13	42	1	5
13	1601	9	5
13	1602	2	10
13	192	8	7
13	1603	2	1
13	1604	7	3
13	1438	2	6
13	1605	3	4
13	1606	9	5
13	1607	3	5
13	1608	7	1
13	1609	8	1
13	1610	9	4
13	1611	3	8
13	1612	10	5
13	1613	2	10
14	1614	2	1
14	1615	4	5
14	1616	7	2
14	1617	3	4
14	1618	8	3
14	1619	4	3
14	1620	2	1
14	1621	8	2
14	1622	9	8
14	1623	8	7
14	1624	7	3
14	1625	7	1
14	1626	7	6
14	1627	10	7
14	1628	1	8
14	1629	4	6
14	1630	9	1
14	1631	9	7
14	1632	2	5
14	1633	7	9
14	1634	10	4
14	1635	10	9
14	1636	8	5
14	1637	1	2
14	1357	1	2
14	1638	8	4
14	1639	4	5
14	1640	3	6
14	1641	3	10
14	1642	1	4
14	1643	3	1
14	1644	7	1
14	1645	9	8
14	1646	6	9
14	1647	9	8
14	1648	5	10
14	1649	6	5
14	1650	8	10
14	1651	7	1
14	1652	1	4
14	1653	7	3
14	1654	1	8
14	1655	4	2
14	1656	7	5
14	1657	8	6
14	1658	3	9
14	1659	4	1
14	1660	5	9
14	1661	8	7
14	1662	10	6
14	1663	8	6
14	1664	5	6
14	1665	6	4
14	1666	4	9
14	16	4	9
14	1667	7	4
14	1668	1	3
14	179	6	10
14	1669	9	6
14	1670	6	10
14	1671	4	6
14	1672	1	9
14	1673	6	10
14	868	7	5
14	1674	7	6
14	1675	7	3
14	1676	5	9
14	20	8	6
14	1677	9	3
14	1678	8	10
14	1679	1	7
14	1680	9	4
14	1681	5	2
14	1682	9	3
14	1683	10	9
14	1684	8	4
14	1685	1	4
14	1686	4	9
14	1687	10	1
14	1688	8	5
14	895	6	3
14	1689	2	6
14	1690	4	10
14	1691	4	1
14	1692	5	4
14	1693	8	5
14	1694	9	5
14	1695	9	5
14	1696	10	5
14	1697	1	10
14	1698	4	2
14	1699	3	2
14	1700	4	6
14	1701	9	1
14	1702	1	4
14	1703	3	1
14	26	8	10
14	1704	1	4
14	1705	1	6
14	1706	9	6
14	1707	10	9
14	1708	9	5
14	1709	8	4
14	1710	1	10
14	1711	8	3
14	1712	5	9
14	1713	4	7
14	1714	9	1
14	1715	3	2
14	1716	6	7
14	1717	8	9
14	1718	1	9
14	1719	6	5
14	1720	7	4
14	1721	10	7
14	1722	7	4
14	1723	1	6
14	1724	9	6
14	1725	2	8
14	1726	5	10
14	1727	5	1
14	1728	1	5
14	1729	9	1
14	1730	5	2
14	1731	9	8
14	1732	10	2
14	1733	6	9
14	1734	1	3
14	1735	3	6
14	1736	2	5
14	1737	1	2
14	1738	3	7
14	1739	4	3
14	1740	6	3
14	1741	3	8
14	1742	1	6
14	1743	2	4
14	1744	1	8
14	1745	2	1
14	1746	2	8
14	1747	7	3
14	1748	7	2
14	1749	8	4
14	1750	7	10
14	1751	10	4
14	1752	2	9
14	1753	4	2
14	1754	2	8
14	1755	3	5
14	1756	4	2
14	1757	9	3
14	1758	10	6
14	1759	8	6
14	1760	3	5
14	1761	4	8
14	1762	1	3
14	1763	3	8
14	1764	3	6
14	1765	7	10
14	1766	7	6
14	1767	3	8
14	1768	7	3
14	1769	10	4
14	1770	5	4
14	1771	4	10
14	1772	8	10
14	1773	6	10
14	1774	7	9
14	1775	7	6
14	1776	1	10
14	1777	1	3
14	1778	3	10
14	1779	8	5
14	1780	9	1
14	1781	8	1
14	1782	2	10
14	1783	1	9
14	1784	5	3
14	1785	10	2
14	1786	7	8
14	1787	9	6
14	1788	10	6
14	1789	5	10
14	1790	1	4
14	1791	6	2
14	1792	5	10
14	1793	6	5
14	1794	4	9
14	1795	6	8
14	1796	6	9
14	1797	8	3
14	1798	6	2
14	1799	6	10
14	1800	7	3
14	1801	3	2
14	1802	5	9
14	1803	5	3
14	1804	4	2
14	1805	9	1
14	1806	3	4
14	1807	5	2
14	1808	9	5
14	1809	10	2
14	1810	4	10
14	1811	10	1
14	1812	4	8
14	1813	4	1
14	1814	1	2
14	69	8	1
14	1815	7	3
14	1816	9	6
15	1817	5	2
15	1578	6	7
15	1818	1	5
15	482	1	9
15	1819	7	6
15	1820	5	10
15	1821	8	4
15	1110	1	6
15	313	5	8
15	1822	6	7
15	1823	5	1
15	495	8	9
15	1824	4	3
15	1825	6	7
15	1826	6	9
15	1827	3	7
15	1828	2	6
15	1829	2	5
15	1830	8	3
15	1831	8	5
15	1832	1	7
15	1833	7	5
15	1651	4	3
15	1834	1	9
15	1835	1	7
15	1836	5	1
15	1837	6	2
15	1838	3	5
15	1839	2	9
15	1840	6	7
15	1841	8	4
15	1842	8	1
15	1843	8	2
15	1844	1	9
15	1845	9	6
15	1846	1	5
15	1847	2	9
15	1848	7	5
15	1849	7	5
15	1850	4	3
15	1851	7	10
15	1852	4	7
15	1853	7	5
15	1854	6	10
15	20	3	5
15	1855	3	5
15	531	6	7
15	1856	8	1
15	1857	3	9
15	1858	5	7
15	1859	6	1
15	1860	4	10
15	1861	6	7
15	1862	7	5
15	1863	6	4
15	1864	2	7
15	1865	3	7
15	1866	5	3
15	1867	7	9
15	1868	7	10
15	1869	1	2
15	1870	8	9
15	1228	2	5
15	1871	9	5
15	1872	6	4
15	1873	10	2
15	1874	2	5
15	1705	9	4
15	1875	4	1
15	1876	2	10
15	27	1	2
15	543	7	3
15	1877	5	10
15	1878	7	5
15	1879	1	6
15	1880	7	6
15	1881	9	5
15	1882	4	5
15	1883	6	4
15	1884	7	4
15	1885	8	1
15	1886	10	5
15	1887	2	10
15	1888	5	9
15	1889	4	3
15	1890	2	5
15	1747	3	1
15	1503	8	7
15	958	8	3
15	963	3	6
15	1891	3	9
15	1892	3	8
15	38	5	6
15	1893	5	3
15	1894	3	6
15	1895	10	9
15	1896	4	7
15	974	6	9
15	1897	7	6
15	1898	10	3
15	1899	9	10
15	575	3	6
15	1900	7	5
15	1901	8	2
15	1902	1	2
15	1903	2	5
15	1904	3	5
15	1905	2	3
15	1906	8	9
15	1907	3	8
15	1908	3	6
15	1909	8	9
15	1910	6	10
15	1911	6	2
15	1912	1	10
15	1913	7	3
15	1914	8	9
15	1915	2	4
15	1916	7	1
15	1917	4	10
15	1918	3	2
15	1919	10	1
15	1920	3	10
15	582	7	4
15	586	1	8
15	1921	6	2
15	1922	7	8
15	1923	7	6
15	1924	10	2
15	1925	2	8
15	1926	2	7
15	1927	4	6
15	1928	9	7
15	1929	2	4
15	1930	9	8
15	1931	2	10
15	1932	7	1
15	1933	10	5
15	1934	6	4
15	1935	9	7
15	1936	5	10
15	1937	8	7
15	1938	10	1
15	1939	9	7
15	1940	4	1
15	1941	10	7
15	1942	8	1
15	1943	5	3
15	1944	5	8
15	1945	7	8
15	606	5	8
15	1034	6	9
15	1946	10	5
15	1947	10	7
15	1948	8	9
15	1949	2	6
15	1950	8	7
15	1951	4	10
15	1952	7	2
15	1953	4	9
15	1954	4	5
15	1955	3	4
15	1956	10	4
15	1957	9	3
15	1958	7	3
15	1959	4	8
15	1960	5	4
15	1961	8	6
15	1962	6	2
15	616	7	5
15	1328	8	10
15	1963	7	9
15	1964	4	1
15	1965	7	4
15	1966	2	8
15	1967	10	1
15	1968	9	1
15	1969	10	1
15	1970	1	8
15	1971	1	7
15	1972	4	3
15	1973	2	9
15	1974	3	5
16	1975	3	10
16	1055	2	10
16	1057	2	9
16	1976	4	10
16	295	9	1
16	1062	4	9
16	1977	6	3
16	1978	5	7
16	1979	8	7
16	1345	4	1
16	1980	7	4
16	1981	9	4
16	1982	1	8
16	1983	8	2
16	1984	2	3
16	1071	4	8
16	1073	6	9
16	299	6	4
16	1985	9	4
16	1986	8	6
16	1987	5	6
16	1988	10	9
16	1989	10	6
16	1990	6	8
16	1991	10	4
16	1992	2	7
16	1093	5	7
16	1993	5	9
16	1097	7	9
16	1994	8	9
16	1995	7	3
16	1996	2	8
16	1997	5	8
16	1998	6	2
16	1109	8	5
16	1999	3	1
16	2000	6	5
10	736	-100	-100
9	450	-100	-100
9	248	-100	-100
9	1059	-100	-100
9	509	-100	-100
9	1397	-100	-100
9	1817	-100	-100
9	553	-100	-100
9	1838	-100	-100
9	1579	-100	-100
9	523	-100	-100
9	1625	-100	-100
9	86	-100	-100
9	1146	-100	-100
9	15	-100	-100
9	1277	-100	-100
9	1762	-100	-100
9	215	-100	-100
9	1972	-100	-100
9	268	-100	-100
9	350	-100	-100
9	171	-100	-100
9	212	-100	-100
9	7	-100	-100
9	1233	-100	-100
9	1634	-100	-100
9	1285	-100	-100
9	79	-100	-100
9	1107	-100	-100
9	1898	-100	-100
9	1317	-100	-100
9	1610	-100	-100
9	1419	-100	-100
9	1298	-100	-100
9	591	-100	-100
9	373	-100	-100
9	479	-100	-100
9	305	-100	-100
9	67	-100	-100
9	1081	-100	-100
9	1584	-100	-100
9	1294	-100	-100
9	62	-100	-100
9	1486	-100	-100
9	1894	-100	-100
9	536	-100	-100
9	1145	-100	-100
9	286	-100	-100
9	1954	-100	-100
9	1089	-100	-100
9	202	-100	-100
9	1693	-100	-100
9	227	-100	-100
9	323	-100	-100
9	347	-100	-100
9	1598	-100	-100
9	318	-100	-100
9	1594	-100	-100
9	1236	-100	-100
9	1836	-100	-100
9	482	-100	-100
9	1703	-100	-100
9	1626	-100	-100
9	1784	-100	-100
9	1735	-100	-100
9	1527	-100	-100
9	1578	-100	-100
9	493	-100	-100
9	1268	-100	-100
9	417	-100	-100
9	594	-100	-100
9	535	-100	-100
9	394	-100	-100
9	1368	-100	-100
9	309	-100	-100
9	1169	-100	-100
9	70	-100	-100
9	1166	-100	-100
9	1429	-100	-100
9	1958	-100	-100
9	1859	-100	-100
9	1987	-100	-100
9	580	-100	-100
9	174	-100	-100
9	1786	-100	-100
9	1120	-100	-100
9	88	-100	-100
9	1155	-100	-100
9	407	-100	-100
9	203	-100	-100
9	351	-100	-100
9	1265	-100	-100
9	360	-100	-100
9	1568	-100	-100
9	1223	-100	-100
9	1652	-100	-100
9	104	-100	-100
9	1612	-100	-100
9	1158	-100	-100
9	605	-100	-100
9	1197	-100	-100
9	80	-100	-100
9	194	-100	-100
9	1108	-100	-100
9	1975	-100	-100
9	61	-100	-100
9	1813	-100	-100
9	252	-100	-100
9	159	-100	-100
9	122	-100	-100
9	1319	-100	-100
9	1320	-100	-100
9	214	-100	-100
9	1505	-100	-100
9	44	-100	-100
9	1249	-100	-100
9	128	-100	-100
9	1624	-100	-100
9	1516	-100	-100
9	74	-100	-100
9	1164	-100	-100
9	1891	-100	-100
9	1512	-100	-100
9	377	-100	-100
10	667	-100	-100
10	1600	-100	-100
10	1343	-100	-100
10	47	-100	-100
10	1722	-100	-100
10	149	-100	-100
10	1897	-100	-100
10	1355	-100	-100
10	65	-100	-100
10	313	-100	-100
10	257	-100	-100
10	1707	-100	-100
10	1619	-100	-100
10	1779	-100	-100
10	950	-100	-100
10	1760	-100	-100
10	1841	-100	-100
10	1732	-100	-100
10	99	-100	-100
10	1513	-100	-100
10	803	-100	-100
10	411	-100	-100
10	56	-100	-100
10	884	-100	-100
10	1362	-100	-100
10	395	-100	-100
10	277	-100	-100
10	396	-100	-100
10	1636	-100	-100
10	389	-100	-100
10	35	-100	-100
10	1780	-100	-100
10	1664	-100	-100
10	1697	-100	-100
10	1644	-100	-100
10	1869	-100	-100
10	523	-100	-100
10	142	-100	-100
10	946	-100	-100
10	831	-100	-100
10	236	-100	-100
10	967	-100	-100
10	711	-100	-100
10	671	-100	-100
10	540	-100	-100
10	1810	-100	-100
10	979	-100	-100
10	1756	-100	-100
10	475	-100	-100
10	484	-100	-100
10	162	-100	-100
10	254	-100	-100
10	621	-100	-100
10	956	-100	-100
10	201	-100	-100
10	288	-100	-100
10	452	-100	-100
10	1999	-100	-100
10	130	-100	-100
10	516	-100	-100
10	525	-100	-100
10	1973	-100	-100
10	851	-100	-100
10	919	-100	-100
10	1615	-100	-100
10	1661	-100	-100
10	1828	-100	-100
10	1803	-100	-100
10	1867	-100	-100
10	464	-100	-100
10	971	-100	-100
10	949	-100	-100
10	645	-100	-100
10	386	-100	-100
10	289	-100	-100
10	1850	-100	-100
10	128	-100	-100
10	1751	-100	-100
10	733	-100	-100
10	327	-100	-100
10	1817	-100	-100
10	1878	-100	-100
10	804	-100	-100
10	37	-100	-100
10	812	-100	-100
10	1782	-100	-100
10	1809	-100	-100
10	1041	-100	-100
10	290	-100	-100
10	1953	-100	-100
10	264	-100	-100
10	693	-100	-100
10	194	-100	-100
10	1351	-100	-100
10	1894	-100	-100
10	528	-100	-100
10	1477	-100	-100
10	1645	-100	-100
10	791	-100	-100
10	1744	-100	-100
10	1044	-100	-100
10	900	-100	-100
10	1365	-100	-100
10	697	-100	-100
10	1943	-100	-100
10	1936	-100	-100
10	787	-100	-100
10	762	-100	-100
10	984	-100	-100
10	498	-100	-100
10	1939	-100	-100
10	532	-100	-100
10	136	-100	-100
10	1458	-100	-100
10	798	-100	-100
10	1672	-100	-100
10	502	-100	-100
10	1447	-100	-100
10	500	-100	-100
10	893	-100	-100
10	1022	-100	-100
10	1693	-100	-100
10	137	-100	-100
10	7	-100	-100
10	1494	-100	-100
10	855	-100	-100
10	202	-100	-100
10	792	-100	-100
10	1018	-100	-100
10	1557	-100	-100
10	152	-100	-100
10	153	-100	-100
10	499	-100	-100
10	103	-100	-100
10	1381	-100	-100
10	1990	-100	-100
10	807	-100	-100
10	1394	-100	-100
10	1840	-100	-100
10	1920	-100	-100
10	125	-100	-100
10	1001	-100	-100
10	1595	-100	-100
10	46	-100	-100
10	1032	-100	-100
10	490	-100	-100
10	566	-100	-100
10	545	-100	-100
10	709	-100	-100
10	839	-100	-100
10	724	-100	-100
10	914	-100	-100
10	78	-100	-100
10	512	-100	-100
10	15	-100	-100
10	1690	-100	-100
10	1538	-100	-100
10	1807	-100	-100
10	487	-100	-100
10	968	-100	-100
10	1350	-100	-100
10	1730	-100	-100
10	826	-100	-100
10	21	-100	-100
10	1863	-100	-100
10	214	-100	-100
10	1503	-100	-100
10	517	-100	-100
10	265	-100	-100
10	598	-100	-100
10	741	-100	-100
10	226	-100	-100
10	1459	-100	-100
10	1710	-100	-100
10	1958	-100	-100
10	382	-100	-100
10	491	-100	-100
10	699	-100	-100
10	398	-100	-100
10	133	-100	-100
10	247	-100	-100
10	388	-100	-100
10	802	-100	-100
10	204	-100	-100
10	235	-100	-100
10	1731	-100	-100
10	316	-100	-100
10	1527	-100	-100
10	100	-100	-100
10	1886	-100	-100
10	1441	-100	-100
10	836	-100	-100
10	1975	-100	-100
10	1435	-100	-100
10	104	-100	-100
10	1568	-100	-100
10	1413	-100	-100
10	437	-100	-100
10	874	-100	-100
10	822	-100	-100
10	148	-100	-100
10	1051	-100	-100
10	561	-100	-100
10	1344	-100	-100
10	860	-100	-100
10	1788	-100	-100
10	1646	-100	-100
10	596	-100	-100
10	256	-100	-100
10	970	-100	-100
10	958	-100	-100
10	1591	-100	-100
10	796	-100	-100
10	1554	-100	-100
10	628	-100	-100
10	1941	-100	-100
10	1357	-100	-100
10	260	-100	-100
10	1908	-100	-100
10	1579	-100	-100
10	1914	-100	-100
10	541	-100	-100
10	420	-100	-100
10	1396	-100	-100
10	779	-100	-100
10	942	-100	-100
10	1429	-100	-100
10	1848	-100	-100
10	1598	-100	-100
10	1370	-100	-100
10	1483	-100	-100
10	196	-100	-100
10	1968	-100	-100
10	1366	-100	-100
10	446	-100	-100
10	715	-100	-100
10	1525	-100	-100
10	407	-100	-100
10	177	-100	-100
10	359	-100	-100
10	885	-100	-100
10	203	-100	-100
10	155	-100	-100
10	721	-100	-100
10	763	-100	-100
10	1912	-100	-100
14	1214	-100	-100
14	518	-100	-100
14	229	-100	-100
14	1101	-100	-100
14	369	-100	-100
14	1129	-100	-100
14	1527	-100	-100
14	1525	-100	-100
14	946	-100	-100
14	1209	-100	-100
14	829	-100	-100
14	246	-100	-100
14	1536	-100	-100
14	748	-100	-100
14	7	-100	-100
14	438	-100	-100
14	1570	-100	-100
14	862	-100	-100
14	1445	-100	-100
14	1460	-100	-100
14	19	-100	-100
14	1390	-100	-100
14	1063	-100	-100
14	585	-100	-100
14	1118	-100	-100
14	526	-100	-100
14	491	-100	-100
14	405	-100	-100
14	550	-100	-100
14	796	-100	-100
14	1599	-100	-100
14	588	-100	-100
14	1040	-100	-100
14	172	-100	-100
14	1352	-100	-100
14	794	-100	-100
14	1112	-100	-100
14	1457	-100	-100
14	803	-100	-100
14	1870	-100	-100
14	799	-100	-100
14	818	-100	-100
14	1968	-100	-100
14	1436	-100	-100
14	827	-100	-100
14	1541	-100	-100
14	920	-100	-100
14	869	-100	-100
14	1554	-100	-100
14	177	-100	-100
14	1420	-100	-100
14	273	-100	-100
14	106	-100	-100
14	126	-100	-100
14	1154	-100	-100
14	1580	-100	-100
14	623	-100	-100
14	493	-100	-100
14	1393	-100	-100
14	1880	-100	-100
14	1360	-100	-100
14	430	-100	-100
14	1090	-100	-100
14	617	-100	-100
14	1879	-100	-100
14	1316	-100	-100
14	1293	-100	-100
14	326	-100	-100
14	1191	-100	-100
14	1127	-100	-100
14	1229	-100	-100
14	604	-100	-100
14	1108	-100	-100
14	136	-100	-100
14	765	-100	-100
14	174	-100	-100
14	1542	-100	-100
14	880	-100	-100
14	496	-100	-100
14	628	-100	-100
14	1025	-100	-100
14	802	-100	-100
14	1385	-100	-100
14	988	-100	-100
14	622	-100	-100
14	364	-100	-100
14	1178	-100	-100
14	1242	-100	-100
14	118	-100	-100
14	601	-100	-100
14	1323	-100	-100
14	710	-100	-100
14	587	-100	-100
14	595	-100	-100
14	783	-100	-100
14	1069	-100	-100
14	15	-100	-100
14	68	-100	-100
14	31	-100	-100
14	1308	-100	-100
14	1406	-100	-100
14	89	-100	-100
14	530	-100	-100
14	937	-100	-100
14	934	-100	-100
14	381	-100	-100
14	1444	-100	-100
14	1597	-100	-100
14	1462	-100	-100
14	267	-100	-100
14	1912	-100	-100
14	344	-100	-100
14	338	-100	-100
14	288	-100	-100
14	1429	-100	-100
14	565	-100	-100
14	337	-100	-100
14	1283	-100	-100
14	1001	-100	-100
14	655	-100	-100
14	129	-100	-100
14	429	-100	-100
14	1954	-100	-100
14	236	-100	-100
14	85	-100	-100
14	1489	-100	-100
14	1137	-100	-100
14	512	-100	-100
14	192	-100	-100
14	1380	-100	-100
14	1037	-100	-100
14	1579	-100	-100
14	909	-100	-100
14	681	-100	-100
14	486	-100	-100
14	1479	-100	-100
14	350	-100	-100
14	1882	-100	-100
14	459	-100	-100
14	1923	-100	-100
14	150	-100	-100
14	1449	-100	-100
14	1488	-100	-100
14	1255	-100	-100
14	514	-100	-100
14	1961	-100	-100
14	1139	-100	-100
14	996	-100	-100
14	1581	-100	-100
14	437	-100	-100
14	1160	-100	-100
14	191	-100	-100
14	793	-100	-100
14	1300	-100	-100
14	678	-100	-100
14	50	-100	-100
14	366	-100	-100
14	388	-100	-100
14	822	-100	-100
14	992	-100	-100
14	643	-100	-100
14	287	-100	-100
14	1106	-100	-100
14	871	-100	-100
14	985	-100	-100
14	1584	-100	-100
14	913	-100	-100
14	1333	-100	-100
14	1922	-100	-100
14	1902	-100	-100
14	1437	-100	-100
14	956	-100	-100
14	1227	-100	-100
14	1223	-100	-100
14	370	-100	-100
14	1818	-100	-100
14	334	-100	-100
14	1426	-100	-100
14	812	-100	-100
14	1868	-100	-100
14	416	-100	-100
14	779	-100	-100
14	957	-100	-100
14	1359	-100	-100
14	1375	-100	-100
14	76	-100	-100
14	739	-100	-100
14	65	-100	-100
14	1545	-100	-100
14	202	-100	-100
14	48	-100	-100
14	515	-100	-100
14	222	-100	-100
14	1821	-100	-100
14	463	-100	-100
14	1015	-100	-100
14	333	-100	-100
14	1274	-100	-100
14	1476	-100	-100
14	122	-100	-100
14	315	-100	-100
14	688	-100	-100
14	1402	-100	-100
14	455	-100	-100
14	1861	-100	-100
14	947	-100	-100
14	1492	-100	-100
14	1013	-100	-100
14	428	-100	-100
14	312	-100	-100
14	41	-100	-100
14	1518	-100	-100
14	548	-100	-100
14	1482	-100	-100
14	809	-100	-100
14	1574	-100	-100
14	1523	-100	-100
14	1569	-100	-100
14	176	-100	-100
14	549	-100	-100
14	800	-100	-100
14	1208	-100	-100
14	775	-100	-100
14	952	-100	-100
14	1328	-100	-100
14	1158	-100	-100
14	357	-100	-100
14	644	-100	-100
14	1204	-100	-100
14	1126	-100	-100
14	1372	-100	-100
14	562	-100	-100
14	1999	-100	-100
14	773	-100	-100
14	87	-100	-100
14	113	-100	-100
14	1203	-100	-100
14	29	-100	-100
14	771	-100	-100
14	571	-100	-100
14	1117	-100	-100
14	759	-100	-100
14	841	-100	-100
14	1511	-100	-100
14	24	-100	-100
14	228	-100	-100
14	500	-100	-100
14	146	-100	-100
14	576	-100	-100
14	1952	-100	-100
14	95	-100	-100
14	1170	-100	-100
14	1023	-100	-100
14	606	-100	-100
14	813	-100	-100
14	706	-100	-100
14	469	-100	-100
14	1465	-100	-100
14	848	-100	-100
14	986	-100	-100
14	1481	-100	-100
14	1354	-100	-100
14	714	-100	-100
14	720	-100	-100
14	1401	-100	-100
14	1428	-100	-100
14	187	-100	-100
14	1221	-100	-100
14	980	-100	-100
14	1070	-100	-100
14	1175	-100	-100
14	1304	-100	-100
14	1839	-100	-100
14	167	-100	-100
14	967	-100	-100
14	735	-100	-100
14	237	-100	-100
14	1324	-100	-100
14	18	-100	-100
14	614	-100	-100
14	80	-100	-100
14	1216	-100	-100
14	1835	-100	-100
14	1125	-100	-100
14	418	-100	-100
14	245	-100	-100
14	1858	-100	-100
14	190	-100	-100
14	1819	-100	-100
14	882	-100	-100
14	582	-100	-100
14	842	-100	-100
14	74	-100	-100
14	441	-100	-100
14	929	-100	-100
14	322	-100	-100
14	1455	-100	-100
14	667	-100	-100
14	1058	-100	-100
14	1210	-100	-100
14	820	-100	-100
14	1363	-100	-100
14	1598	-100	-100
14	412	-100	-100
14	143	-100	-100
14	1963	-100	-100
14	1980	-100	-100
14	642	-100	-100
14	1284	-100	-100
14	1123	-100	-100
14	911	-100	-100
14	23	-100	-100
14	1348	-100	-100
14	590	-100	-100
14	894	-100	-100
14	792	-100	-100
14	1565	-100	-100
14	64	-100	-100
14	1361	-100	-100
14	279	-100	-100
14	1531	-100	-100
14	1981	-100	-100
14	1262	-100	-100
14	392	-100	-100
14	386	-100	-100
14	1568	-100	-100
14	519	-100	-100
14	1320	-100	-100
14	5	-100	-100
14	462	-100	-100
14	620	-100	-100
14	832	-100	-100
14	223	-100	-100
14	1312	-100	-100
14	1591	-100	-100
14	1430	-100	-100
14	362	-100	-100
14	797	-100	-100
14	1345	-100	-100
14	1303	-100	-100
14	1186	-100	-100
14	1188	-100	-100
14	233	-100	-100
14	94	-100	-100
15	1023	-100	-100
15	1538	-100	-100
15	498	-100	-100
15	189	-100	-100
15	665	-100	-100
15	1275	-100	-100
15	1476	-100	-100
15	585	-100	-100
15	1271	-100	-100
15	1729	-100	-100
15	1722	-100	-100
15	353	-100	-100
15	1774	-100	-100
15	215	-100	-100
15	146	-100	-100
15	1794	-100	-100
15	572	-100	-100
15	1558	-100	-100
15	990	-100	-100
15	689	-100	-100
15	1808	-100	-100
15	1562	-100	-100
15	1539	-100	-100
15	945	-100	-100
15	545	-100	-100
15	97	-100	-100
15	11	-100	-100
15	1801	-100	-100
15	1270	-100	-100
15	1186	-100	-100
15	1351	-100	-100
15	1315	-100	-100
15	504	-100	-100
15	1759	-100	-100
15	1748	-100	-100
15	896	-100	-100
15	212	-100	-100
15	1105	-100	-100
15	1766	-100	-100
15	24	-100	-100
15	1617	-100	-100
15	933	-100	-100
15	1214	-100	-100
15	12	-100	-100
15	246	-100	-100
15	1662	-100	-100
15	614	-100	-100
15	1211	-100	-100
15	965	-100	-100
15	1229	-100	-100
15	147	-100	-100
15	388	-100	-100
15	190	-100	-100
15	150	-100	-100
15	1653	-100	-100
15	354	-100	-100
15	508	-100	-100
15	1717	-100	-100
15	697	-100	-100
15	794	-100	-100
15	478	-100	-100
15	1361	-100	-100
15	561	-100	-100
15	924	-100	-100
15	1437	-100	-100
15	921	-100	-100
15	1050	-100	-100
15	1353	-100	-100
15	573	-100	-100
15	1240	-100	-100
15	1252	-100	-100
15	1587	-100	-100
15	1129	-100	-100
15	521	-100	-100
15	1687	-100	-100
15	1133	-100	-100
15	630	-100	-100
15	1409	-100	-100
15	318	-100	-100
15	1197	-100	-100
15	774	-100	-100
15	1812	-100	-100
15	92	-100	-100
15	413	-100	-100
15	398	-100	-100
15	467	-100	-100
15	188	-100	-100
15	1724	-100	-100
15	1634	-100	-100
15	953	-100	-100
15	1693	-100	-100
15	1374	-100	-100
15	492	-100	-100
15	1613	-100	-100
15	753	-100	-100
15	59	-100	-100
15	63	-100	-100
15	243	-100	-100
15	347	-100	-100
15	1484	-100	-100
15	1354	-100	-100
15	525	-100	-100
15	418	-100	-100
15	1638	-100	-100
15	1248	-100	-100
15	77	-100	-100
15	1459	-100	-100
15	1321	-100	-100
15	483	-100	-100
15	1603	-100	-100
15	1179	-100	-100
15	725	-100	-100
15	982	-100	-100
15	826	-100	-100
15	1260	-100	-100
15	423	-100	-100
15	283	-100	-100
15	1470	-100	-100
15	1303	-100	-100
15	1196	-100	-100
15	269	-100	-100
15	1342	-100	-100
15	1185	-100	-100
15	653	-100	-100
15	1769	-100	-100
15	684	-100	-100
15	1813	-100	-100
15	1786	-100	-100
15	1790	-100	-100
15	1426	-100	-100
15	1101	-100	-100
15	132	-100	-100
15	279	-100	-100
15	503	-100	-100
15	886	-100	-100
15	1984	-100	-100
15	1215	-100	-100
15	839	-100	-100
15	87	-100	-100
15	81	-100	-100
15	213	-100	-100
15	1058	-100	-100
15	1506	-100	-100
15	1487	-100	-100
15	1433	-100	-100
15	537	-100	-100
15	619	-100	-100
15	1154	-100	-100
15	274	-100	-100
15	882	-100	-100
15	1771	-100	-100
15	1517	-100	-100
15	1062	-100	-100
15	811	-100	-100
15	1272	-100	-100
15	253	-100	-100
15	1527	-100	-100
15	1545	-100	-100
15	786	-100	-100
15	1986	-100	-100
15	375	-100	-100
15	2	-100	-100
15	1373	-100	-100
15	853	-100	-100
15	1013	-100	-100
15	1140	-100	-100
15	1106	-100	-100
15	641	-100	-100
15	247	-100	-100
15	198	-100	-100
15	1056	-100	-100
15	1525	-100	-100
15	601	-100	-100
15	1616	-100	-100
15	910	-100	-100
15	79	-100	-100
15	1325	-100	-100
15	983	-100	-100
15	88	-100	-100
15	895	-100	-100
15	1585	-100	-100
15	822	-100	-100
15	130	-100	-100
15	806	-100	-100
15	1554	-100	-100
15	876	-100	-100
15	242	-100	-100
15	408	-100	-100
15	341	-100	-100
15	785	-100	-100
15	535	-100	-100
15	54	-100	-100
15	315	-100	-100
15	617	-100	-100
15	164	-100	-100
15	1147	-100	-100
15	788	-100	-100
15	1582	-100	-100
15	1695	-100	-100
15	862	-100	-100
15	712	-100	-100
15	1788	-100	-100
15	621	-100	-100
15	404	-100	-100
15	301	-100	-100
15	1220	-100	-100
15	901	-100	-100
15	1581	-100	-100
15	640	-100	-100
15	1710	-100	-100
15	904	-100	-100
15	267	-100	-100
15	558	-100	-100
15	952	-100	-100
15	154	-100	-100
15	1100	-100	-100
15	592	-100	-100
15	776	-100	-100
15	1621	-100	-100
15	590	-100	-100
15	1467	-100	-100
15	956	-100	-100
15	1767	-100	-100
15	231	-100	-100
15	1997	-100	-100
15	1583	-100	-100
15	568	-100	-100
15	485	-100	-100
15	1159	-100	-100
15	1672	-100	-100
15	856	-100	-100
15	694	-100	-100
15	911	-100	-100
15	1531	-100	-100
15	488	-100	-100
15	643	-100	-100
15	842	-100	-100
15	1642	-100	-100
15	367	-100	-100
15	94	-100	-100
15	580	-100	-100
15	1238	-100	-100
15	687	-100	-100
15	810	-100	-100
15	1237	-100	-100
15	193	-100	-100
15	1644	-100	-100
15	163	-100	-100
15	245	-100	-100
15	91	-100	-100
15	1378	-100	-100
15	85	-100	-100
15	1744	-100	-100
15	578	-100	-100
15	534	-100	-100
15	1236	-100	-100
15	1092	-100	-100
15	1707	-100	-100
15	803	-100	-100
15	1557	-100	-100
15	1225	-100	-100
15	1430	-100	-100
15	1706	-100	-100
15	555	-100	-100
15	1099	-100	-100
15	771	-100	-100
15	1740	-100	-100
15	1526	-100	-100
15	512	-100	-100
15	926	-100	-100
15	1504	-100	-100
15	1337	-100	-100
15	28	-100	-100
15	1320	-100	-100
15	1806	-100	-100
15	424	-100	-100
15	1510	-100	-100
15	1055	-100	-100
15	609	-100	-100
15	633	-100	-100
15	631	-100	-100
15	732	-100	-100
15	613	-100	-100
15	799	-100	-100
15	1652	-100	-100
15	1679	-100	-100
15	1559	-100	-100
15	1149	-100	-100
15	412	-100	-100
15	1418	-100	-100
15	880	-100	-100
15	720	-100	-100
15	1994	-100	-100
15	1332	-100	-100
15	1556	-100	-100
15	409	-100	-100
15	1327	-100	-100
15	266	-100	-100
15	780	-100	-100
15	1671	-100	-100
15	108	-100	-100
15	698	-100	-100
15	255	-100	-100
15	648	-100	-100
15	13	-100	-100
15	1991	-100	-100
15	431	-100	-100
15	1003	-100	-100
15	662	-100	-100
15	41	-100	-100
15	757	-100	-100
15	570	-100	-100
15	656	-100	-100
15	298	-100	-100
15	1406	-100	-100
15	294	-100	-100
15	629	-100	-100
15	889	-100	-100
15	871	-100	-100
15	1365	-100	-100
15	1045	-100	-100
15	473	-100	-100
15	1457	-100	-100
15	900	-100	-100
15	51	-100	-100
15	830	-100	-100
15	715	-100	-100
15	796	-100	-100
15	50	-100	-100
15	1661	-100	-100
15	1669	-100	-100
15	905	-100	-100
15	186	-100	-100
15	1043	-100	-100
15	1295	-100	-100
15	657	-100	-100
15	1364	-100	-100
15	1398	-100	-100
15	668	-100	-100
15	1120	-100	-100
15	1162	-100	-100
15	664	-100	-100
15	837	-100	-100
15	1521	-100	-100
15	417	-100	-100
15	312	-100	-100
15	244	-100	-100
15	317	-100	-100
15	393	-100	-100
15	823	-100	-100
15	1511	-100	-100
15	864	-100	-100
15	390	-100	-100
15	514	-100	-100
15	80	-100	-100
15	1322	-100	-100
15	898	-100	-100
15	892	-100	-100
15	264	-100	-100
15	716	-100	-100
15	1309	-100	-100
15	1395	-100	-100
15	1192	-100	-100
15	557	-100	-100
15	835	-100	-100
15	1064	-100	-100
15	1985	-100	-100
15	472	-100	-100
15	121	-100	-100
15	579	-100	-100
6	1252	-100	-100
6	1653	-100	-100
6	736	-100	-100
6	246	-100	-100
6	254	-100	-100
6	1841	-100	-100
6	490	-100	-100
6	819	-100	-100
6	1401	-100	-100
6	214	-100	-100
6	1204	-100	-100
6	177	-100	-100
6	897	-100	-100
6	621	-100	-100
6	723	-100	-100
6	1808	-100	-100
6	195	-100	-100
6	1378	-100	-100
6	1815	-100	-100
6	687	-100	-100
6	191	-100	-100
6	1708	-100	-100
6	1701	-100	-100
6	1600	-100	-100
6	274	-100	-100
6	581	-100	-100
6	152	-100	-100
6	583	-100	-100
6	1527	-100	-100
6	1622	-100	-100
6	1867	-100	-100
6	1716	-100	-100
6	1398	-100	-100
6	1232	-100	-100
6	850	-100	-100
6	1471	-100	-100
6	829	-100	-100
6	206	-100	-100
6	1324	-100	-100
6	166	-100	-100
6	286	-100	-100
6	1542	-100	-100
6	1083	-100	-100
6	1221	-100	-100
6	1288	-100	-100
6	468	-100	-100
6	1163	-100	-100
6	1724	-100	-100
6	1457	-100	-100
6	759	-100	-100
6	1337	-100	-100
6	734	-100	-100
6	85	-100	-100
6	1212	-100	-100
6	81	-100	-100
6	1172	-100	-100
6	226	-100	-100
6	1298	-100	-100
6	1781	-100	-100
6	660	-100	-100
6	165	-100	-100
6	1871	-100	-100
6	1323	-100	-100
6	1960	-100	-100
6	1077	-100	-100
6	1812	-100	-100
6	1331	-100	-100
6	1645	-100	-100
6	1914	-100	-100
6	1591	-100	-100
6	202	-100	-100
6	743	-100	-100
6	1108	-100	-100
6	1395	-100	-100
6	1164	-100	-100
6	1061	-100	-100
6	189	-100	-100
6	1770	-100	-100
6	1188	-100	-100
6	1980	-100	-100
6	499	-100	-100
6	1990	-100	-100
6	176	-100	-100
6	106	-100	-100
6	1158	-100	-100
6	139	-100	-100
6	98	-100	-100
6	1375	-100	-100
6	1248	-100	-100
6	3	-100	-100
6	690	-100	-100
6	1427	-100	-100
6	1289	-100	-100
6	224	-100	-100
6	1779	-100	-100
6	756	-100	-100
6	1798	-100	-100
6	1945	-100	-100
6	1927	-100	-100
6	255	-100	-100
6	1730	-100	-100
6	814	-100	-100
6	538	-100	-100
6	1492	-100	-100
6	163	-100	-100
6	1860	-100	-100
6	1407	-100	-100
6	562	-100	-100
6	1397	-100	-100
6	1679	-100	-100
6	1268	-100	-100
6	1879	-100	-100
6	1396	-100	-100
6	1282	-100	-100
6	1329	-100	-100
6	2	-100	-100
6	935	-100	-100
6	545	-100	-100
6	1219	-100	-100
6	928	-100	-100
6	1922	-100	-100
6	565	-100	-100
6	965	-100	-100
6	783	-100	-100
6	1761	-100	-100
6	1755	-100	-100
6	504	-100	-100
6	1384	-100	-100
6	617	-100	-100
6	520	-100	-100
6	1455	-100	-100
6	1171	-100	-100
6	573	-100	-100
6	680	-100	-100
6	1322	-100	-100
6	1262	-100	-100
6	722	-100	-100
6	1975	-100	-100
6	1465	-100	-100
6	870	-100	-100
6	665	-100	-100
6	481	-100	-100
6	1192	-100	-100
6	937	-100	-100
6	505	-100	-100
6	1982	-100	-100
6	973	-100	-100
6	233	-100	-100
6	1110	-100	-100
6	1639	-100	-100
6	1577	-100	-100
6	1936	-100	-100
6	684	-100	-100
6	788	-100	-100
6	1811	-100	-100
6	1203	-100	-100
6	945	-100	-100
6	1740	-100	-100
6	732	-100	-100
6	1348	-100	-100
6	1520	-100	-100
6	270	-100	-100
6	895	-100	-100
6	985	-100	-100
6	821	-100	-100
6	1991	-100	-100
6	1814	-100	-100
6	19	-100	-100
6	1220	-100	-100
6	266	-100	-100
6	996	-100	-100
6	858	-100	-100
6	1009	-100	-100
6	761	-100	-100
6	111	-100	-100
6	1275	-100	-100
6	662	-100	-100
6	16	-100	-100
6	976	-100	-100
6	990	-100	-100
6	461	-100	-100
6	534	-100	-100
6	1702	-100	-100
6	1649	-100	-100
6	1313	-100	-100
6	1695	-100	-100
6	1112	-100	-100
6	1752	-100	-100
6	678	-100	-100
6	1894	-100	-100
6	840	-100	-100
6	1670	-100	-100
6	675	-100	-100
6	958	-100	-100
6	693	-100	-100
6	882	-100	-100
6	674	-100	-100
6	918	-100	-100
6	1211	-100	-100
6	1419	-100	-100
6	495	-100	-100
6	205	-100	-100
6	772	-100	-100
6	1614	-100	-100
6	1117	-100	-100
6	966	-100	-100
6	1838	-100	-100
6	848	-100	-100
6	1278	-100	-100
6	1931	-100	-100
6	601	-100	-100
6	941	-100	-100
6	1271	-100	-100
6	128	-100	-100
6	1694	-100	-100
6	1743	-100	-100
6	1209	-100	-100
6	1488	-100	-100
6	1741	-100	-100
6	1850	-100	-100
6	488	-100	-100
6	1314	-100	-100
6	1882	-100	-100
6	1758	-100	-100
6	248	-100	-100
6	1120	-100	-100
6	571	-100	-100
6	1159	-100	-100
6	172	-100	-100
6	1154	-100	-100
6	1942	-100	-100
6	779	-100	-100
6	240	-100	-100
6	1481	-100	-100
6	699	-100	-100
6	1448	-100	-100
6	225	-100	-100
6	517	-100	-100
6	588	-100	-100
6	1466	-100	-100
6	1737	-100	-100
6	273	-100	-100
6	1364	-100	-100
6	1340	-100	-100
6	1218	-100	-100
6	657	-100	-100
6	75	-100	-100
6	1127	-100	-100
6	1412	-100	-100
6	1943	-100	-100
6	1406	-100	-100
6	1995	-100	-100
6	712	-100	-100
6	744	-100	-100
6	1994	-100	-100
6	1822	-100	-100
6	102	-100	-100
6	514	-100	-100
6	110	-100	-100
6	978	-100	-100
6	741	-100	-100
6	221	-100	-100
6	1001	-100	-100
6	591	-100	-100
6	554	-100	-100
6	1434	-100	-100
6	605	-100	-100
6	1140	-100	-100
6	11	-100	-100
6	283	-100	-100
6	1652	-100	-100
6	1833	-100	-100
6	1686	-100	-100
6	543	-100	-100
6	1765	-100	-100
6	1460	-100	-100
6	148	-100	-100
6	1877	-100	-100
6	1183	-100	-100
6	56	-100	-100
6	698	-100	-100
6	1669	-100	-100
6	1030	-100	-100
6	516	-100	-100
6	142	-100	-100
6	1966	-100	-100
6	1783	-100	-100
6	1619	-100	-100
6	1259	-100	-100
6	1762	-100	-100
6	629	-100	-100
6	1537	-100	-100
6	730	-100	-100
6	1582	-100	-100
6	1793	-100	-100
6	1443	-100	-100
6	1496	-100	-100
6	1359	-100	-100
6	901	-100	-100
6	1224	-100	-100
6	1660	-100	-100
6	878	-100	-100
6	1339	-100	-100
6	1253	-100	-100
6	688	-100	-100
6	813	-100	-100
6	1616	-100	-100
6	1970	-100	-100
6	1021	-100	-100
6	711	-100	-100
6	962	-100	-100
6	107	-100	-100
6	1874	-100	-100
6	703	-100	-100
6	553	-100	-100
6	1516	-100	-100
6	471	-100	-100
6	32	-100	-100
6	771	-100	-100
6	1545	-100	-100
6	1934	-100	-100
6	1241	-100	-100
6	727	-100	-100
6	1804	-100	-100
6	1707	-100	-100
6	762	-100	-100
6	232	-100	-100
6	766	-100	-100
6	66	-100	-100
6	587	-100	-100
6	1162	-100	-100
6	1830	-100	-100
6	1049	-100	-100
6	156	-100	-100
6	1386	-100	-100
6	1750	-100	-100
6	1390	-100	-100
6	1044	-100	-100
6	1380	-100	-100
6	731	-100	-100
6	1862	-100	-100
6	1190	-100	-100
6	1857	-100	-100
6	1565	-100	-100
6	834	-100	-100
6	207	-100	-100
6	1747	-100	-100
6	71	-100	-100
6	933	-100	-100
6	133	-100	-100
6	555	-100	-100
6	1270	-100	-100
6	1824	-100	-100
6	754	-100	-100
6	604	-100	-100
6	222	-100	-100
6	547	-100	-100
6	1155	-100	-100
6	1710	-100	-100
6	1853	-100	-100
6	590	-100	-100
6	816	-100	-100
6	995	-100	-100
6	1208	-100	-100
6	1482	-100	-100
6	484	-100	-100
6	728	-100	-100
6	1393	-100	-100
6	1983	-100	-100
6	546	-100	-100
6	1047	-100	-100
6	1399	-100	-100
6	462	-100	-100
6	1858	-100	-100
6	620	-100	-100
6	1551	-100	-100
6	1405	-100	-100
6	1503	-100	-100
6	1875	-100	-100
6	888	-100	-100
6	1907	-100	-100
6	552	-100	-100
8	1832	-100	-100
8	443	-100	-100
8	1410	-100	-100
8	872	-100	-100
8	1440	-100	-100
8	1947	-100	-100
8	993	-100	-100
8	413	-100	-100
8	124	-100	-100
8	454	-100	-100
8	1528	-100	-100
8	1179	-100	-100
8	1931	-100	-100
8	1269	-100	-100
8	409	-100	-100
8	1973	-100	-100
8	404	-100	-100
8	1944	-100	-100
8	326	-100	-100
8	158	-100	-100
8	1199	-100	-100
8	262	-100	-100
8	1720	-100	-100
8	1228	-100	-100
8	312	-100	-100
8	640	-100	-100
8	1795	-100	-100
8	1458	-100	-100
8	1995	-100	-100
8	1591	-100	-100
8	1232	-100	-100
8	1901	-100	-100
8	1557	-100	-100
8	168	-100	-100
8	633	-100	-100
8	1311	-100	-100
8	1371	-100	-100
8	914	-100	-100
8	1487	-100	-100
8	1375	-100	-100
8	1153	-100	-100
8	66	-100	-100
8	352	-100	-100
8	1417	-100	-100
8	1046	-100	-100
8	1304	-100	-100
8	1143	-100	-100
8	1716	-100	-100
8	1783	-100	-100
8	790	-100	-100
8	1988	-100	-100
8	1034	-100	-100
8	1717	-100	-100
8	401	-100	-100
8	1896	-100	-100
8	109	-100	-100
8	1363	-100	-100
8	1730	-100	-100
8	1244	-100	-100
8	893	-100	-100
8	1942	-100	-100
8	1921	-100	-100
8	1527	-100	-100
8	1573	-100	-100
8	370	-100	-100
8	690	-100	-100
8	39	-100	-100
8	799	-100	-100
8	1584	-100	-100
8	310	-100	-100
8	777	-100	-100
8	1542	-100	-100
8	1884	-100	-100
8	749	-100	-100
8	866	-100	-100
8	320	-100	-100
8	1743	-100	-100
8	1398	-100	-100
8	1166	-100	-100
8	1860	-100	-100
8	1029	-100	-100
8	1337	-100	-100
8	1798	-100	-100
8	1045	-100	-100
8	1683	-100	-100
8	1986	-100	-100
8	188	-100	-100
8	642	-100	-100
8	1377	-100	-100
8	1068	-100	-100
8	462	-100	-100
8	455	-100	-100
8	1681	-100	-100
8	778	-100	-100
8	1097	-100	-100
8	1664	-100	-100
8	1849	-100	-100
8	1760	-100	-100
8	1368	-100	-100
8	916	-100	-100
8	1147	-100	-100
8	1511	-100	-100
8	704	-100	-100
8	829	-100	-100
8	973	-100	-100
8	102	-100	-100
8	809	-100	-100
8	940	-100	-100
8	1118	-100	-100
8	1846	-100	-100
8	442	-100	-100
8	1114	-100	-100
8	1069	-100	-100
8	1818	-100	-100
8	412	-100	-100
8	1565	-100	-100
8	662	-100	-100
8	761	-100	-100
8	911	-100	-100
8	1242	-100	-100
8	1154	-100	-100
8	936	-100	-100
8	1444	-100	-100
8	170	-100	-100
8	805	-100	-100
8	259	-100	-100
8	1880	-100	-100
8	258	-100	-100
8	723	-100	-100
8	1749	-100	-100
8	1563	-100	-100
8	136	-100	-100
8	1706	-100	-100
8	1876	-100	-100
8	18	-100	-100
8	1282	-100	-100
8	1389	-100	-100
8	138	-100	-100
8	324	-100	-100
8	4	-100	-100
8	1207	-100	-100
8	1739	-100	-100
8	816	-100	-100
8	701	-100	-100
8	1112	-100	-100
8	1779	-100	-100
8	643	-100	-100
8	851	-100	-100
8	1606	-100	-100
8	1404	-100	-100
8	197	-100	-100
8	1315	-100	-100
8	1468	-100	-100
8	29	-100	-100
8	81	-100	-100
8	1857	-100	-100
8	276	-100	-100
8	1574	-100	-100
8	180	-100	-100
8	33	-100	-100
8	1971	-100	-100
8	1183	-100	-100
8	755	-100	-100
8	637	-100	-100
8	674	-100	-100
8	156	-100	-100
8	854	-100	-100
8	1406	-100	-100
8	736	-100	-100
8	1785	-100	-100
8	1799	-100	-100
8	1052	-100	-100
8	1106	-100	-100
8	1723	-100	-100
8	759	-100	-100
8	1239	-100	-100
8	1848	-100	-100
8	1236	-100	-100
8	1358	-100	-100
8	803	-100	-100
8	1202	-100	-100
8	1965	-100	-100
8	1422	-100	-100
8	1843	-100	-100
8	88	-100	-100
8	1830	-100	-100
8	1790	-100	-100
8	1897	-100	-100
8	685	-100	-100
8	779	-100	-100
8	1769	-100	-100
8	923	-100	-100
8	1013	-100	-100
8	738	-100	-100
8	830	-100	-100
8	1924	-100	-100
8	1340	-100	-100
8	449	-100	-100
8	1133	-100	-100
8	1173	-100	-100
8	1746	-100	-100
8	1787	-100	-100
8	721	-100	-100
8	1451	-100	-100
8	702	-100	-100
8	709	-100	-100
8	218	-100	-100
8	1152	-100	-100
8	1571	-100	-100
8	1578	-100	-100
8	653	-100	-100
8	366	-100	-100
8	776	-100	-100
8	1415	-100	-100
8	210	-100	-100
8	1919	-100	-100
8	1359	-100	-100
8	205	-100	-100
8	1633	-100	-100
8	974	-100	-100
8	1452	-100	-100
8	419	-100	-100
8	209	-100	-100
8	338	-100	-100
8	41	-100	-100
8	173	-100	-100
8	1135	-100	-100
8	5	-100	-100
8	1193	-100	-100
8	1319	-100	-100
8	1515	-100	-100
8	1959	-100	-100
8	1372	-100	-100
8	231	-100	-100
8	660	-100	-100
8	1369	-100	-100
8	1493	-100	-100
8	1727	-100	-100
8	2000	-100	-100
8	1698	-100	-100
8	910	-100	-100
8	214	-100	-100
8	781	-100	-100
8	1670	-100	-100
8	63	-100	-100
8	733	-100	-100
8	273	-100	-100
8	1407	-100	-100
8	402	-100	-100
8	1794	-100	-100
8	1092	-100	-100
8	668	-100	-100
8	1497	-100	-100
8	1366	-100	-100
8	1588	-100	-100
8	785	-100	-100
8	1361	-100	-100
8	342	-100	-100
8	978	-100	-100
8	414	-100	-100
8	647	-100	-100
8	1917	-100	-100
8	1996	-100	-100
8	1967	-100	-100
8	229	-100	-100
8	858	-100	-100
8	140	-100	-100
8	1874	-100	-100
8	819	-100	-100
8	1713	-100	-100
8	1928	-100	-100
8	1841	-100	-100
8	1379	-100	-100
8	1265	-100	-100
8	1507	-100	-100
8	1806	-100	-100
8	1567	-100	-100
8	756	-100	-100
8	1258	-100	-100
8	1420	-100	-100
8	470	-100	-100
8	1004	-100	-100
8	299	-100	-100
8	227	-100	-100
8	395	-100	-100
8	103	-100	-100
8	933	-100	-100
8	882	-100	-100
8	1900	-100	-100
8	363	-100	-100
8	1005	-100	-100
8	1346	-100	-100
8	1529	-100	-100
8	920	-100	-100
8	833	-100	-100
8	1863	-100	-100
8	61	-100	-100
8	1581	-100	-100
8	1030	-100	-100
8	1176	-100	-100
8	1348	-100	-100
8	433	-100	-100
8	1031	-100	-100
8	1586	-100	-100
8	695	-100	-100
8	1594	-100	-100
8	1756	-100	-100
8	1169	-100	-100
8	300	-100	-100
8	1547	-100	-100
8	1028	-100	-100
8	183	-100	-100
8	1272	-100	-100
8	1927	-100	-100
8	46	-100	-100
8	1826	-100	-100
8	1262	-100	-100
8	253	-100	-100
8	435	-100	-100
8	1916	-100	-100
8	760	-100	-100
8	286	-100	-100
8	1689	-100	-100
8	293	-100	-100
8	50	-100	-100
8	306	-100	-100
8	971	-100	-100
8	387	-100	-100
8	1733	-100	-100
8	1231	-100	-100
8	1945	-100	-100
8	1353	-100	-100
8	1222	-100	-100
8	1037	-100	-100
8	282	-100	-100
8	1121	-100	-100
8	965	-100	-100
8	159	-100	-100
8	983	-100	-100
8	1446	-100	-100
8	806	-100	-100
8	788	-100	-100
8	111	-100	-100
8	770	-100	-100
8	1879	-100	-100
8	841	-100	-100
8	406	-100	-100
8	1291	-100	-100
8	1049	-100	-100
8	1675	-100	-100
8	1974	-100	-100
8	260	-100	-100
8	119	-100	-100
8	842	-100	-100
8	1582	-100	-100
8	117	-100	-100
8	1094	-100	-100
8	666	-100	-100
8	220	-100	-100
8	1949	-100	-100
8	859	-100	-100
8	1708	-100	-100
8	431	-100	-100
8	1033	-100	-100
8	1847	-100	-100
8	1107	-100	-100
8	85	-100	-100
8	1748	-100	-100
8	1089	-100	-100
8	667	-100	-100
8	1991	-100	-100
8	1310	-100	-100
8	1219	-100	-100
8	1792	-100	-100
8	792	-100	-100
8	1478	-100	-100
8	295	-100	-100
8	120	-100	-100
8	1682	-100	-100
8	398	-100	-100
8	963	-100	-100
8	92	-100	-100
8	385	-100	-100
8	1227	-100	-100
12	682	-100	-100
12	279	-100	-100
12	810	-100	-100
12	303	-100	-100
12	968	-100	-100
12	879	-100	-100
12	1894	-100	-100
12	38	-100	-100
12	1131	-100	-100
12	1235	-100	-100
12	1029	-100	-100
12	1844	-100	-100
12	170	-100	-100
12	751	-100	-100
12	1433	-100	-100
12	1728	-100	-100
12	1410	-100	-100
12	143	-100	-100
12	413	-100	-100
12	1914	-100	-100
12	1863	-100	-100
12	1202	-100	-100
12	1174	-100	-100
12	451	-100	-100
12	1071	-100	-100
12	781	-100	-100
12	1067	-100	-100
12	1622	-100	-100
12	1068	-100	-100
12	1286	-100	-100
12	1982	-100	-100
12	466	-100	-100
12	525	-100	-100
12	289	-100	-100
12	786	-100	-100
12	1118	-100	-100
12	1290	-100	-100
12	1763	-100	-100
12	769	-100	-100
12	903	-100	-100
12	483	-100	-100
12	529	-100	-100
12	242	-100	-100
12	891	-100	-100
12	1276	-100	-100
12	1230	-100	-100
12	1793	-100	-100
12	1043	-100	-100
12	1069	-100	-100
12	333	-100	-100
12	117	-100	-100
12	742	-100	-100
12	1177	-100	-100
12	27	-100	-100
12	71	-100	-100
12	1089	-100	-100
12	621	-100	-100
12	707	-100	-100
12	547	-100	-100
12	1181	-100	-100
12	570	-100	-100
12	1152	-100	-100
12	442	-100	-100
12	991	-100	-100
12	1971	-100	-100
12	222	-100	-100
12	1938	-100	-100
12	629	-100	-100
12	1650	-100	-100
12	837	-100	-100
12	292	-100	-100
12	1663	-100	-100
12	687	-100	-100
12	1017	-100	-100
12	1616	-100	-100
12	379	-100	-100
12	1696	-100	-100
12	1197	-100	-100
12	1134	-100	-100
12	632	-100	-100
12	771	-100	-100
12	1025	-100	-100
12	1364	-100	-100
12	134	-100	-100
12	1689	-100	-100
12	64	-100	-100
12	1685	-100	-100
12	1954	-100	-100
12	41	-100	-100
12	1405	-100	-100
12	1724	-100	-100
12	1447	-100	-100
12	355	-100	-100
12	1351	-100	-100
12	151	-100	-100
12	773	-100	-100
12	477	-100	-100
12	1190	-100	-100
12	48	-100	-100
12	1609	-100	-100
12	1718	-100	-100
12	1848	-100	-100
12	1444	-100	-100
12	319	-100	-100
12	1361	-100	-100
12	1303	-100	-100
12	46	-100	-100
12	680	-100	-100
12	95	-100	-100
12	1191	-100	-100
12	1137	-100	-100
12	1716	-100	-100
12	1674	-100	-100
12	1108	-100	-100
12	1777	-100	-100
12	337	-100	-100
12	1335	-100	-100
12	833	-100	-100
12	1656	-100	-100
12	787	-100	-100
12	644	-100	-100
12	1168	-100	-100
12	705	-100	-100
12	93	-100	-100
12	272	-100	-100
12	485	-100	-100
12	1219	-100	-100
12	927	-100	-100
12	1309	-100	-100
12	1970	-100	-100
12	931	-100	-100
12	1034	-100	-100
12	850	-100	-100
12	429	-100	-100
12	1099	-100	-100
12	847	-100	-100
12	1958	-100	-100
12	1739	-100	-100
12	572	-100	-100
12	1721	-100	-100
12	1618	-100	-100
12	1988	-100	-100
12	1821	-100	-100
12	513	-100	-100
12	544	-100	-100
12	1223	-100	-100
12	1196	-100	-100
12	1752	-100	-100
12	192	-100	-100
12	1426	-100	-100
12	1861	-100	-100
12	1164	-100	-100
12	1686	-100	-100
12	1596	-100	-100
12	934	-100	-100
12	964	-100	-100
12	937	-100	-100
12	1158	-100	-100
12	105	-100	-100
12	619	-100	-100
12	624	-100	-100
12	975	-100	-100
12	1917	-100	-100
12	392	-100	-100
12	1884	-100	-100
12	1768	-100	-100
12	673	-100	-100
12	643	-100	-100
12	552	-100	-100
12	1304	-100	-100
12	1628	-100	-100
12	1269	-100	-100
12	1443	-100	-100
12	1350	-100	-100
12	605	-100	-100
12	738	-100	-100
12	793	-100	-100
12	1705	-100	-100
12	1057	-100	-100
12	1396	-100	-100
12	600	-100	-100
12	688	-100	-100
12	270	-100	-100
12	80	-100	-100
12	631	-100	-100
12	247	-100	-100
12	566	-100	-100
12	497	-100	-100
12	33	-100	-100
12	1262	-100	-100
12	1142	-100	-100
12	408	-100	-100
12	797	-100	-100
12	883	-100	-100
12	537	-100	-100
12	710	-100	-100
12	1819	-100	-100
12	1145	-100	-100
12	715	-100	-100
12	115	-100	-100
12	418	-100	-100
12	897	-100	-100
12	967	-100	-100
12	718	-100	-100
12	212	-100	-100
12	1734	-100	-100
12	230	-100	-100
12	722	-100	-100
12	1687	-100	-100
12	365	-100	-100
12	690	-100	-100
12	946	-100	-100
12	1015	-100	-100
12	1580	-100	-100
12	1899	-100	-100
12	380	-100	-100
12	1328	-100	-100
12	1430	-100	-100
12	1714	-100	-100
12	1778	-100	-100
12	1638	-100	-100
12	262	-100	-100
12	689	-100	-100
12	1873	-100	-100
12	271	-100	-100
12	999	-100	-100
12	678	-100	-100
12	1803	-100	-100
12	1274	-100	-100
12	805	-100	-100
12	522	-100	-100
12	1956	-100	-100
12	559	-100	-100
12	845	-100	-100
12	111	-100	-100
12	918	-100	-100
12	1590	-100	-100
12	895	-100	-100
12	224	-100	-100
12	1334	-100	-100
12	620	-100	-100
12	1281	-100	-100
12	1271	-100	-100
12	291	-100	-100
12	592	-100	-100
12	252	-100	-100
12	612	-100	-100
12	1854	-100	-100
12	1249	-100	-100
12	904	-100	-100
12	557	-100	-100
12	923	-100	-100
12	752	-100	-100
12	53	-100	-100
12	561	-100	-100
12	1951	-100	-100
12	1456	-100	-100
12	1013	-100	-100
12	1766	-100	-100
12	1398	-100	-100
12	1314	-100	-100
12	397	-100	-100
12	139	-100	-100
12	196	-100	-100
12	182	-100	-100
12	186	-100	-100
12	24	-100	-100
12	415	-100	-100
12	1965	-100	-100
12	1750	-100	-100
12	744	-100	-100
12	1376	-100	-100
12	1900	-100	-100
12	1946	-100	-100
12	387	-100	-100
12	187	-100	-100
12	308	-100	-100
12	304	-100	-100
12	1634	-100	-100
12	344	-100	-100
12	1302	-100	-100
12	207	-100	-100
12	1602	-100	-100
12	1123	-100	-100
12	79	-100	-100
12	732	-100	-100
12	745	-100	-100
12	974	-100	-100
12	1205	-100	-100
12	1450	-100	-100
12	969	-100	-100
12	1052	-100	-100
12	210	-100	-100
12	341	-100	-100
12	346	-100	-100
12	480	-100	-100
12	579	-100	-100
12	800	-100	-100
12	756	-100	-100
12	1704	-100	-100
12	457	-100	-100
12	301	-100	-100
12	1591	-100	-100
12	1412	-100	-100
12	530	-100	-100
12	364	-100	-100
12	1347	-100	-100
12	594	-100	-100
12	159	-100	-100
12	1039	-100	-100
12	647	-100	-100
12	1693	-100	-100
12	357	-100	-100
12	861	-100	-100
12	1770	-100	-100
12	378	-100	-100
12	755	-100	-100
12	433	-100	-100
12	1243	-100	-100
12	981	-100	-100
12	1587	-100	-100
12	235	-100	-100
12	980	-100	-100
12	328	-100	-100
12	122	-100	-100
12	681	-100	-100
12	1313	-100	-100
12	849	-100	-100
12	1595	-100	-100
12	179	-100	-100
12	229	-100	-100
12	1879	-100	-100
12	99	-100	-100
12	1023	-100	-100
12	193	-100	-100
12	695	-100	-100
12	1678	-100	-100
12	205	-100	-100
12	1601	-100	-100
12	646	-100	-100
12	949	-100	-100
12	1830	-100	-100
12	1317	-100	-100
12	554	-100	-100
12	1795	-100	-100
12	1296	-100	-100
12	1909	-100	-100
12	489	-100	-100
12	1140	-100	-100
12	720	-100	-100
12	167	-100	-100
12	1857	-100	-100
12	82	-100	-100
12	1167	-100	-100
12	957	-100	-100
12	1441	-100	-100
12	1372	-100	-100
12	436	-100	-100
12	1056	-100	-100
12	1855	-100	-100
12	1270	-100	-100
12	141	-100	-100
12	656	-100	-100
12	1694	-100	-100
12	836	-100	-100
12	1209	-100	-100
12	1969	-100	-100
12	536	-100	-100
12	345	-100	-100
12	120	-100	-100
12	127	-100	-100
12	1239	-100	-100
12	1362	-100	-100
12	237	-100	-100
12	297	-100	-100
12	1110	-100	-100
12	124	-100	-100
12	665	-100	-100
12	1757	-100	-100
12	1213	-100	-100
12	1617	-100	-100
12	1667	-100	-100
12	375	-100	-100
12	1957	-100	-100
12	677	-100	-100
12	1692	-100	-100
12	177	-100	-100
12	1627	-100	-100
12	372	-100	-100
12	1919	-100	-100
12	447	-100	-100
12	1631	-100	-100
12	535	-100	-100
12	62	-100	-100
12	1698	-100	-100
12	893	-100	-100
12	1278	-100	-100
12	1343	-100	-100
12	359	-100	-100
12	1983	-100	-100
12	1941	-100	-100
12	1731	-100	-100
12	1792	-100	-100
12	18	-100	-100
12	72	-100	-100
12	1436	-100	-100
12	1711	-100	-100
12	411	-100	-100
12	1306	-100	-100
12	1807	-100	-100
12	97	-100	-100
12	1007	-100	-100
12	1329	-100	-100
12	511	-100	-100
12	652	-100	-100
12	1375	-100	-100
12	1222	-100	-100
12	1762	-100	-100
12	1984	-100	-100
12	1834	-100	-100
12	1709	-100	-100
11	1315	-100	-100
11	1939	-100	-100
11	1764	-100	-100
11	586	-100	-100
11	888	-100	-100
11	151	-100	-100
11	1671	-100	-100
11	742	-100	-100
11	1674	-100	-100
11	1053	-100	-100
11	425	-100	-100
11	180	-100	-100
11	1153	-100	-100
11	968	-100	-100
11	1815	-100	-100
11	272	-100	-100
11	472	-100	-100
11	300	-100	-100
11	1164	-100	-100
11	1779	-100	-100
11	1484	-100	-100
11	1943	-100	-100
11	1174	-100	-100
11	435	-100	-100
11	720	-100	-100
11	171	-100	-100
11	1062	-100	-100
11	1656	-100	-100
11	395	-100	-100
11	950	-100	-100
11	507	-100	-100
11	812	-100	-100
11	829	-100	-100
11	971	-100	-100
11	1723	-100	-100
11	1695	-100	-100
11	898	-100	-100
11	1087	-100	-100
11	1317	-100	-100
11	1600	-100	-100
11	1878	-100	-100
11	1998	-100	-100
11	1465	-100	-100
11	191	-100	-100
11	1963	-100	-100
11	759	-100	-100
11	1758	-100	-100
11	1895	-100	-100
11	1518	-100	-100
11	1479	-100	-100
11	764	-100	-100
11	1257	-100	-100
11	664	-100	-100
11	141	-100	-100
11	1828	-100	-100
11	73	-100	-100
11	623	-100	-100
11	910	-100	-100
11	1659	-100	-100
11	71	-100	-100
11	1531	-100	-100
11	1110	-100	-100
11	534	-100	-100
11	480	-100	-100
11	382	-100	-100
11	372	-100	-100
11	1093	-100	-100
11	642	-100	-100
11	391	-100	-100
11	914	-100	-100
11	1314	-100	-100
11	1548	-100	-100
11	1609	-100	-100
11	1014	-100	-100
11	1511	-100	-100
11	1583	-100	-100
11	1649	-100	-100
11	1593	-100	-100
11	594	-100	-100
11	635	-100	-100
11	1612	-100	-100
11	1082	-100	-100
11	655	-100	-100
11	1954	-100	-100
11	792	-100	-100
11	100	-100	-100
11	543	-100	-100
11	1559	-100	-100
11	262	-100	-100
11	1541	-100	-100
11	1911	-100	-100
11	1244	-100	-100
11	978	-100	-100
11	266	-100	-100
11	128	-100	-100
11	1809	-100	-100
11	1239	-100	-100
11	1084	-100	-100
11	1788	-100	-100
11	417	-100	-100
11	587	-100	-100
11	567	-100	-100
11	1873	-100	-100
11	240	-100	-100
11	152	-100	-100
11	338	-100	-100
11	1131	-100	-100
11	66	-100	-100
11	1597	-100	-100
11	544	-100	-100
11	998	-100	-100
11	988	-100	-100
11	396	-100	-100
11	1587	-100	-100
11	1241	-100	-100
11	1625	-100	-100
11	1483	-100	-100
11	997	-100	-100
11	201	-100	-100
11	1615	-100	-100
11	715	-100	-100
11	232	-100	-100
11	1172	-100	-100
11	22	-100	-100
11	1893	-100	-100
11	702	-100	-100
11	572	-100	-100
11	437	-100	-100
11	1283	-100	-100
11	1515	-100	-100
11	224	-100	-100
11	1078	-100	-100
11	1896	-100	-100
11	56	-100	-100
11	681	-100	-100
11	1143	-100	-100
11	1260	-100	-100
11	752	-100	-100
11	705	-100	-100
11	244	-100	-100
11	1915	-100	-100
11	984	-100	-100
11	1200	-100	-100
11	1030	-100	-100
11	1751	-100	-100
11	1988	-100	-100
11	854	-100	-100
11	907	-100	-100
11	1249	-100	-100
11	367	-100	-100
11	413	-100	-100
11	1728	-100	-100
11	662	-100	-100
11	1238	-100	-100
11	1504	-100	-100
11	547	-100	-100
11	621	-100	-100
11	1089	-100	-100
11	1191	-100	-100
11	1819	-100	-100
11	1700	-100	-100
11	1086	-100	-100
11	1258	-100	-100
11	1560	-100	-100
11	1535	-100	-100
11	722	-100	-100
11	303	-100	-100
11	1990	-100	-100
11	1991	-100	-100
11	74	-100	-100
11	787	-100	-100
11	321	-100	-100
11	1765	-100	-100
11	884	-100	-100
11	1486	-100	-100
11	1528	-100	-100
11	373	-100	-100
11	1662	-100	-100
11	639	-100	-100
11	1931	-100	-100
11	284	-100	-100
11	712	-100	-100
11	465	-100	-100
11	1331	-100	-100
11	1704	-100	-100
11	1950	-100	-100
11	1342	-100	-100
11	1155	-100	-100
11	134	-100	-100
11	1058	-100	-100
11	1001	-100	-100
11	1774	-100	-100
11	1822	-100	-100
11	1669	-100	-100
11	462	-100	-100
11	717	-100	-100
11	871	-100	-100
11	1106	-100	-100
11	1159	-100	-100
11	872	-100	-100
11	848	-100	-100
11	1028	-100	-100
11	103	-100	-100
11	418	-100	-100
11	463	-100	-100
11	1192	-100	-100
11	1092	-100	-100
11	1934	-100	-100
11	1016	-100	-100
11	1964	-100	-100
11	954	-100	-100
11	449	-100	-100
11	1619	-100	-100
11	408	-100	-100
11	612	-100	-100
11	414	-100	-100
11	928	-100	-100
11	615	-100	-100
11	118	-100	-100
11	1302	-100	-100
11	728	-100	-100
11	719	-100	-100
11	804	-100	-100
11	573	-100	-100
11	843	-100	-100
11	551	-100	-100
11	1875	-100	-100
11	672	-100	-100
11	981	-100	-100
11	138	-100	-100
11	1636	-100	-100
11	985	-100	-100
11	1835	-100	-100
11	716	-100	-100
11	270	-100	-100
11	1579	-100	-100
11	30	-100	-100
11	1904	-100	-100
11	121	-100	-100
11	55	-100	-100
11	226	-100	-100
11	355	-100	-100
11	1640	-100	-100
11	443	-100	-100
11	1024	-100	-100
11	49	-100	-100
11	732	-100	-100
11	862	-100	-100
11	361	-100	-100
11	1304	-100	-100
11	1968	-100	-100
11	877	-100	-100
11	864	-100	-100
11	531	-100	-100
11	989	-100	-100
11	1715	-100	-100
11	564	-100	-100
11	513	-100	-100
11	61	-100	-100
11	1141	-100	-100
11	803	-100	-100
11	768	-100	-100
11	1894	-100	-100
11	1305	-100	-100
11	808	-100	-100
11	1667	-100	-100
11	811	-100	-100
11	955	-100	-100
11	325	-100	-100
11	1003	-100	-100
11	429	-100	-100
11	831	-100	-100
11	315	-100	-100
11	1637	-100	-100
11	750	-100	-100
11	783	-100	-100
11	1075	-100	-100
11	1992	-100	-100
11	770	-100	-100
11	187	-100	-100
11	1568	-100	-100
11	205	-100	-100
11	1710	-100	-100
11	495	-100	-100
11	1296	-100	-100
11	1464	-100	-100
11	1051	-100	-100
11	1561	-100	-100
11	821	-100	-100
11	987	-100	-100
11	323	-100	-100
11	553	-100	-100
11	735	-100	-100
11	86	-100	-100
11	1665	-100	-100
11	1955	-100	-100
11	1623	-100	-100
11	1312	-100	-100
11	279	-100	-100
11	1702	-100	-100
11	245	-100	-100
11	856	-100	-100
11	923	-100	-100
11	1496	-100	-100
11	1175	-100	-100
11	52	-100	-100
11	613	-100	-100
11	1262	-100	-100
11	948	-100	-100
11	65	-100	-100
11	331	-100	-100
11	258	-100	-100
11	921	-100	-100
11	706	-100	-100
11	729	-100	-100
11	426	-100	-100
11	98	-100	-100
11	1800	-100	-100
11	878	-100	-100
11	1178	-100	-100
11	24	-100	-100
11	75	-100	-100
11	1900	-100	-100
11	1503	-100	-100
11	1657	-100	-100
11	1276	-100	-100
11	879	-100	-100
11	1188	-100	-100
11	1073	-100	-100
11	1632	-100	-100
11	725	-100	-100
11	1021	-100	-100
11	1308	-100	-100
11	1688	-100	-100
11	1165	-100	-100
11	407	-100	-100
11	1267	-100	-100
11	1005	-100	-100
11	1521	-100	-100
11	982	-100	-100
11	851	-100	-100
11	1101	-100	-100
11	1932	-100	-100
11	114	-100	-100
11	1265	-100	-100
11	214	-100	-100
11	1013	-100	-100
11	1232	-100	-100
11	288	-100	-100
11	665	-100	-100
11	1838	-100	-100
11	1123	-100	-100
11	445	-100	-100
11	1918	-100	-100
11	135	-100	-100
11	520	-100	-100
11	466	-100	-100
11	200	-100	-100
11	40	-100	-100
11	1732	-100	-100
11	1616	-100	-100
11	627	-100	-100
11	1318	-100	-100
11	1525	-100	-100
11	47	-100	-100
11	464	-100	-100
11	1072	-100	-100
11	1468	-100	-100
11	345	-100	-100
11	1606	-100	-100
11	519	-100	-100
11	314	-100	-100
11	13	-100	-100
11	376	-100	-100
11	1096	-100	-100
11	556	-100	-100
11	1825	-100	-100
11	410	-100	-100
11	1117	-100	-100
11	1138	-100	-100
11	1120	-100	-100
11	1638	-100	-100
11	170	-100	-100
11	1067	-100	-100
11	1993	-100	-100
11	454	-100	-100
11	423	-100	-100
11	1927	-100	-100
11	62	-100	-100
11	173	-100	-100
11	986	-100	-100
11	477	-100	-100
11	124	-100	-100
11	1996	-100	-100
11	1610	-100	-100
11	1962	-100	-100
11	181	-100	-100
11	620	-100	-100
11	155	-100	-100
11	364	-100	-100
11	1524	-100	-100
11	535	-100	-100
11	227	-100	-100
11	82	-100	-100
11	870	-100	-100
11	1872	-100	-100
11	499	-100	-100
11	983	-100	-100
11	1502	-100	-100
11	673	-100	-100
11	116	-100	-100
11	487	-100	-100
11	36	-100	-100
11	137	-100	-100
11	442	-100	-100
11	308	-100	-100
11	305	-100	-100
11	1160	-100	-100
11	1551	-100	-100
11	1626	-100	-100
11	840	-100	-100
11	1011	-100	-100
11	953	-100	-100
11	1729	-100	-100
11	876	-100	-100
11	591	-100	-100
11	1246	-100	-100
11	903	-100	-100
11	1718	-100	-100
5	829	-100	-100
5	791	-100	-100
5	1477	-100	-100
5	1180	-100	-100
5	1883	-100	-100
5	707	-100	-100
1	1628	-100	-100
1	1207	-100	-100
1	317	-100	-100
1	1935	-100	-100
1	299	-100	-100
1	479	-100	-100
1	1432	-100	-100
1	1405	-100	-100
1	1545	-100	-100
1	590	-100	-100
1	746	-100	-100
1	1472	-100	-100
1	139	-100	-100
1	74	-100	-100
1	1571	-100	-100
1	1538	-100	-100
1	808	-100	-100
1	927	-100	-100
1	656	-100	-100
1	441	-100	-100
1	851	-100	-100
13	575	-100	-100
13	1325	-100	-100
13	1944	-100	-100
13	1171	-100	-100
13	424	-100	-100
13	754	-100	-100
13	1756	-100	-100
13	1156	-100	-100
13	251	-100	-100
13	1251	-100	-100
13	529	-100	-100
13	1694	-100	-100
13	1148	-100	-100
13	1084	-100	-100
13	1375	-100	-100
13	194	-100	-100
13	923	-100	-100
13	566	-100	-100
13	616	-100	-100
13	1446	-100	-100
13	1093	-100	-100
13	957	-100	-100
13	1085	-100	-100
13	755	-100	-100
13	1132	-100	-100
13	186	-100	-100
13	1824	-100	-100
13	689	-100	-100
13	1407	-100	-100
13	1741	-100	-100
13	1261	-100	-100
13	731	-100	-100
13	629	-100	-100
13	1752	-100	-100
13	333	-100	-100
13	339	-100	-100
13	170	-100	-100
13	1799	-100	-100
13	736	-100	-100
13	516	-100	-100
13	503	-100	-100
13	1249	-100	-100
16	1449	-100	-100
16	601	-100	-100
16	1382	-100	-100
16	934	-100	-100
16	926	-100	-100
16	179	-100	-100
16	721	-100	-100
16	371	-100	-100
16	576	-100	-100
16	1516	-100	-100
16	1058	-100	-100
16	63	-100	-100
16	50	-100	-100
16	1877	-100	-100
16	1136	-100	-100
16	1767	-100	-100
16	1538	-100	-100
16	1691	-100	-100
16	1333	-100	-100
16	669	-100	-100
16	1013	-100	-100
16	187	-100	-100
16	1470	-100	-100
16	1246	-100	-100
16	1411	-100	-100
16	872	-100	-100
16	616	-100	-100
16	168	-100	-100
16	1782	-100	-100
16	18	-100	-100
16	343	-100	-100
16	1865	-100	-100
16	1823	-100	-100
16	1834	-100	-100
16	311	-100	-100
16	1464	-100	-100
16	1956	-100	-100
16	1850	-100	-100
16	283	-100	-100
16	1698	-100	-100
16	154	-100	-100
16	531	-100	-100
16	774	-100	-100
16	1163	-100	-100
16	726	-100	-100
16	839	-100	-100
16	29	-100	-100
16	96	-100	-100
16	981	-100	-100
16	861	-100	-100
16	1231	-100	-100
4	475	-100	-100
4	819	-100	-100
4	373	-100	-100
4	1603	-100	-100
4	850	-100	-100
4	1217	-100	-100
4	1353	-100	-100
4	1991	-100	-100
4	1626	-100	-100
4	1485	-100	-100
4	334	-100	-100
4	331	-100	-100
4	669	-100	-100
4	1697	-100	-100
4	760	-100	-100
4	1797	-100	-100
4	1164	-100	-100
4	427	-100	-100
4	643	-100	-100
4	1887	-100	-100
4	1493	-100	-100
4	583	-100	-100
4	1865	-100	-100
4	315	-100	-100
4	64	-100	-100
4	1722	-100	-100
4	1084	-100	-100
4	1147	-100	-100
4	562	-100	-100
4	1185	-100	-100
4	1295	-100	-100
4	269	-100	-100
4	493	-100	-100
4	932	-100	-100
4	1207	-100	-100
4	1049	-100	-100
4	468	-100	-100
4	993	-100	-100
4	505	-100	-100
4	224	-100	-100
4	1435	-100	-100
4	797	-100	-100
4	61	-100	-100
4	728	-100	-100
4	364	-100	-100
4	801	-100	-100
4	811	-100	-100
4	429	-100	-100
4	1692	-100	-100
4	1732	-100	-100
4	433	-100	-100
4	1247	-100	-100
4	1852	-100	-100
4	1613	-100	-100
7	1505	-100	-100
7	555	-100	-100
7	146	-100	-100
7	774	-100	-100
7	34	-100	-100
7	695	-100	-100
7	653	-100	-100
7	1346	-100	-100
7	22	-100	-100
7	1567	-100	-100
7	403	-100	-100
7	742	-100	-100
7	297	-100	-100
7	1790	-100	-100
7	1583	-100	-100
7	942	-100	-100
7	1653	-100	-100
7	825	-100	-100
7	1794	-100	-100
7	700	-100	-100
7	229	-100	-100
7	729	-100	-100
7	55	-100	-100
7	1368	-100	-100
7	600	-100	-100
7	516	-100	-100
7	639	-100	-100
7	704	-100	-100
7	1113	-100	-100
7	1132	-100	-100
7	1282	-100	-100
7	194	-100	-100
7	1111	-100	-100
7	1977	-100	-100
7	388	-100	-100
7	1222	-100	-100
7	515	-100	-100
7	106	-100	-100
7	248	-100	-100
7	318	-100	-100
7	26	-100	-100
7	1536	-100	-100
7	1027	-100	-100
7	852	-100	-100
7	1427	-100	-100
7	1353	-100	-100
7	1602	-100	-100
7	939	-100	-100
7	1673	-100	-100
7	1048	-100	-100
7	1210	-100	-100
7	193	-100	-100
7	965	-100	-100
7	1754	-100	-100
7	1398	-100	-100
7	1337	-100	-100
7	450	-100	-100
7	782	-100	-100
7	408	-100	-100
7	985	-100	-100
7	1815	-100	-100
7	1123	-100	-100
7	1888	-100	-100
7	1272	-100	-100
7	665	-100	-100
7	1634	-100	-100
2	836	-100	-100
2	1265	-100	-100
2	349	-100	-100
2	1285	-100	-100
2	611	-100	-100
2	1314	-100	-100
2	321	-100	-100
2	1239	-100	-100
2	316	-100	-100
2	195	-100	-100
2	571	-100	-100
2	1594	-100	-100
2	1763	-100	-100
2	771	-100	-100
2	1954	-100	-100
2	266	-100	-100
2	1405	-100	-100
2	650	-100	-100
2	246	-100	-100
2	1716	-100	-100
2	1327	-100	-100
2	1788	-100	-100
2	1156	-100	-100
2	138	-100	-100
2	705	-100	-100
2	1504	-100	-100
2	187	-100	-100
2	358	-100	-100
2	1755	-100	-100
2	1183	-100	-100
2	1119	-100	-100
2	124	-100	-100
2	1174	-100	-100
2	737	-100	-100
2	991	-100	-100
2	1862	-100	-100
2	565	-100	-100
2	294	-100	-100
2	913	-100	-100
2	1838	-100	-100
2	779	-100	-100
2	361	-100	-100
2	304	-100	-100
2	1569	-100	-100
2	1514	-100	-100
2	469	-100	-100
2	1502	-100	-100
2	42	-100	-100
2	1903	-100	-100
2	924	-100	-100
2	1601	-100	-100
2	1861	-100	-100
2	1667	-100	-100
2	404	-100	-100
2	234	-100	-100
2	1006	-100	-100
2	1309	-100	-100
2	1263	-100	-100
2	1078	-100	-100
2	1266	-100	-100
2	563	-100	-100
2	393	-100	-100
2	47	-100	-100
2	899	-100	-100
2	528	-100	-100
2	1391	-100	-100
2	1328	-100	-100
2	1230	-100	-100
2	567	-100	-100
2	1198	-100	-100
2	1455	-100	-100
2	546	-100	-100
2	1292	-100	-100
2	1819	-100	-100
2	983	-100	-100
2	131	-100	-100
2	957	-100	-100
2	648	-100	-100
2	1835	-100	-100
2	986	-100	-100
2	1878	-100	-100
2	1104	-100	-100
1527	64	-100	-100
1013	148	-100	-100
621	1148	-100	-100
621	35	-100	-100
1954	891	-100	-100
1954	667	-100	-100
779	1359	-100	-100
779	1169	-100	-100
771	1367	-100	-100
771	1282	-100	-100
516	320	-100	-100
516	867	-100	-100
177	53	-100	-100
864	953	-100	-100
382	1764	-100	-100
357	717	-100	-100
1274	654	-100	-100
861	1037	-100	-100
558	907	-100	-100
1182	1547	-100	-100
1607	527	-100	-100
1473	533	-100	-100
1611	1424	-100	-100
