1000
3072
2
1	2	9	3
1	3	3	7
1	4	1	7
1	5	9	8
1	6	5	7
1	7	10	9
1	8	8	2
1	9	10	6
1	10	9	8
1	11	4	7
1	12	10	4
1	13	1	2
1	14	10	2
1	15	10	7
1	16	6	7
1	17	10	4
1	18	7	10
1	19	5	6
1	20	1	5
1	21	7	9
1	22	2	5
1	23	1	8
1	24	4	6
1	25	1	5
1	26	5	1
1	27	9	8
1	28	1	4
1	29	9	10
1	30	7	3
1	31	6	3
1	32	9	8
1	33	4	3
1	34	5	3
1	35	9	8
1	36	1	3
1	37	8	10
1	38	7	8
1	39	2	4
1	40	4	8
1	41	3	2
1	42	1	9
1	43	3	1
1	44	3	6
1	45	9	4
1	46	2	1
1	47	2	4
1	48	9	8
1	49	3	5
1	50	5	7
1	51	10	8
1	52	7	5
1	53	5	2
1	54	4	2
1	55	2	9
1	56	3	5
1	57	4	9
1	58	5	4
1	59	3	5
1	60	3	4
1	61	3	4
1	62	1	8
1	63	2	6
1	64	7	4
1	65	6	10
1	66	2	4
1	67	10	9
1	68	6	5
1	69	8	5
1	70	3	5
1	71	9	7
1	72	6	5
2	73	6	3
2	74	5	3
2	75	7	5
2	76	7	8
2	77	1	5
2	78	6	10
2	79	1	6
3	80	9	8
3	81	8	2
3	82	2	9
3	83	6	2
3	84	9	7
3	85	2	4
3	86	6	7
3	87	4	7
3	88	7	10
3	89	6	10
3	90	6	10
3	91	3	1
3	92	1	10
3	93	5	9
3	94	7	3
3	95	4	7
3	96	1	4
3	97	7	6
3	98	3	5
3	99	6	8
3	100	4	1
3	101	5	2
3	102	5	4
3	103	2	1
3	104	5	2
3	105	7	4
3	106	8	1
3	107	4	9
3	108	5	7
3	109	2	4
3	110	9	2
3	111	1	8
3	112	2	6
3	113	7	3
3	114	1	3
3	115	6	1
3	116	5	4
3	117	1	7
3	118	6	4
3	119	1	5
3	120	4	2
3	121	1	4
3	122	7	5
3	123	8	9
3	124	7	9
3	125	2	9
3	126	9	8
3	127	3	4
3	128	10	3
3	129	8	10
3	130	5	7
3	131	1	5
3	132	9	4
3	133	4	3
3	134	5	8
3	135	6	4
3	136	2	9
3	137	3	6
3	138	10	7
3	139	3	9
3	140	5	4
3	141	9	6
3	142	5	10
3	143	4	7
3	144	10	9
3	145	4	6
3	146	6	4
3	147	10	2
3	148	1	6
3	149	7	6
3	150	4	10
3	151	1	7
3	152	9	2
3	153	4	9
3	154	2	1
3	155	4	5
3	156	10	6
3	157	3	7
3	158	9	4
3	159	9	7
3	160	5	8
3	161	3	5
3	162	2	1
3	163	8	7
3	164	5	2
3	165	9	8
3	166	6	2
3	167	3	9
3	168	5	1
3	169	9	5
4	170	2	6
4	171	2	4
4	172	6	4
4	173	8	10
4	174	6	4
4	175	7	5
4	176	2	8
4	177	1	8
4	178	1	8
4	179	3	4
4	180	5	1
4	181	6	8
4	182	10	6
4	183	10	7
4	184	9	3
4	185	4	3
4	186	9	4
4	187	1	5
4	188	8	3
4	189	2	5
4	190	6	5
4	191	9	2
4	192	5	7
4	193	3	2
4	194	3	2
4	195	2	1
4	196	2	10
4	197	1	6
4	198	9	3
4	199	5	3
4	200	7	2
4	201	8	10
4	202	7	4
4	203	1	3
4	204	2	1
4	205	2	4
5	206	8	1
5	207	10	5
5	208	7	4
5	209	2	10
5	210	1	4
5	211	4	7
5	212	8	10
5	213	5	4
5	214	9	3
5	215	6	8
5	216	10	9
5	217	8	10
5	218	7	8
5	219	1	4
5	220	4	7
5	221	9	8
5	222	5	7
5	223	8	7
5	224	8	2
5	225	9	5
5	226	2	4
5	227	3	4
5	228	1	7
5	229	7	3
5	230	8	2
5	231	7	8
5	232	4	1
5	233	5	10
5	234	9	4
5	235	3	5
5	236	5	10
5	237	6	3
5	238	9	4
5	239	8	7
5	240	8	3
5	241	9	4
5	242	8	4
5	243	4	2
5	244	9	1
5	245	7	3
5	246	7	1
5	33	9	5
5	247	6	4
5	248	2	1
5	249	2	4
5	250	6	5
5	251	9	2
5	252	6	4
5	253	4	5
5	254	8	10
5	255	2	6
5	256	7	2
5	257	9	5
5	258	2	4
5	259	3	8
5	260	1	6
5	261	5	10
5	262	5	2
5	263	3	10
5	264	4	1
5	265	7	4
5	266	8	10
5	267	3	8
5	268	7	1
5	269	1	8
5	270	1	5
5	271	1	5
5	272	9	6
5	273	9	7
5	274	6	1
5	275	3	9
5	276	4	1
5	277	2	3
5	278	6	2
5	279	3	4
5	280	8	5
5	281	1	7
5	282	2	8
5	283	7	6
5	284	2	3
5	285	1	5
5	286	3	10
5	287	8	7
6	288	9	8
6	289	3	9
6	290	7	6
6	291	10	3
6	292	1	2
6	293	9	6
6	294	5	9
6	295	2	8
6	296	7	6
6	297	3	1
6	298	8	3
6	299	2	4
6	300	10	9
6	301	1	6
6	302	9	10
6	303	5	7
6	304	7	8
6	305	10	9
6	306	3	5
6	307	3	6
6	308	6	3
6	309	6	5
6	310	2	5
6	311	2	3
6	312	1	8
6	313	9	1
6	314	6	8
6	315	6	2
6	316	1	6
6	317	5	7
6	318	4	8
6	319	2	4
6	320	6	9
6	321	8	2
6	322	3	10
6	323	7	4
6	324	8	4
6	325	8	4
6	326	7	4
6	327	6	8
6	328	6	5
6	329	1	8
6	330	9	8
6	8	10	3
6	331	5	9
6	332	3	2
6	333	2	3
6	334	5	2
6	335	3	2
6	336	4	7
6	337	2	9
6	10	5	8
6	338	8	9
6	339	8	1
6	340	1	7
6	341	7	10
6	342	4	1
6	343	1	9
6	344	2	5
6	345	8	6
6	346	5	9
6	347	4	2
6	348	1	5
6	349	7	2
6	350	1	7
6	351	8	7
6	14	6	8
6	352	7	6
6	353	9	7
6	354	10	6
6	355	2	8
6	356	7	6
6	357	1	3
6	358	10	5
6	179	1	2
6	359	2	4
6	360	2	4
6	361	4	7
6	362	2	4
6	363	3	5
6	364	8	6
6	239	8	2
6	365	7	1
6	366	7	10
6	367	7	6
6	368	5	2
6	369	9	1
6	22	6	9
6	370	2	4
6	371	7	5
6	372	3	4
6	373	10	5
6	374	6	9
6	375	3	8
6	376	7	2
6	377	8	10
6	378	10	1
6	379	7	9
6	380	6	1
6	381	8	4
6	382	10	5
6	383	5	7
6	384	6	5
6	242	7	6
6	385	5	4
6	386	1	7
6	387	5	6
6	388	10	2
6	389	2	8
6	390	1	6
6	391	2	9
6	33	4	3
6	392	2	3
6	393	8	4
6	394	7	6
6	395	2	8
6	396	10	7
6	397	8	7
6	398	8	7
6	399	10	5
6	400	5	3
6	401	9	10
6	402	10	8
6	403	10	1
6	404	4	3
6	405	6	10
6	406	2	6
6	407	2	1
6	408	3	9
6	42	9	5
6	409	5	2
6	410	7	8
6	411	5	7
6	412	1	5
6	413	8	5
6	414	8	4
6	415	9	2
6	416	2	1
6	43	8	10
6	417	9	8
6	418	5	8
6	419	7	10
6	420	7	6
6	421	6	10
6	422	10	1
6	423	4	10
6	424	3	1
6	425	1	7
6	426	10	1
6	427	10	5
6	428	2	6
6	429	5	10
6	430	10	8
6	431	9	4
6	432	8	1
6	433	5	10
6	434	8	3
6	435	8	9
6	436	3	8
6	437	7	3
6	438	5	10
6	439	3	9
6	440	8	6
6	441	5	8
6	442	8	4
6	443	2	10
6	444	10	3
6	445	4	1
6	446	6	2
6	447	4	8
6	448	6	2
6	449	9	2
6	450	6	5
6	451	5	8
7	452	2	10
7	453	1	9
7	454	4	3
7	455	3	6
7	456	9	6
7	457	2	5
7	458	2	9
7	459	8	1
7	460	9	3
7	461	5	8
7	462	4	5
7	463	10	5
7	464	6	8
7	33	10	5
7	465	1	2
7	466	8	10
7	467	1	8
7	56	7	2
7	468	9	8
7	469	10	7
7	470	8	4
7	471	2	7
8	472	7	9
8	473	4	1
8	474	2	9
8	475	4	7
8	476	9	10
8	477	7	1
8	478	8	3
8	479	3	2
8	480	9	4
8	481	7	1
8	482	10	5
8	483	8	3
8	484	8	6
8	485	5	2
8	486	3	8
8	487	8	3
8	488	5	3
8	489	9	1
8	490	3	10
8	491	6	4
8	492	2	1
8	493	1	10
8	494	2	8
8	221	3	1
8	495	6	10
8	496	10	6
8	497	8	1
8	498	4	7
8	499	10	7
8	500	5	4
8	501	4	6
8	502	9	1
8	503	4	2
8	504	5	7
8	505	7	4
8	506	1	3
8	507	8	3
8	508	8	1
8	509	9	4
8	510	9	7
8	511	7	3
8	512	7	10
8	13	8	7
8	513	6	7
8	514	1	7
8	515	8	9
8	516	5	8
8	517	7	6
8	518	2	3
8	356	8	9
8	519	8	3
8	520	6	8
8	521	3	9
8	522	8	3
8	523	7	4
8	524	9	1
8	525	2	8
8	526	1	9
8	527	10	6
8	528	3	9
8	529	9	7
8	530	2	5
8	531	2	9
8	532	3	2
8	533	1	8
8	534	2	4
8	535	6	9
8	536	3	4
8	373	8	7
8	537	9	3
8	538	2	7
8	539	10	4
8	540	10	5
8	541	6	8
8	542	8	9
8	543	7	2
8	544	6	5
8	545	5	4
8	546	1	3
8	244	4	10
8	547	7	3
8	548	7	3
8	549	7	9
8	550	4	8
8	551	5	4
8	552	5	1
8	553	7	6
8	554	5	7
8	555	8	10
8	556	2	6
8	557	2	6
8	558	4	10
8	559	8	2
8	560	3	9
8	400	6	2
8	561	10	8
8	562	4	3
8	563	3	2
8	564	2	6
8	565	8	10
8	566	10	6
8	567	3	2
8	568	8	2
8	569	8	7
8	570	1	4
8	571	3	8
8	572	1	2
8	573	9	10
8	574	9	4
8	575	10	5
8	255	3	6
8	576	4	7
8	577	3	10
8	578	5	8
8	579	6	3
8	580	7	4
8	581	6	7
8	582	9	10
8	583	10	7
8	584	5	7
8	585	3	8
8	586	4	9
8	587	6	5
8	588	2	6
8	423	7	9
8	589	1	7
8	590	8	5
8	591	10	3
8	592	9	10
8	593	10	6
8	594	4	8
8	595	8	6
8	596	3	4
8	597	6	3
8	598	6	9
8	599	1	5
8	600	3	5
8	601	10	9
8	602	3	7
8	603	5	2
8	604	5	9
8	605	8	3
8	606	8	5
8	607	1	9
8	608	1	8
8	609	9	6
8	610	10	2
8	611	2	1
8	55	1	10
8	612	9	3
8	613	3	10
8	614	7	2
8	615	1	2
8	616	2	7
8	617	4	2
8	618	6	9
8	60	7	5
8	619	3	6
8	620	2	9
8	621	10	1
8	622	1	10
8	623	9	5
8	624	6	2
8	625	3	8
8	626	10	5
8	627	9	7
8	628	8	7
8	629	1	9
8	69	6	2
8	630	7	2
8	631	10	1
9	632	2	8
9	633	4	7
9	634	8	1
9	635	1	10
9	636	1	4
9	637	9	4
9	638	7	5
9	639	7	10
9	640	8	5
9	641	6	4
9	642	9	4
9	643	8	9
9	644	7	4
9	645	5	2
9	646	3	10
9	647	9	1
9	648	5	3
9	649	2	1
9	650	9	5
9	651	9	1
9	652	9	10
9	653	5	6
9	654	10	6
9	655	4	6
9	656	4	1
9	657	10	6
9	658	7	2
9	659	4	1
9	660	1	5
9	661	7	5
9	662	8	4
9	663	1	9
9	664	9	5
9	665	8	5
9	666	5	7
9	667	5	4
9	668	9	5
9	669	3	2
9	670	10	3
9	671	2	4
9	672	9	7
9	673	7	3
9	674	9	1
9	675	9	2
9	676	10	9
9	677	10	3
9	678	8	5
9	679	7	3
9	680	1	7
9	681	9	2
9	682	7	4
9	683	3	8
9	684	6	1
9	685	1	5
9	686	4	1
9	172	3	7
9	687	10	9
9	688	8	7
9	689	8	7
9	690	10	5
9	691	3	2
9	692	3	7
9	693	4	5
9	694	4	6
9	695	4	5
9	696	6	2
9	697	2	10
9	698	4	9
9	699	4	3
9	700	6	5
9	701	2	4
9	702	9	2
9	703	6	4
9	704	2	6
9	705	5	3
9	706	9	1
9	707	7	4
9	708	6	1
9	709	10	2
9	710	5	8
9	711	6	4
9	712	1	10
9	713	1	4
9	714	6	7
9	715	10	7
9	716	9	8
9	717	7	2
9	718	10	9
9	719	4	10
9	720	6	2
9	721	3	4
9	722	2	9
9	723	8	7
9	724	9	3
9	725	8	3
9	726	8	3
9	727	5	2
9	728	7	5
9	495	7	5
9	729	6	3
9	730	2	10
9	731	5	4
9	732	10	4
9	733	7	5
9	734	1	8
9	735	2	7
9	736	1	6
9	737	6	2
9	738	4	3
9	739	8	1
9	740	1	9
9	741	2	4
9	742	3	9
9	743	9	6
9	744	6	7
9	745	7	10
9	746	6	9
9	747	1	7
9	748	6	2
9	749	8	2
9	750	5	9
9	751	3	4
9	752	4	7
9	753	8	10
9	754	7	5
9	755	6	1
9	756	9	2
9	757	2	9
9	758	7	4
9	759	10	4
9	502	10	9
9	760	1	6
9	761	2	3
9	762	2	8
9	763	10	7
9	764	5	10
9	765	2	8
9	766	8	6
9	767	3	9
9	768	1	3
9	769	9	1
9	770	2	8
9	771	8	6
9	772	7	5
9	773	10	8
9	774	2	5
9	775	2	4
9	776	6	4
9	777	10	3
9	778	9	3
9	779	2	7
9	780	9	7
9	336	4	2
9	781	3	4
9	782	6	7
9	783	6	8
9	784	4	8
9	785	3	9
9	786	8	4
9	787	2	9
9	788	8	6
9	789	6	5
9	790	5	8
9	791	2	7
9	792	7	1
9	793	8	7
9	794	3	8
9	795	10	3
9	796	5	4
9	797	7	10
9	798	3	10
9	799	4	2
9	800	2	1
9	801	7	3
9	802	10	6
9	803	8	4
9	804	5	4
9	805	8	6
9	806	6	3
9	807	5	6
9	808	3	8
9	809	4	8
9	810	7	1
9	811	6	2
9	812	7	5
9	813	10	3
9	814	10	1
9	815	7	10
9	816	4	7
9	817	3	1
9	818	10	8
9	819	5	6
9	820	6	5
9	821	5	7
9	822	9	1
9	823	9	6
9	233	5	7
9	824	1	6
9	825	2	8
9	517	10	1
9	826	2	3
9	827	1	9
9	828	5	6
9	829	1	3
9	830	4	7
9	831	7	9
9	832	7	6
9	833	5	6
9	834	5	1
9	835	5	2
9	836	5	4
9	837	3	9
9	838	1	2
9	839	4	9
9	840	7	3
9	841	4	3
9	842	9	5
9	843	1	8
9	844	2	9
9	845	1	8
9	846	6	1
9	847	6	4
9	848	2	3
9	849	5	1
9	850	2	8
9	851	10	8
9	852	3	2
9	853	7	2
9	854	3	10
9	855	9	5
9	856	2	4
9	857	5	9
9	858	8	4
9	859	9	10
9	860	8	3
9	861	8	10
9	862	3	10
9	863	6	4
9	864	4	9
9	239	1	2
9	865	9	1
9	866	4	8
9	867	10	1
9	868	4	2
9	869	3	6
9	870	5	2
9	871	5	6
9	872	6	2
9	873	7	3
9	874	4	9
9	875	5	8
9	876	4	7
9	877	9	7
9	878	6	7
9	879	7	5
9	880	4	9
9	881	1	3
9	882	4	5
9	883	2	7
9	884	6	9
9	885	2	1
9	886	6	9
9	887	1	6
9	888	2	9
9	889	9	5
9	890	7	8
9	891	8	4
9	892	6	9
9	893	6	9
9	894	9	3
9	895	6	9
9	896	8	2
9	897	2	3
9	898	1	9
9	899	2	7
9	900	3	9
9	901	2	5
9	902	10	7
9	903	4	7
9	904	4	9
9	905	4	1
9	906	2	4
9	907	8	10
9	908	9	7
9	909	3	8
9	910	2	5
9	911	1	3
9	912	3	9
9	242	10	3
9	913	1	3
9	914	2	6
9	915	1	6
9	916	4	8
9	917	2	7
9	918	3	10
9	919	2	3
9	920	5	7
9	921	8	10
9	922	2	9
9	923	1	8
9	924	4	5
9	925	9	8
9	926	5	2
9	927	9	10
9	928	4	5
9	929	5	3
9	930	6	10
9	931	7	2
9	932	2	6
9	933	3	6
9	934	4	8
9	33	9	6
9	935	1	3
9	936	8	5
9	937	4	3
9	938	2	4
9	939	8	9
9	940	8	1
9	941	3	8
9	942	6	2
9	943	2	4
9	944	10	9
9	945	10	1
9	946	6	10
9	947	10	9
9	948	6	5
9	949	7	2
9	950	7	2
9	951	4	6
9	952	3	8
9	953	8	1
9	954	8	3
9	955	6	1
9	956	3	7
9	957	3	7
9	958	8	3
9	959	2	6
9	960	2	3
9	961	10	8
9	962	1	4
9	963	10	1
9	964	9	10
9	965	7	6
9	966	7	1
9	967	8	5
9	968	1	6
9	969	7	5
9	970	1	7
9	971	5	8
9	972	5	10
9	973	7	2
9	974	1	5
9	975	2	5
9	976	4	6
9	977	3	10
9	978	7	9
9	979	9	2
9	980	6	1
9	981	10	3
9	982	4	9
9	983	2	6
9	984	3	10
9	255	3	9
9	985	1	4
9	986	9	2
9	987	4	2
9	988	2	8
9	989	6	9
9	990	6	9
9	991	10	4
9	992	1	8
9	993	3	8
9	994	3	6
9	995	2	10
9	996	7	10
9	997	4	5
9	998	3	4
9	999	8	6
9	1000	10	8
6	705	-100	-100
6	167	-100	-100
6	696	-100	-100
6	241	-100	-100
6	99	-100	-100
6	204	-100	-100
6	858	-100	-100
6	812	-100	-100
6	611	-100	-100
6	843	-100	-100
6	34	-100	-100
6	971	-100	-100
6	848	-100	-100
6	40	-100	-100
6	656	-100	-100
6	797	-100	-100
6	785	-100	-100
6	23	-100	-100
6	243	-100	-100
6	269	-100	-100
6	114	-100	-100
6	717	-100	-100
6	528	-100	-100
6	581	-100	-100
6	197	-100	-100
6	763	-100	-100
6	271	-100	-100
6	80	-100	-100
6	917	-100	-100
6	545	-100	-100
6	175	-100	-100
6	646	-100	-100
6	608	-100	-100
6	966	-100	-100
6	213	-100	-100
6	820	-100	-100
6	17	-100	-100
6	817	-100	-100
6	913	-100	-100
6	943	-100	-100
6	916	-100	-100
6	793	-100	-100
6	828	-100	-100
6	21	-100	-100
6	118	-100	-100
6	955	-100	-100
6	117	-100	-100
6	739	-100	-100
6	925	-100	-100
6	999	-100	-100
6	771	-100	-100
6	253	-100	-100
6	690	-100	-100
6	136	-100	-100
6	162	-100	-100
6	453	-100	-100
6	929	-100	-100
6	150	-100	-100
6	519	-100	-100
6	609	-100	-100
6	171	-100	-100
6	870	-100	-100
6	837	-100	-100
6	531	-100	-100
6	833	-100	-100
6	32	-100	-100
6	940	-100	-100
6	985	-100	-100
6	94	-100	-100
6	682	-100	-100
6	203	-100	-100
6	694	-100	-100
6	119	-100	-100
6	287	-100	-100
6	538	-100	-100
6	922	-100	-100
6	283	-100	-100
6	605	-100	-100
6	759	-100	-100
6	667	-100	-100
6	198	-100	-100
6	904	-100	-100
6	671	-100	-100
6	634	-100	-100
6	516	-100	-100
6	146	-100	-100
6	850	-100	-100
6	684	-100	-100
6	61	-100	-100
6	252	-100	-100
6	194	-100	-100
6	495	-100	-100
6	918	-100	-100
6	31	-100	-100
6	157	-100	-100
6	174	-100	-100
6	968	-100	-100
6	822	-100	-100
6	767	-100	-100
6	790	-100	-100
6	997	-100	-100
6	284	-100	-100
6	575	-100	-100
6	124	-100	-100
6	130	-100	-100
6	510	-100	-100
6	452	-100	-100
6	12	-100	-100
6	37	-100	-100
6	644	-100	-100
6	708	-100	-100
6	571	-100	-100
6	502	-100	-100
6	733	-100	-100
6	798	-100	-100
6	860	-100	-100
6	36	-100	-100
6	861	-100	-100
6	804	-100	-100
6	714	-100	-100
6	589	-100	-100
6	458	-100	-100
6	595	-100	-100
6	768	-100	-100
6	567	-100	-100
6	209	-100	-100
6	776	-100	-100
6	484	-100	-100
6	907	-100	-100
6	926	-100	-100
6	959	-100	-100
6	134	-100	-100
6	112	-100	-100
6	775	-100	-100
6	459	-100	-100
6	476	-100	-100
6	859	-100	-100
6	28	-100	-100
6	468	-100	-100
6	660	-100	-100
6	145	-100	-100
6	630	-100	-100
6	520	-100	-100
6	480	-100	-100
6	620	-100	-100
6	237	-100	-100
6	82	-100	-100
6	762	-100	-100
6	223	-100	-100
6	670	-100	-100
6	477	-100	-100
6	189	-100	-100
6	930	-100	-100
6	460	-100	-100
6	583	-100	-100
6	244	-100	-100
6	249	-100	-100
6	485	-100	-100
6	548	-100	-100
6	598	-100	-100
6	990	-100	-100
6	655	-100	-100
6	677	-100	-100
6	981	-100	-100
6	979	-100	-100
6	527	-100	-100
6	585	-100	-100
6	855	-100	-100
6	728	-100	-100
6	841	-100	-100
6	46	-100	-100
6	905	-100	-100
6	727	-100	-100
6	582	-100	-100
6	245	-100	-100
6	151	-100	-100
6	193	-100	-100
6	706	-100	-100
6	805	-100	-100
6	910	-100	-100
6	730	-100	-100
6	555	-100	-100
6	998	-100	-100
6	919	-100	-100
6	764	-100	-100
6	211	-100	-100
6	983	-100	-100
6	177	-100	-100
6	254	-100	-100
6	927	-100	-100
6	879	-100	-100
6	957	-100	-100
6	553	-100	-100
6	683	-100	-100
6	554	-100	-100
6	512	-100	-100
6	787	-100	-100
6	602	-100	-100
6	795	-100	-100
6	65	-100	-100
6	749	-100	-100
6	57	-100	-100
6	544	-100	-100
6	39	-100	-100
6	632	-100	-100
8	787	-100	-100
8	807	-100	-100
8	965	-100	-100
8	277	-100	-100
8	682	-100	-100
8	907	-100	-100
8	451	-100	-100
8	753	-100	-100
8	737	-100	-100
8	900	-100	-100
8	754	-100	-100
8	149	-100	-100
8	469	-100	-100
8	96	-100	-100
8	52	-100	-100
8	265	-100	-100
8	300	-100	-100
8	700	-100	-100
8	917	-100	-100
8	292	-100	-100
8	744	-100	-100
8	137	-100	-100
8	990	-100	-100
8	901	-100	-100
8	278	-100	-100
8	897	-100	-100
8	639	-100	-100
8	130	-100	-100
8	44	-100	-100
8	171	-100	-100
8	259	-100	-100
8	394	-100	-100
8	982	-100	-100
8	862	-100	-100
8	336	-100	-100
8	961	-100	-100
8	390	-100	-100
8	165	-100	-100
8	997	-100	-100
8	701	-100	-100
8	266	-100	-100
8	454	-100	-100
8	293	-100	-100
8	182	-100	-100
8	102	-100	-100
8	687	-100	-100
8	380	-100	-100
8	640	-100	-100
8	785	-100	-100
8	710	-100	-100
8	952	-100	-100
8	929	-100	-100
8	199	-100	-100
8	739	-100	-100
8	699	-100	-100
8	42	-100	-100
8	801	-100	-100
8	279	-100	-100
8	378	-100	-100
8	436	-100	-100
8	189	-100	-100
8	298	-100	-100
8	362	-100	-100
8	166	-100	-100
8	733	-100	-100
8	738	-100	-100
8	267	-100	-100
8	262	-100	-100
8	246	-100	-100
8	269	-100	-100
8	123	-100	-100
8	50	-100	-100
8	883	-100	-100
8	129	-100	-100
8	697	-100	-100
8	470	-100	-100
8	369	-100	-100
8	407	-100	-100
8	695	-100	-100
8	855	-100	-100
8	309	-100	-100
8	5	-100	-100
8	817	-100	-100
8	465	-100	-100
8	365	-100	-100
8	689	-100	-100
8	243	-100	-100
8	648	-100	-100
8	118	-100	-100
8	942	-100	-100
8	846	-100	-100
8	284	-100	-100
8	981	-100	-100
8	914	-100	-100
8	186	-100	-100
8	684	-100	-100
8	252	-100	-100
8	335	-100	-100
8	328	-100	-100
8	880	-100	-100
8	661	-100	-100
8	209	-100	-100
8	387	-100	-100
8	268	-100	-100
8	389	-100	-100
8	836	-100	-100
8	202	-100	-100
8	947	-100	-100
8	211	-100	-100
8	994	-100	-100
8	995	-100	-100
8	715	-100	-100
8	270	-100	-100
8	179	-100	-100
8	924	-100	-100
8	18	-100	-100
8	860	-100	-100
8	368	-100	-100
8	666	-100	-100
8	985	-100	-100
8	954	-100	-100
8	226	-100	-100
8	849	-100	-100
8	752	-100	-100
8	215	-100	-100
8	750	-100	-100
8	4	-100	-100
8	464	-100	-100
8	941	-100	-100
8	361	-100	-100
8	889	-100	-100
8	147	-100	-100
8	859	-100	-100
8	933	-100	-100
8	404	-100	-100
8	446	-100	-100
8	471	-100	-100
8	908	-100	-100
8	449	-100	-100
8	771	-100	-100
8	386	-100	-100
8	806	-100	-100
8	856	-100	-100
8	111	-100	-100
8	935	-100	-100
8	281	-100	-100
8	926	-100	-100
8	351	-100	-100
8	714	-100	-100
8	835	-100	-100
8	57	-100	-100
8	286	-100	-100
8	896	-100	-100
8	854	-100	-100
8	450	-100	-100
8	364	-100	-100
8	392	-100	-100
8	37	-100	-100
8	903	-100	-100
8	441	-100	-100
8	435	-100	-100
8	770	-100	-100
8	82	-100	-100
8	105	-100	-100
8	131	-100	-100
8	916	-100	-100
8	959	-100	-100
8	115	-100	-100
8	872	-100	-100
8	375	-100	-100
8	97	-100	-100
8	468	-100	-100
8	63	-100	-100
8	405	-100	-100
8	866	-100	-100
8	142	-100	-100
8	360	-100	-100
8	22	-100	-100
8	818	-100	-100
8	355	-100	-100
8	774	-100	-100
8	777	-100	-100
8	203	-100	-100
8	848	-100	-100
8	894	-100	-100
8	979	-100	-100
8	696	-100	-100
8	816	-100	-100
8	655	-100	-100
8	91	-100	-100
8	810	-100	-100
8	84	-100	-100
8	958	-100	-100
8	415	-100	-100
8	781	-100	-100
8	334	-100	-100
8	185	-100	-100
8	823	-100	-100
8	845	-100	-100
8	802	-100	-100
8	727	-100	-100
8	793	-100	-100
8	319	-100	-100
8	433	-100	-100
8	156	-100	-100
8	693	-100	-100
8	106	-100	-100
3	319	-100	-100
3	363	-100	-100
3	997	-100	-100
3	467	-100	-100
3	258	-100	-100
3	948	-100	-100
3	475	-100	-100
3	725	-100	-100
3	881	-100	-100
3	660	-100	-100
3	643	-100	-100
3	286	-100	-100
3	34	-100	-100
3	577	-100	-100
3	759	-100	-100
3	688	-100	-100
3	380	-100	-100
3	603	-100	-100
3	66	-100	-100
3	204	-100	-100
3	397	-100	-100
3	200	-100	-100
3	777	-100	-100
3	421	-100	-100
3	288	-100	-100
3	74	-100	-100
3	527	-100	-100
3	573	-100	-100
3	338	-100	-100
3	781	-100	-100
3	703	-100	-100
3	382	-100	-100
3	886	-100	-100
3	853	-100	-100
3	538	-100	-100
3	28	-100	-100
3	691	-100	-100
3	930	-100	-100
3	220	-100	-100
3	914	-100	-100
3	847	-100	-100
3	928	-100	-100
3	772	-100	-100
3	279	-100	-100
3	949	-100	-100
3	532	-100	-100
3	447	-100	-100
3	64	-100	-100
3	842	-100	-100
3	366	-100	-100
3	957	-100	-100
3	498	-100	-100
3	376	-100	-100
3	487	-100	-100
3	261	-100	-100
3	337	-100	-100
3	566	-100	-100
3	395	-100	-100
3	248	-100	-100
3	77	-100	-100
3	942	-100	-100
3	292	-100	-100
3	839	-100	-100
3	742	-100	-100
3	476	-100	-100
3	758	-100	-100
3	343	-100	-100
3	389	-100	-100
3	79	-100	-100
3	734	-100	-100
3	927	-100	-100
3	743	-100	-100
3	321	-100	-100
3	895	-100	-100
3	604	-100	-100
3	42	-100	-100
3	951	-100	-100
3	724	-100	-100
3	504	-100	-100
3	332	-100	-100
3	873	-100	-100
3	41	-100	-100
3	276	-100	-100
3	784	-100	-100
3	270	-100	-100
3	512	-100	-100
3	203	-100	-100
3	810	-100	-100
3	728	-100	-100
3	246	-100	-100
3	266	-100	-100
3	796	-100	-100
3	291	-100	-100
3	482	-100	-100
3	910	-100	-100
3	561	-100	-100
3	53	-100	-100
3	285	-100	-100
3	715	-100	-100
3	803	-100	-100
3	635	-100	-100
3	372	-100	-100
3	451	-100	-100
3	221	-100	-100
3	433	-100	-100
3	608	-100	-100
3	823	-100	-100
3	707	-100	-100
3	523	-100	-100
3	500	-100	-100
3	594	-100	-100
3	554	-100	-100
3	906	-100	-100
3	336	-100	-100
3	267	-100	-100
3	981	-100	-100
3	54	-100	-100
3	614	-100	-100
3	386	-100	-100
3	556	-100	-100
3	741	-100	-100
3	897	-100	-100
3	633	-100	-100
3	854	-100	-100
3	513	-100	-100
3	520	-100	-100
3	368	-100	-100
3	535	-100	-100
3	865	-100	-100
3	582	-100	-100
3	920	-100	-100
3	860	-100	-100
3	275	-100	-100
3	938	-100	-100
3	287	-100	-100
3	970	-100	-100
3	972	-100	-100
3	869	-100	-100
3	373	-100	-100
3	443	-100	-100
3	694	-100	-100
3	571	-100	-100
3	934	-100	-100
3	882	-100	-100
3	58	-100	-100
3	900	-100	-100
3	825	-100	-100
3	667	-100	-100
3	494	-100	-100
3	331	-100	-100
3	932	-100	-100
3	271	-100	-100
3	477	-100	-100
3	812	-100	-100
3	492	-100	-100
3	669	-100	-100
3	911	-100	-100
3	5	-100	-100
3	700	-100	-100
3	256	-100	-100
3	430	-100	-100
3	37	-100	-100
3	901	-100	-100
3	681	-100	-100
3	673	-100	-100
3	446	-100	-100
3	893	-100	-100
3	179	-100	-100
3	493	-100	-100
3	19	-100	-100
3	334	-100	-100
3	806	-100	-100
3	713	-100	-100
3	979	-100	-100
3	284	-100	-100
3	377	-100	-100
3	822	-100	-100
3	359	-100	-100
3	615	-100	-100
3	998	-100	-100
3	686	-100	-100
3	765	-100	-100
3	260	-100	-100
3	736	-100	-100
3	364	-100	-100
3	369	-100	-100
3	794	-100	-100
3	815	-100	-100
3	550	-100	-100
3	814	-100	-100
3	518	-100	-100
3	466	-100	-100
3	388	-100	-100
3	551	-100	-100
3	626	-100	-100
3	813	-100	-100
3	559	-100	-100
3	517	-100	-100
3	281	-100	-100
3	749	-100	-100
3	905	-100	-100
3	953	-100	-100
3	792	-100	-100
3	235	-100	-100
3	683	-100	-100
3	313	-100	-100
3	531	-100	-100
3	461	-100	-100
3	653	-100	-100
3	36	-100	-100
3	300	-100	-100
3	38	-100	-100
3	230	-100	-100
3	470	-100	-100
3	616	-100	-100
3	391	-100	-100
3	786	-100	-100
3	992	-100	-100
3	314	-100	-100
3	249	-100	-100
3	684	-100	-100
3	387	-100	-100
3	333	-100	-100
3	589	-100	-100
3	820	-100	-100
3	915	-100	-100
3	456	-100	-100
3	12	-100	-100
3	805	-100	-100
3	790	-100	-100
3	202	-100	-100
3	962	-100	-100
3	393	-100	-100
3	950	-100	-100
3	968	-100	-100
3	50	-100	-100
3	362	-100	-100
3	665	-100	-100
3	61	-100	-100
3	491	-100	-100
3	971	-100	-100
3	797	-100	-100
3	552	-100	-100
3	245	-100	-100
3	495	-100	-100
3	326	-100	-100
3	836	-100	-100
3	190	-100	-100
3	474	-100	-100
3	903	-100	-100
3	588	-100	-100
3	60	-100	-100
3	572	-100	-100
3	994	-100	-100
3	497	-100	-100
3	990	-100	-100
3	605	-100	-100
3	78	-100	-100
3	350	-100	-100
3	696	-100	-100
3	729	-100	-100
3	610	-100	-100
3	935	-100	-100
3	837	-100	-100
3	68	-100	-100
3	678	-100	-100
3	13	-100	-100
3	867	-100	-100
3	899	-100	-100
3	625	-100	-100
3	902	-100	-100
3	987	-100	-100
3	385	-100	-100
3	62	-100	-100
3	57	-100	-100
3	214	-100	-100
3	737	-100	-100
3	631	-100	-100
3	45	-100	-100
3	310	-100	-100
3	445	-100	-100
3	967	-100	-100
3	375	-100	-100
3	354	-100	-100
3	455	-100	-100
3	11	-100	-100
3	764	-100	-100
3	307	-100	-100
3	746	-100	-100
5	601	-100	-100
5	487	-100	-100
5	125	-100	-100
5	48	-100	-100
5	826	-100	-100
5	783	-100	-100
5	562	-100	-100
5	367	-100	-100
5	607	-100	-100
5	926	-100	-100
5	821	-100	-100
5	423	-100	-100
5	540	-100	-100
5	898	-100	-100
5	525	-100	-100
5	938	-100	-100
5	829	-100	-100
5	526	-100	-100
5	351	-100	-100
5	737	-100	-100
5	433	-100	-100
5	727	-100	-100
5	34	-100	-100
5	659	-100	-100
5	143	-100	-100
5	302	-100	-100
5	98	-100	-100
5	167	-100	-100
5	504	-100	-100
5	865	-100	-100
5	476	-100	-100
5	99	-100	-100
5	164	-100	-100
5	860	-100	-100
5	402	-100	-100
5	969	-100	-100
5	720	-100	-100
5	575	-100	-100
5	534	-100	-100
5	717	-100	-100
5	327	-100	-100
5	200	-100	-100
5	527	-100	-100
5	547	-100	-100
5	695	-100	-100
5	760	-100	-100
5	513	-100	-100
5	403	-100	-100
5	359	-100	-100
5	311	-100	-100
5	892	-100	-100
5	428	-100	-100
5	103	-100	-100
5	20	-100	-100
5	875	-100	-100
5	467	-100	-100
5	827	-100	-100
5	185	-100	-100
5	524	-100	-100
5	199	-100	-100
5	358	-100	-100
5	26	-100	-100
5	929	-100	-100
5	867	-100	-100
5	978	-100	-100
5	609	-100	-100
5	733	-100	-100
5	41	-100	-100
5	546	-100	-100
5	475	-100	-100
5	400	-100	-100
5	388	-100	-100
5	203	-100	-100
5	148	-100	-100
5	948	-100	-100
5	569	-100	-100
5	576	-100	-100
5	90	-100	-100
5	516	-100	-100
5	701	-100	-100
5	197	-100	-100
5	663	-100	-100
5	615	-100	-100
5	477	-100	-100
5	13	-100	-100
5	927	-100	-100
5	644	-100	-100
5	38	-100	-100
5	298	-100	-100
5	843	-100	-100
5	571	-100	-100
5	876	-100	-100
5	686	-100	-100
5	432	-100	-100
5	65	-100	-100
5	642	-100	-100
5	591	-100	-100
5	484	-100	-100
5	201	-100	-100
5	375	-100	-100
5	708	-100	-100
5	529	-100	-100
5	996	-100	-100
5	439	-100	-100
5	40	-100	-100
5	482	-100	-100
5	667	-100	-100
5	522	-100	-100
5	697	-100	-100
5	946	-100	-100
5	303	-100	-100
5	908	-100	-100
5	113	-100	-100
5	817	-100	-100
5	354	-100	-100
5	470	-100	-100
5	18	-100	-100
5	906	-100	-100
5	784	-100	-100
5	800	-100	-100
5	664	-100	-100
5	704	-100	-100
5	723	-100	-100
5	625	-100	-100
5	835	-100	-100
5	652	-100	-100
5	947	-100	-100
5	554	-100	-100
5	379	-100	-100
5	608	-100	-100
5	543	-100	-100
5	975	-100	-100
5	175	-100	-100
5	54	-100	-100
5	736	-100	-100
5	141	-100	-100
5	728	-100	-100
5	316	-100	-100
5	450	-100	-100
5	4	-100	-100
5	28	-100	-100
5	807	-100	-100
5	376	-100	-100
5	100	-100	-100
5	177	-100	-100
5	681	-100	-100
5	979	-100	-100
5	418	-100	-100
5	153	-100	-100
5	688	-100	-100
5	746	-100	-100
5	435	-100	-100
5	962	-100	-100
5	181	-100	-100
5	79	-100	-100
5	628	-100	-100
5	643	-100	-100
5	493	-100	-100
5	93	-100	-100
5	479	-100	-100
5	789	-100	-100
5	905	-100	-100
5	594	-100	-100
5	586	-100	-100
5	595	-100	-100
5	572	-100	-100
5	703	-100	-100
5	839	-100	-100
5	329	-100	-100
5	816	-100	-100
5	785	-100	-100
5	747	-100	-100
5	497	-100	-100
5	469	-100	-100
5	597	-100	-100
5	982	-100	-100
5	795	-100	-100
5	437	-100	-100
5	371	-100	-100
5	722	-100	-100
5	489	-100	-100
5	618	-100	-100
5	53	-100	-100
5	378	-100	-100
5	646	-100	-100
5	14	-100	-100
5	606	-100	-100
5	921	-100	-100
5	802	-100	-100
5	743	-100	-100
5	782	-100	-100
5	392	-100	-100
5	85	-100	-100
5	935	-100	-100
5	394	-100	-100
5	877	-100	-100
5	788	-100	-100
5	425	-100	-100
5	894	-100	-100
5	373	-100	-100
5	295	-100	-100
5	187	-100	-100
5	162	-100	-100
5	995	-100	-100
5	309	-100	-100
5	796	-100	-100
5	74	-100	-100
5	67	-100	-100
5	30	-100	-100
5	660	-100	-100
5	874	-100	-100
5	62	-100	-100
5	91	-100	-100
5	389	-100	-100
5	397	-100	-100
5	852	-100	-100
5	934	-100	-100
5	881	-100	-100
5	596	-100	-100
5	570	-100	-100
5	452	-100	-100
5	668	-100	-100
5	344	-100	-100
5	142	-100	-100
5	304	-100	-100
5	326	-100	-100
5	752	-100	-100
5	710	-100	-100
5	657	-100	-100
5	390	-100	-100
5	762	-100	-100
5	755	-100	-100
5	561	-100	-100
5	505	-100	-100
5	766	-100	-100
5	83	-100	-100
5	490	-100	-100
5	410	-100	-100
5	449	-100	-100
5	863	-100	-100
5	317	-100	-100
5	314	-100	-100
5	726	-100	-100
5	137	-100	-100
5	603	-100	-100
5	959	-100	-100
5	858	-100	-100
5	870	-100	-100
5	542	-100	-100
5	337	-100	-100
5	59	-100	-100
5	96	-100	-100
5	147	-100	-100
5	967	-100	-100
5	533	-100	-100
5	342	-100	-100
5	46	-100	-100
5	52	-100	-100
5	617	-100	-100
5	335	-100	-100
5	150	-100	-100
5	300	-100	-100
5	510	-100	-100
5	868	-100	-100
5	485	-100	-100
5	45	-100	-100
5	680	-100	-100
5	845	-100	-100
5	182	-100	-100
5	422	-100	-100
5	645	-100	-100
5	511	-100	-100
5	362	-100	-100
5	658	-100	-100
5	950	-100	-100
5	801	-100	-100
5	552	-100	-100
5	613	-100	-100
5	630	-100	-100
5	566	-100	-100
5	417	-100	-100
5	381	-100	-100
5	119	-100	-100
5	123	-100	-100
5	136	-100	-100
5	193	-100	-100
5	117	-100	-100
5	917	-100	-100
5	684	-100	-100
5	296	-100	-100
5	483	-100	-100
5	711	-100	-100
5	107	-100	-100
5	923	-100	-100
1	799	-100	-100
1	498	-100	-100
1	313	-100	-100
1	903	-100	-100
1	525	-100	-100
1	457	-100	-100
1	659	-100	-100
1	351	-100	-100
1	758	-100	-100
1	870	-100	-100
1	696	-100	-100
1	332	-100	-100
1	920	-100	-100
1	247	-100	-100
1	898	-100	-100
1	156	-100	-100
1	93	-100	-100
1	168	-100	-100
1	951	-100	-100
1	453	-100	-100
1	395	-100	-100
1	392	-100	-100
1	98	-100	-100
1	223	-100	-100
1	458	-100	-100
1	762	-100	-100
1	645	-100	-100
1	925	-100	-100
1	834	-100	-100
1	990	-100	-100
1	868	-100	-100
1	264	-100	-100
1	445	-100	-100
1	138	-100	-100
1	603	-100	-100
1	1000	-100	-100
1	808	-100	-100
1	807	-100	-100
1	965	-100	-100
1	342	-100	-100
1	511	-100	-100
1	241	-100	-100
1	896	-100	-100
1	250	-100	-100
1	817	-100	-100
1	761	-100	-100
1	543	-100	-100
1	638	-100	-100
1	557	-100	-100
1	441	-100	-100
1	537	-100	-100
1	942	-100	-100
1	662	-100	-100
1	674	-100	-100
1	142	-100	-100
1	703	-100	-100
1	813	-100	-100
1	86	-100	-100
1	983	-100	-100
1	243	-100	-100
1	346	-100	-100
1	893	-100	-100
1	354	-100	-100
1	654	-100	-100
1	695	-100	-100
1	628	-100	-100
1	396	-100	-100
1	200	-100	-100
1	867	-100	-100
1	987	-100	-100
1	277	-100	-100
1	520	-100	-100
1	540	-100	-100
1	710	-100	-100
1	77	-100	-100
1	344	-100	-100
1	429	-100	-100
1	635	-100	-100
1	563	-100	-100
1	937	-100	-100
1	273	-100	-100
1	483	-100	-100
1	986	-100	-100
1	824	-100	-100
1	948	-100	-100
1	629	-100	-100
1	170	-100	-100
1	403	-100	-100
1	687	-100	-100
1	736	-100	-100
1	105	-100	-100
1	671	-100	-100
1	797	-100	-100
1	96	-100	-100
1	664	-100	-100
1	377	-100	-100
1	183	-100	-100
1	172	-100	-100
1	717	-100	-100
1	792	-100	-100
1	815	-100	-100
1	918	-100	-100
1	296	-100	-100
1	413	-100	-100
1	690	-100	-100
1	478	-100	-100
1	904	-100	-100
1	459	-100	-100
1	151	-100	-100
1	337	-100	-100
1	422	-100	-100
1	238	-100	-100
1	120	-100	-100
1	304	-100	-100
1	428	-100	-100
1	180	-100	-100
1	125	-100	-100
1	626	-100	-100
1	260	-100	-100
1	438	-100	-100
1	806	-100	-100
1	746	-100	-100
1	439	-100	-100
1	267	-100	-100
1	115	-100	-100
1	497	-100	-100
1	676	-100	-100
1	833	-100	-100
1	356	-100	-100
1	809	-100	-100
1	793	-100	-100
1	605	-100	-100
1	225	-100	-100
1	194	-100	-100
1	418	-100	-100
1	118	-100	-100
1	931	-100	-100
1	248	-100	-100
1	149	-100	-100
1	431	-100	-100
1	830	-100	-100
1	358	-100	-100
1	365	-100	-100
1	297	-100	-100
1	266	-100	-100
1	649	-100	-100
1	146	-100	-100
1	908	-100	-100
1	126	-100	-100
1	963	-100	-100
1	861	-100	-100
1	669	-100	-100
1	355	-100	-100
1	592	-100	-100
1	780	-100	-100
1	347	-100	-100
1	615	-100	-100
1	482	-100	-100
1	318	-100	-100
1	244	-100	-100
1	913	-100	-100
1	593	-100	-100
1	92	-100	-100
1	887	-100	-100
1	911	-100	-100
1	341	-100	-100
1	866	-100	-100
1	909	-100	-100
1	548	-100	-100
1	625	-100	-100
1	582	-100	-100
1	969	-100	-100
1	127	-100	-100
1	586	-100	-100
1	757	-100	-100
1	693	-100	-100
1	245	-100	-100
1	340	-100	-100
1	719	-100	-100
1	818	-100	-100
1	518	-100	-100
1	795	-100	-100
1	922	-100	-100
1	516	-100	-100
1	367	-100	-100
1	535	-100	-100
1	73	-100	-100
1	767	-100	-100
1	727	-100	-100
1	348	-100	-100
1	294	-100	-100
1	632	-100	-100
1	811	-100	-100
1	574	-100	-100
1	581	-100	-100
1	644	-100	-100
1	883	-100	-100
1	889	-100	-100
1	660	-100	-100
1	339	-100	-100
1	293	-100	-100
1	864	-100	-100
1	270	-100	-100
1	995	-100	-100
1	959	-100	-100
1	391	-100	-100
1	639	-100	-100
1	334	-100	-100
1	724	-100	-100
1	580	-100	-100
1	862	-100	-100
1	771	-100	-100
1	279	-100	-100
1	112	-100	-100
1	655	-100	-100
1	415	-100	-100
1	890	-100	-100
1	916	-100	-100
1	700	-100	-100
1	451	-100	-100
1	485	-100	-100
1	501	-100	-100
1	876	-100	-100
1	140	-100	-100
1	515	-100	-100
1	947	-100	-100
1	195	-100	-100
1	390	-100	-100
1	119	-100	-100
1	338	-100	-100
1	568	-100	-100
1	101	-100	-100
1	814	-100	-100
1	322	-100	-100
1	691	-100	-100
1	222	-100	-100
1	679	-100	-100
1	417	-100	-100
1	484	-100	-100
1	274	-100	-100
1	357	-100	-100
1	579	-100	-100
1	406	-100	-100
1	528	-100	-100
1	179	-100	-100
1	554	-100	-100
1	601	-100	-100
1	154	-100	-100
1	968	-100	-100
1	728	-100	-100
1	426	-100	-100
1	159	-100	-100
1	683	-100	-100
1	464	-100	-100
1	549	-100	-100
1	846	-100	-100
1	753	-100	-100
1	452	-100	-100
1	139	-100	-100
1	950	-100	-100
1	981	-100	-100
1	495	-100	-100
1	259	-100	-100
1	848	-100	-100
1	787	-100	-100
1	822	-100	-100
1	569	-100	-100
1	885	-100	-100
1	538	-100	-100
1	104	-100	-100
1	784	-100	-100
1	875	-100	-100
1	929	-100	-100
1	706	-100	-100
1	750	-100	-100
1	565	-100	-100
1	89	-100	-100
1	402	-100	-100
1	715	-100	-100
1	504	-100	-100
1	157	-100	-100
1	778	-100	-100
1	242	-100	-100
1	933	-100	-100
1	350	-100	-100
1	591	-100	-100
1	488	-100	-100
1	551	-100	-100
1	507	-100	-100
1	819	-100	-100
1	871	-100	-100
1	895	-100	-100
1	271	-100	-100
1	129	-100	-100
1	164	-100	-100
1	394	-100	-100
1	305	-100	-100
1	288	-100	-100
1	240	-100	-100
1	941	-100	-100
1	209	-100	-100
1	820	-100	-100
1	203	-100	-100
1	993	-100	-100
1	633	-100	-100
1	610	-100	-100
1	764	-100	-100
1	81	-100	-100
1	919	-100	-100
4	333	-100	-100
4	347	-100	-100
4	125	-100	-100
4	721	-100	-100
4	459	-100	-100
4	88	-100	-100
4	314	-100	-100
4	820	-100	-100
4	803	-100	-100
4	358	-100	-100
4	224	-100	-100
4	65	-100	-100
4	257	-100	-100
4	372	-100	-100
4	252	-100	-100
4	254	-100	-100
4	571	-100	-100
4	949	-100	-100
4	774	-100	-100
4	638	-100	-100
4	889	-100	-100
4	540	-100	-100
4	538	-100	-100
4	400	-100	-100
4	681	-100	-100
4	783	-100	-100
4	955	-100	-100
4	702	-100	-100
4	734	-100	-100
4	327	-100	-100
4	385	-100	-100
4	139	-100	-100
4	760	-100	-100
4	821	-100	-100
4	81	-100	-100
4	430	-100	-100
4	369	-100	-100
4	868	-100	-100
4	231	-100	-100
4	338	-100	-100
4	576	-100	-100
4	415	-100	-100
4	498	-100	-100
4	1000	-100	-100
4	801	-100	-100
4	910	-100	-100
4	298	-100	-100
4	461	-100	-100
4	874	-100	-100
4	275	-100	-100
4	756	-100	-100
4	505	-100	-100
4	431	-100	-100
4	974	-100	-100
4	948	-100	-100
4	226	-100	-100
4	520	-100	-100
4	402	-100	-100
4	572	-100	-100
4	731	-100	-100
4	95	-100	-100
4	436	-100	-100
4	62	-100	-100
4	630	-100	-100
4	289	-100	-100
4	308	-100	-100
4	18	-100	-100
4	650	-100	-100
4	346	-100	-100
4	704	-100	-100
4	10	-100	-100
4	654	-100	-100
4	66	-100	-100
4	374	-100	-100
4	670	-100	-100
4	75	-100	-100
4	470	-100	-100
4	156	-100	-100
4	883	-100	-100
4	58	-100	-100
4	244	-100	-100
4	70	-100	-100
4	474	-100	-100
4	410	-100	-100
4	920	-100	-100
4	794	-100	-100
4	745	-100	-100
4	882	-100	-100
4	134	-100	-100
4	679	-100	-100
4	733	-100	-100
4	233	-100	-100
4	532	-100	-100
4	795	-100	-100
4	467	-100	-100
4	954	-100	-100
4	328	-100	-100
4	615	-100	-100
4	443	-100	-100
4	238	-100	-100
4	511	-100	-100
4	453	-100	-100
4	699	-100	-100
4	735	-100	-100
4	270	-100	-100
4	508	-100	-100
4	807	-100	-100
4	583	-100	-100
4	29	-100	-100
4	480	-100	-100
4	860	-100	-100
4	84	-100	-100
4	666	-100	-100
4	16	-100	-100
4	93	-100	-100
4	512	-100	-100
4	123	-100	-100
4	660	-100	-100
4	526	-100	-100
4	284	-100	-100
4	833	-100	-100
4	896	-100	-100
4	599	-100	-100
4	74	-100	-100
4	655	-100	-100
4	13	-100	-100
4	561	-100	-100
4	547	-100	-100
4	996	-100	-100
4	864	-100	-100
4	793	-100	-100
4	79	-100	-100
4	534	-100	-100
4	687	-100	-100
4	680	-100	-100
4	917	-100	-100
4	304	-100	-100
4	472	-100	-100
4	937	-100	-100
4	536	-100	-100
4	832	-100	-100
4	939	-100	-100
4	121	-100	-100
4	671	-100	-100
4	617	-100	-100
4	69	-100	-100
4	750	-100	-100
4	602	-100	-100
4	797	-100	-100
4	360	-100	-100
4	787	-100	-100
4	665	-100	-100
4	700	-100	-100
4	294	-100	-100
4	38	-100	-100
4	881	-100	-100
4	161	-100	-100
4	950	-100	-100
4	167	-100	-100
4	656	-100	-100
4	320	-100	-100
4	429	-100	-100
4	137	-100	-100
4	732	-100	-100
4	35	-100	-100
4	521	-100	-100
4	524	-100	-100
4	496	-100	-100
4	843	-100	-100
4	146	-100	-100
4	737	-100	-100
4	710	-100	-100
4	921	-100	-100
4	427	-100	-100
4	798	-100	-100
4	865	-100	-100
4	256	-100	-100
4	315	-100	-100
4	206	-100	-100
4	492	-100	-100
4	148	-100	-100
4	900	-100	-100
4	151	-100	-100
4	667	-100	-100
4	736	-100	-100
4	452	-100	-100
4	973	-100	-100
4	931	-100	-100
4	892	-100	-100
4	913	-100	-100
4	622	-100	-100
4	207	-100	-100
4	154	-100	-100
4	863	-100	-100
4	708	-100	-100
4	113	-100	-100
4	236	-100	-100
4	951	-100	-100
4	52	-100	-100
4	497	-100	-100
4	764	-100	-100
4	323	-100	-100
4	562	-100	-100
4	242	-100	-100
4	321	-100	-100
4	341	-100	-100
4	743	-100	-100
4	989	-100	-100
4	675	-100	-100
4	143	-100	-100
4	960	-100	-100
4	611	-100	-100
4	220	-100	-100
4	995	-100	-100
4	438	-100	-100
4	846	-100	-100
4	802	-100	-100
4	928	-100	-100
4	376	-100	-100
4	212	-100	-100
4	837	-100	-100
4	444	-100	-100
4	549	-100	-100
4	398	-100	-100
4	336	-100	-100
4	272	-100	-100
4	564	-100	-100
4	311	-100	-100
4	446	-100	-100
4	557	-100	-100
4	715	-100	-100
4	530	-100	-100
4	909	-100	-100
4	551	-100	-100
4	32	-100	-100
4	378	-100	-100
4	845	-100	-100
4	922	-100	-100
4	339	-100	-100
4	43	-100	-100
4	539	-100	-100
4	37	-100	-100
4	624	-100	-100
4	689	-100	-100
4	51	-100	-100
4	329	-100	-100
4	780	-100	-100
4	362	-100	-100
4	978	-100	-100
4	895	-100	-100
4	975	-100	-100
4	124	-100	-100
4	648	-100	-100
4	573	-100	-100
4	80	-100	-100
4	260	-100	-100
4	403	-100	-100
4	509	-100	-100
4	674	-100	-100
4	210	-100	-100
4	714	-100	-100
4	686	-100	-100
4	357	-100	-100
4	24	-100	-100
4	73	-100	-100
4	963	-100	-100
4	848	-100	-100
4	77	-100	-100
4	111	-100	-100
4	384	-100	-100
4	259	-100	-100
4	326	-100	-100
4	594	-100	-100
4	642	-100	-100
4	354	-100	-100
4	625	-100	-100
4	44	-100	-100
4	312	-100	-100
4	418	-100	-100
4	253	-100	-100
4	969	-100	-100
4	621	-100	-100
4	678	-100	-100
4	246	-100	-100
4	465	-100	-100
4	962	-100	-100
4	39	-100	-100
4	501	-100	-100
4	601	-100	-100
4	250	-100	-100
4	792	-100	-100
4	102	-100	-100
4	392	-100	-100
4	584	-100	-100
4	777	-100	-100
4	302	-100	-100
4	120	-100	-100
4	53	-100	-100
4	383	-100	-100
4	856	-100	-100
4	488	-100	-100
4	138	-100	-100
4	251	-100	-100
4	225	-100	-100
4	310	-100	-100
4	825	-100	-100
4	768	-100	-100
4	313	-100	-100
4	706	-100	-100
4	64	-100	-100
4	835	-100	-100
4	771	-100	-100
4	999	-100	-100
4	411	-100	-100
4	772	-100	-100
4	591	-100	-100
4	390	-100	-100
4	163	-100	-100
4	469	-100	-100
4	569	-100	-100
4	613	-100	-100
4	391	-100	-100
4	78	-100	-100
4	749	-100	-100
4	808	-100	-100
4	788	-100	-100
4	603	-100	-100
4	295	-100	-100
4	930	-100	-100
4	988	-100	-100
4	126	-100	-100
4	726	-100	-100
4	435	-100	-100
4	396	-100	-100
4	118	-100	-100
4	636	-100	-100
4	901	-100	-100
4	507	-100	-100
4	533	-100	-100
4	382	-100	-100
4	293	-100	-100
7	37	-100	-100
7	300	-100	-100
7	19	-100	-100
7	838	-100	-100
7	527	-100	-100
7	891	-100	-100
7	557	-100	-100
7	662	-100	-100
7	89	-100	-100
7	864	-100	-100
7	227	-100	-100
7	694	-100	-100
7	572	-100	-100
7	388	-100	-100
7	339	-100	-100
7	889	-100	-100
7	596	-100	-100
7	86	-100	-100
7	42	-100	-100
7	724	-100	-100
7	87	-100	-100
7	717	-100	-100
7	846	-100	-100
7	954	-100	-100
7	428	-100	-100
7	119	-100	-100
7	11	-100	-100
7	38	-100	-100
7	882	-100	-100
7	959	-100	-100
7	60	-100	-100
7	200	-100	-100
7	289	-100	-100
7	142	-100	-100
7	1000	-100	-100
7	145	-100	-100
7	894	-100	-100
7	714	-100	-100
7	611	-100	-100
7	879	-100	-100
7	18	-100	-100
7	585	-100	-100
7	698	-100	-100
7	691	-100	-100
7	245	-100	-100
7	895	-100	-100
7	250	-100	-100
7	325	-100	-100
7	812	-100	-100
7	165	-100	-100
7	213	-100	-100
7	194	-100	-100
7	560	-100	-100
7	797	-100	-100
7	877	-100	-100
7	837	-100	-100
7	94	-100	-100
7	590	-100	-100
7	772	-100	-100
7	567	-100	-100
7	244	-100	-100
7	853	-100	-100
7	771	-100	-100
7	766	-100	-100
7	478	-100	-100
7	633	-100	-100
7	805	-100	-100
7	648	-100	-100
7	543	-100	-100
7	199	-100	-100
7	415	-100	-100
7	631	-100	-100
7	327	-100	-100
7	817	-100	-100
7	795	-100	-100
7	566	-100	-100
7	271	-100	-100
7	295	-100	-100
7	664	-100	-100
7	139	-100	-100
7	792	-100	-100
7	279	-100	-100
7	593	-100	-100
7	242	-100	-100
7	225	-100	-100
7	650	-100	-100
7	293	-100	-100
7	995	-100	-100
7	523	-100	-100
7	202	-100	-100
7	544	-100	-100
7	847	-100	-100
7	807	-100	-100
7	880	-100	-100
7	174	-100	-100
7	157	-100	-100
7	700	-100	-100
7	305	-100	-100
7	603	-100	-100
7	806	-100	-100
7	275	-100	-100
7	704	-100	-100
7	920	-100	-100
7	80	-100	-100
7	15	-100	-100
7	507	-100	-100
7	529	-100	-100
7	168	-100	-100
7	682	-100	-100
7	193	-100	-100
7	747	-100	-100
7	125	-100	-100
7	956	-100	-100
7	775	-100	-100
7	673	-100	-100
7	907	-100	-100
7	496	-100	-100
7	613	-100	-100
7	535	-100	-100
7	876	-100	-100
7	550	-100	-100
7	656	-100	-100
7	262	-100	-100
7	58	-100	-100
7	510	-100	-100
7	177	-100	-100
7	932	-100	-100
7	839	-100	-100
7	556	-100	-100
7	929	-100	-100
7	75	-100	-100
7	320	-100	-100
7	943	-100	-100
7	815	-100	-100
7	942	-100	-100
7	220	-100	-100
7	474	-100	-100
7	105	-100	-100
7	319	-100	-100
7	819	-100	-100
7	498	-100	-100
7	961	-100	-100
7	136	-100	-100
7	934	-100	-100
7	351	-100	-100
7	306	-100	-100
7	208	-100	-100
7	88	-100	-100
7	392	-100	-100
7	597	-100	-100
7	667	-100	-100
7	696	-100	-100
7	788	-100	-100
7	318	-100	-100
7	971	-100	-100
7	390	-100	-100
7	427	-100	-100
7	579	-100	-100
7	802	-100	-100
7	965	-100	-100
7	26	-100	-100
7	570	-100	-100
7	393	-100	-100
7	205	-100	-100
7	906	-100	-100
7	646	-100	-100
7	914	-100	-100
7	124	-100	-100
7	95	-100	-100
7	110	-100	-100
7	952	-100	-100
7	950	-100	-100
7	123	-100	-100
7	206	-100	-100
7	860	-100	-100
7	654	-100	-100
7	728	-100	-100
7	191	-100	-100
7	147	-100	-100
7	666	-100	-100
7	738	-100	-100
7	379	-100	-100
7	722	-100	-100
7	832	-100	-100
7	796	-100	-100
7	239	-100	-100
7	426	-100	-100
7	493	-100	-100
7	297	-100	-100
7	69	-100	-100
7	264	-100	-100
7	554	-100	-100
7	651	-100	-100
7	989	-100	-100
7	574	-100	-100
7	263	-100	-100
7	754	-100	-100
7	424	-100	-100
7	972	-100	-100
7	188	-100	-100
7	437	-100	-100
7	421	-100	-100
7	404	-100	-100
7	61	-100	-100
7	333	-100	-100
7	346	-100	-100
7	553	-100	-100
7	255	-100	-100
7	281	-100	-100
7	720	-100	-100
7	584	-100	-100
7	855	-100	-100
7	171	-100	-100
7	296	-100	-100
7	568	-100	-100
7	660	-100	-100
7	285	-100	-100
7	735	-100	-100
7	253	-100	-100
7	967	-100	-100
7	423	-100	-100
7	987	-100	-100
7	122	-100	-100
7	916	-100	-100
7	22	-100	-100
7	859	-100	-100
7	134	-100	-100
7	966	-100	-100
7	196	-100	-100
7	258	-100	-100
7	366	-100	-100
7	622	-100	-100
7	683	-100	-100
7	617	-100	-100
7	337	-100	-100
7	986	-100	-100
7	994	-100	-100
7	382	-100	-100
7	758	-100	-100
7	767	-100	-100
7	757	-100	-100
7	13	-100	-100
7	865	-100	-100
7	2	-100	-100
7	331	-100	-100
7	231	-100	-100
7	307	-100	-100
7	204	-100	-100
7	377	-100	-100
7	486	-100	-100
7	652	-100	-100
7	923	-100	-100
7	602	-100	-100
7	187	-100	-100
7	212	-100	-100
7	178	-100	-100
7	480	-100	-100
7	645	-100	-100
7	384	-100	-100
7	712	-100	-100
7	409	-100	-100
7	769	-100	-100
7	189	-100	-100
7	368	-100	-100
7	915	-100	-100
7	561	-100	-100
7	190	-100	-100
7	946	-100	-100
7	251	-100	-100
7	562	-100	-100
7	484	-100	-100
7	345	-100	-100
7	594	-100	-100
7	483	-100	-100
7	113	-100	-100
7	968	-100	-100
7	524	-100	-100
7	940	-100	-100
7	854	-100	-100
7	884	-100	-100
7	292	-100	-100
7	520	-100	-100
7	411	-100	-100
7	396	-100	-100
7	641	-100	-100
7	78	-100	-100
7	627	-100	-100
7	787	-100	-100
7	106	-100	-100
7	369	-100	-100
7	399	-100	-100
7	419	-100	-100
7	447	-100	-100
7	969	-100	-100
7	82	-100	-100
7	23	-100	-100
7	342	-100	-100
7	988	-100	-100
7	705	-100	-100
7	888	-100	-100
7	935	-100	-100
7	824	-100	-100
7	509	-100	-100
7	512	-100	-100
7	661	-100	-100
7	278	-100	-100
7	431	-100	-100
7	748	-100	-100
7	508	-100	-100
7	816	-100	-100
7	224	-100	-100
7	372	-100	-100
7	155	-100	-100
7	121	-100	-100
7	323	-100	-100
7	545	-100	-100
7	644	-100	-100
7	44	-100	-100
7	412	-100	-100
7	808	-100	-100
7	912	-100	-100
7	138	-100	-100
7	580	-100	-100
7	979	-100	-100
7	630	-100	-100
7	905	-100	-100
7	957	-100	-100
7	991	-100	-100
7	492	-100	-100
7	725	-100	-100
7	830	-100	-100
7	632	-100	-100
7	436	-100	-100
7	226	-100	-100
7	198	-100	-100
7	137	-100	-100
7	160	-100	-100
7	951	-100	-100
7	449	-100	-100
7	85	-100	-100
7	99	-100	-100
7	354	-100	-100
7	629	-100	-100
7	933	-100	-100
7	614	-100	-100
7	822	-100	-100
7	671	-100	-100
7	101	-100	-100
7	115	-100	-100
7	701	-100	-100
7	154	-100	-100
7	315	-100	-100
7	353	-100	-100
7	276	-100	-100
7	695	-100	-100
7	230	-100	-100
7	422	-100	-100
860	313	-100	-100
860	451	-100	-100
660	653	-100	-100
660	390	-100	-100
390	138	-100	-100
390	454	-100	-100
807	224	-100	-100
807	574	-100	-100
807	581	-100	-100
728	892	-100	-100
728	456	-100	-100
728	865	-100	-100
667	848	-100	-100
667	785	-100	-100
667	186	-100	-100
203	231	-100	-100
203	277	-100	-100
203	117	-100	-100
990	839	-100	-100
682	596	-100	-100
53	551	-100	-100
334	782	-100	-100
82	790	-100	-100
418	366	-100	-100
185	127	-100	-100
85	829	-100	-100
356	112	-100	-100
286	658	-100	-100
988	121	-100	-100
55	503	-100	-100
521	153	-100	-100
677	675	-100	-100
236	70	-100	-100
765	159	-100	-100
565	612	-100	-100
479	155	-100	-100
851	173	-100	-100
