1000
6132
2
1	2	9	3
1	3	3	7
1	4	1	7
1	5	9	8
1	6	5	7
1	7	10	9
1	8	8	2
1	9	10	6
1	10	9	8
1	11	4	7
1	12	10	4
1	13	1	2
1	14	10	2
1	15	10	7
1	16	6	7
1	17	10	4
1	18	7	10
1	19	5	6
1	20	1	5
1	21	7	9
1	22	2	5
1	23	1	8
1	24	4	6
1	25	1	5
1	26	5	1
1	27	9	8
1	28	1	4
1	29	9	10
1	30	7	3
1	31	6	3
1	32	9	8
1	33	4	3
1	34	5	3
1	35	9	8
1	36	1	3
1	37	8	10
1	38	7	8
1	39	2	4
1	40	4	8
1	41	3	2
1	42	1	9
1	43	3	1
1	44	3	6
1	45	9	4
1	46	2	1
1	47	2	4
1	48	9	8
1	49	3	5
1	50	5	7
1	51	10	8
1	52	7	5
1	53	5	2
1	54	4	2
1	55	2	9
1	56	3	5
1	57	4	9
1	58	5	4
1	59	3	5
1	60	3	4
1	61	3	4
1	62	1	8
1	63	2	6
1	64	7	4
1	65	6	10
1	66	2	4
1	67	10	9
1	68	6	5
1	69	8	5
1	70	3	5
1	71	9	7
1	72	6	5
2	73	6	3
2	74	5	3
2	75	7	5
2	76	7	8
2	77	1	5
2	78	6	10
2	79	1	6
3	80	9	8
3	81	8	2
3	82	2	9
3	83	6	2
3	84	9	7
3	85	2	4
3	86	6	7
3	87	4	7
3	88	7	10
3	89	6	10
3	90	6	10
3	91	3	1
3	92	1	10
3	93	5	9
3	94	7	3
3	95	4	7
3	96	1	4
3	97	7	6
3	98	3	5
3	99	6	8
3	100	4	1
3	101	5	2
3	102	5	4
3	103	2	1
3	104	5	2
3	105	7	4
3	106	8	1
3	107	4	9
3	108	5	7
3	109	2	4
3	110	9	2
3	111	1	8
3	112	2	6
3	113	7	3
3	114	1	3
3	115	6	1
3	116	5	4
3	117	1	7
3	118	6	4
3	119	1	5
3	120	4	2
3	121	1	4
3	122	7	5
3	123	8	9
3	124	7	9
3	125	2	9
3	126	9	8
3	127	3	4
3	128	10	3
3	129	8	10
3	130	5	7
3	131	1	5
3	132	9	4
3	133	4	3
3	134	5	8
3	135	6	4
3	136	2	9
3	137	3	6
3	138	10	7
3	139	3	9
3	140	5	4
3	141	9	6
3	142	5	10
3	143	4	7
3	144	10	9
3	145	4	6
3	146	6	4
3	147	10	2
3	148	1	6
3	149	7	6
3	150	4	10
3	151	1	7
3	152	9	2
3	153	4	9
3	154	2	1
3	155	4	5
3	156	10	6
3	157	3	7
3	158	9	4
3	159	9	7
3	160	5	8
3	161	3	5
3	162	2	1
3	163	8	7
3	164	5	2
3	165	9	8
3	166	6	2
3	167	3	9
3	168	5	1
3	169	9	5
4	170	2	6
4	171	2	4
4	172	6	4
4	173	8	10
4	174	6	4
4	175	7	5
4	176	2	8
4	177	1	8
4	178	1	8
4	179	3	4
4	180	5	1
4	181	6	8
4	182	10	6
4	183	10	7
4	184	9	3
4	185	4	3
4	186	9	4
4	187	1	5
4	188	8	3
4	189	2	5
4	190	6	5
4	191	9	2
4	192	5	7
4	193	3	2
4	194	3	2
4	195	2	1
4	196	2	10
4	197	1	6
4	198	9	3
4	199	5	3
4	200	7	2
4	201	8	10
4	202	7	4
4	203	1	3
4	204	2	1
4	205	2	4
5	206	8	1
5	207	10	5
5	208	7	4
5	209	2	10
5	210	1	4
5	211	4	7
5	212	8	10
5	213	5	4
5	214	9	3
5	215	6	8
5	216	10	9
5	217	8	10
5	218	7	8
5	219	1	4
5	220	4	7
5	221	9	8
5	222	5	7
5	223	8	7
5	224	8	2
5	225	9	5
5	226	2	4
5	227	3	4
5	228	1	7
5	229	7	3
5	230	8	2
5	231	7	8
5	232	4	1
5	233	5	10
5	234	9	4
5	235	3	5
5	236	5	10
5	237	6	3
5	238	9	4
5	239	8	7
5	240	8	3
5	241	9	4
5	242	8	4
5	243	4	2
5	244	9	1
5	245	7	3
5	246	7	1
5	33	9	5
5	247	6	4
5	248	2	1
5	249	2	4
5	250	6	5
5	251	9	2
5	252	6	4
5	253	4	5
5	254	8	10
5	255	2	6
5	256	7	2
5	257	9	5
5	258	2	4
5	259	3	8
5	260	1	6
5	261	5	10
5	262	5	2
5	263	3	10
5	264	4	1
5	265	7	4
5	266	8	10
5	267	3	8
5	268	7	1
5	269	1	8
5	270	1	5
5	271	1	5
5	272	9	6
5	273	9	7
5	274	6	1
5	275	3	9
5	276	4	1
5	277	2	3
5	278	6	2
5	279	3	4
5	280	8	5
5	281	1	7
5	282	2	8
5	283	7	6
5	284	2	3
5	285	1	5
5	286	3	10
5	287	8	7
6	288	9	8
6	289	3	9
6	290	7	6
6	291	10	3
6	292	1	2
6	293	9	6
6	294	5	9
6	295	2	8
6	296	7	6
6	297	3	1
6	298	8	3
6	299	2	4
6	300	10	9
6	301	1	6
6	302	9	10
6	303	5	7
6	304	7	8
6	305	10	9
6	306	3	5
6	307	3	6
6	308	6	3
6	309	6	5
6	310	2	5
6	311	2	3
6	312	1	8
6	313	9	1
6	314	6	8
6	315	6	2
6	316	1	6
6	317	5	7
6	318	4	8
6	319	2	4
6	320	6	9
6	321	8	2
6	322	3	10
6	323	7	4
6	324	8	4
6	325	8	4
6	326	7	4
6	327	6	8
6	328	6	5
6	329	1	8
6	330	9	8
6	8	10	3
6	331	5	9
6	332	3	2
6	333	2	3
6	334	5	2
6	335	3	2
6	336	4	7
6	337	2	9
6	10	5	8
6	338	8	9
6	339	8	1
6	340	1	7
6	341	7	10
6	342	4	1
6	343	1	9
6	344	2	5
6	345	8	6
6	346	5	9
6	347	4	2
6	348	1	5
6	349	7	2
6	350	1	7
6	351	8	7
6	14	6	8
6	352	7	6
6	353	9	7
6	354	10	6
6	355	2	8
6	356	7	6
6	357	1	3
6	358	10	5
6	179	1	2
6	359	2	4
6	360	2	4
6	361	4	7
6	362	2	4
6	363	3	5
6	364	8	6
6	239	8	2
6	365	7	1
6	366	7	10
6	367	7	6
6	368	5	2
6	369	9	1
6	22	6	9
6	370	2	4
6	371	7	5
6	372	3	4
6	373	10	5
6	374	6	9
6	375	3	8
6	376	7	2
6	377	8	10
6	378	10	1
6	379	7	9
6	380	6	1
6	381	8	4
6	382	10	5
6	383	5	7
6	384	6	5
6	242	7	6
6	385	5	4
6	386	1	7
6	387	5	6
6	388	10	2
6	389	2	8
6	390	1	6
6	391	2	9
6	33	4	3
6	392	2	3
6	393	8	4
6	394	7	6
6	395	2	8
6	396	10	7
6	397	8	7
6	398	8	7
6	399	10	5
6	400	5	3
6	401	9	10
6	402	10	8
6	403	10	1
6	404	4	3
6	405	6	10
6	406	2	6
6	407	2	1
6	408	3	9
6	42	9	5
6	409	5	2
6	410	7	8
6	411	5	7
6	412	1	5
6	413	8	5
6	414	8	4
6	415	9	2
6	416	2	1
6	43	8	10
6	417	9	8
6	418	5	8
6	419	7	10
6	420	7	6
6	421	6	10
6	422	10	1
6	423	4	10
6	424	3	1
6	425	1	7
6	426	10	1
6	427	10	5
6	428	2	6
6	429	5	10
6	430	10	8
6	431	9	4
6	432	8	1
6	433	5	10
6	434	8	3
6	435	8	9
6	436	3	8
6	437	7	3
6	438	5	10
6	439	3	9
6	440	8	6
6	441	5	8
6	442	8	4
6	443	2	10
6	444	10	3
6	445	4	1
6	446	6	2
6	447	4	8
6	448	6	2
6	449	9	2
6	450	6	5
6	451	5	8
7	452	2	10
7	453	1	9
7	454	4	3
7	455	3	6
7	456	9	6
7	457	2	5
7	458	2	9
7	459	8	1
7	460	9	3
7	461	5	8
7	462	4	5
7	463	10	5
7	464	6	8
7	33	10	5
7	465	1	2
7	466	8	10
7	467	1	8
7	56	7	2
7	468	9	8
7	469	10	7
7	470	8	4
7	471	2	7
8	472	7	9
8	473	4	1
8	474	2	9
8	475	4	7
8	476	9	10
8	477	7	1
8	478	8	3
8	479	3	2
8	480	9	4
8	481	7	1
8	482	10	5
8	483	8	3
8	484	8	6
8	485	5	2
8	486	3	8
8	487	8	3
8	488	5	3
8	489	9	1
8	490	3	10
8	491	6	4
8	492	2	1
8	493	1	10
8	494	2	8
8	221	3	1
8	495	6	10
8	496	10	6
8	497	8	1
8	498	4	7
8	499	10	7
8	500	5	4
8	501	4	6
8	502	9	1
8	503	4	2
8	504	5	7
8	505	7	4
8	506	1	3
8	507	8	3
8	508	8	1
8	509	9	4
8	510	9	7
8	511	7	3
8	512	7	10
8	13	8	7
8	513	6	7
8	514	1	7
8	515	8	9
8	516	5	8
8	517	7	6
8	518	2	3
8	356	8	9
8	519	8	3
8	520	6	8
8	521	3	9
8	522	8	3
8	523	7	4
8	524	9	1
8	525	2	8
8	526	1	9
8	527	10	6
8	528	3	9
8	529	9	7
8	530	2	5
8	531	2	9
8	532	3	2
8	533	1	8
8	534	2	4
8	535	6	9
8	536	3	4
8	373	8	7
8	537	9	3
8	538	2	7
8	539	10	4
8	540	10	5
8	541	6	8
8	542	8	9
8	543	7	2
8	544	6	5
8	545	5	4
8	546	1	3
8	244	4	10
8	547	7	3
8	548	7	3
8	549	7	9
8	550	4	8
8	551	5	4
8	552	5	1
8	553	7	6
8	554	5	7
8	555	8	10
8	556	2	6
8	557	2	6
8	558	4	10
8	559	8	2
8	560	3	9
8	400	6	2
8	561	10	8
8	562	4	3
8	563	3	2
8	564	2	6
8	565	8	10
8	566	10	6
8	567	3	2
8	568	8	2
8	569	8	7
8	570	1	4
8	571	3	8
8	572	1	2
8	573	9	10
8	574	9	4
8	575	10	5
8	255	3	6
8	576	4	7
8	577	3	10
8	578	5	8
8	579	6	3
8	580	7	4
8	581	6	7
8	582	9	10
8	583	10	7
8	584	5	7
8	585	3	8
8	586	4	9
8	587	6	5
8	588	2	6
8	423	7	9
8	589	1	7
8	590	8	5
8	591	10	3
8	592	9	10
8	593	10	6
8	594	4	8
8	595	8	6
8	596	3	4
8	597	6	3
8	598	6	9
8	599	1	5
8	600	3	5
8	601	10	9
8	602	3	7
8	603	5	2
8	604	5	9
8	605	8	3
8	606	8	5
8	607	1	9
8	608	1	8
8	609	9	6
8	610	10	2
8	611	2	1
8	55	1	10
8	612	9	3
8	613	3	10
8	614	7	2
8	615	1	2
8	616	2	7
8	617	4	2
8	618	6	9
8	60	7	5
8	619	3	6
8	620	2	9
8	621	10	1
8	622	1	10
8	623	9	5
8	624	6	2
8	625	3	8
8	626	10	5
8	627	9	7
8	628	8	7
8	629	1	9
8	69	6	2
8	630	7	2
8	631	10	1
9	632	2	8
9	633	4	7
9	634	8	1
9	635	1	10
9	636	1	4
9	637	9	4
9	638	7	5
9	639	7	10
9	640	8	5
9	641	6	4
9	642	9	4
9	643	8	9
9	644	7	4
9	645	5	2
9	646	3	10
9	647	9	1
9	648	5	3
9	649	2	1
9	650	9	5
9	651	9	1
9	652	9	10
9	653	5	6
9	654	10	6
9	655	4	6
9	656	4	1
9	657	10	6
9	658	7	2
9	659	4	1
9	660	1	5
9	661	7	5
9	662	8	4
9	663	1	9
9	664	9	5
9	665	8	5
9	666	5	7
9	667	5	4
9	668	9	5
9	669	3	2
9	670	10	3
9	671	2	4
9	672	9	7
9	673	7	3
9	674	9	1
9	675	9	2
9	676	10	9
9	677	10	3
9	678	8	5
9	679	7	3
9	680	1	7
9	681	9	2
9	682	7	4
9	683	3	8
9	684	6	1
9	685	1	5
9	686	4	1
9	172	3	7
9	687	10	9
9	688	8	7
9	689	8	7
9	690	10	5
9	691	3	2
9	692	3	7
9	693	4	5
9	694	4	6
9	695	4	5
9	696	6	2
9	697	2	10
9	698	4	9
9	699	4	3
9	700	6	5
9	701	2	4
9	702	9	2
9	703	6	4
9	704	2	6
9	705	5	3
9	706	9	1
9	707	7	4
9	708	6	1
9	709	10	2
9	710	5	8
9	711	6	4
9	712	1	10
9	713	1	4
9	714	6	7
9	715	10	7
9	716	9	8
9	717	7	2
9	718	10	9
9	719	4	10
9	720	6	2
9	721	3	4
9	722	2	9
9	723	8	7
9	724	9	3
9	725	8	3
9	726	8	3
9	727	5	2
9	728	7	5
9	495	7	5
9	729	6	3
9	730	2	10
9	731	5	4
9	732	10	4
9	733	7	5
9	734	1	8
9	735	2	7
9	736	1	6
9	737	6	2
9	738	4	3
9	739	8	1
9	740	1	9
9	741	2	4
9	742	3	9
9	743	9	6
9	744	6	7
9	745	7	10
9	746	6	9
9	747	1	7
9	748	6	2
9	749	8	2
9	750	5	9
9	751	3	4
9	752	4	7
9	753	8	10
9	754	7	5
9	755	6	1
9	756	9	2
9	757	2	9
9	758	7	4
9	759	10	4
9	502	10	9
9	760	1	6
9	761	2	3
9	762	2	8
9	763	10	7
9	764	5	10
9	765	2	8
9	766	8	6
9	767	3	9
9	768	1	3
9	769	9	1
9	770	2	8
9	771	8	6
9	772	7	5
9	773	10	8
9	774	2	5
9	775	2	4
9	776	6	4
9	777	10	3
9	778	9	3
9	779	2	7
9	780	9	7
9	336	4	2
9	781	3	4
9	782	6	7
9	783	6	8
9	784	4	8
9	785	3	9
9	786	8	4
9	787	2	9
9	788	8	6
9	789	6	5
9	790	5	8
9	791	2	7
9	792	7	1
9	793	8	7
9	794	3	8
9	795	10	3
9	796	5	4
9	797	7	10
9	798	3	10
9	799	4	2
9	800	2	1
9	801	7	3
9	802	10	6
9	803	8	4
9	804	5	4
9	805	8	6
9	806	6	3
9	807	5	6
9	808	3	8
9	809	4	8
9	810	7	1
9	811	6	2
9	812	7	5
9	813	10	3
9	814	10	1
9	815	7	10
9	816	4	7
9	817	3	1
9	818	10	8
9	819	5	6
9	820	6	5
9	821	5	7
9	822	9	1
9	823	9	6
9	233	5	7
9	824	1	6
9	825	2	8
9	517	10	1
9	826	2	3
9	827	1	9
9	828	5	6
9	829	1	3
9	830	4	7
9	831	7	9
9	832	7	6
9	833	5	6
9	834	5	1
9	835	5	2
9	836	5	4
9	837	3	9
9	838	1	2
9	839	4	9
9	840	7	3
9	841	4	3
9	842	9	5
9	843	1	8
9	844	2	9
9	845	1	8
9	846	6	1
9	847	6	4
9	848	2	3
9	849	5	1
9	850	2	8
9	851	10	8
9	852	3	2
9	853	7	2
9	854	3	10
9	855	9	5
9	856	2	4
9	857	5	9
9	858	8	4
9	859	9	10
9	860	8	3
9	861	8	10
9	862	3	10
9	863	6	4
9	864	4	9
9	239	1	2
9	865	9	1
9	866	4	8
9	867	10	1
9	868	4	2
9	869	3	6
9	870	5	2
9	871	5	6
9	872	6	2
9	873	7	3
9	874	4	9
9	875	5	8
9	876	4	7
9	877	9	7
9	878	6	7
9	879	7	5
9	880	4	9
9	881	1	3
9	882	4	5
9	883	2	7
9	884	6	9
9	885	2	1
9	886	6	9
9	887	1	6
9	888	2	9
9	889	9	5
9	890	7	8
9	891	8	4
9	892	6	9
9	893	6	9
9	894	9	3
9	895	6	9
9	896	8	2
9	897	2	3
9	898	1	9
9	899	2	7
9	900	3	9
9	901	2	5
9	902	10	7
9	903	4	7
9	904	4	9
9	905	4	1
9	906	2	4
9	907	8	10
9	908	9	7
9	909	3	8
9	910	2	5
9	911	1	3
9	912	3	9
9	242	10	3
9	913	1	3
9	914	2	6
9	915	1	6
9	916	4	8
9	917	2	7
9	918	3	10
9	919	2	3
9	920	5	7
9	921	8	10
9	922	2	9
9	923	1	8
9	924	4	5
9	925	9	8
9	926	5	2
9	927	9	10
9	928	4	5
9	929	5	3
9	930	6	10
9	931	7	2
9	932	2	6
9	933	3	6
9	934	4	8
9	33	9	6
9	935	1	3
9	936	8	5
9	937	4	3
9	938	2	4
9	939	8	9
9	940	8	1
9	941	3	8
9	942	6	2
9	943	2	4
9	944	10	9
9	945	10	1
9	946	6	10
9	947	10	9
9	948	6	5
9	949	7	2
9	950	7	2
9	951	4	6
9	952	3	8
9	953	8	1
9	954	8	3
9	955	6	1
9	956	3	7
9	957	3	7
9	958	8	3
9	959	2	6
9	960	2	3
9	961	10	8
9	962	1	4
9	963	10	1
9	964	9	10
9	965	7	6
9	966	7	1
9	967	8	5
9	968	1	6
9	969	7	5
9	970	1	7
9	971	5	8
9	972	5	10
9	973	7	2
9	974	1	5
9	975	2	5
9	976	4	6
9	977	3	10
9	978	7	9
9	979	9	2
9	980	6	1
9	981	10	3
9	982	4	9
9	983	2	6
9	984	3	10
9	255	3	9
9	985	1	4
9	986	9	2
9	987	4	2
9	988	2	8
9	989	6	9
9	990	6	9
9	991	10	4
9	992	1	8
9	993	3	8
9	994	3	6
9	995	2	10
9	996	7	10
9	997	4	5
9	998	3	4
9	999	8	6
9	1000	10	8
6	747	-100	-100
6	469	-100	-100
6	543	-100	-100
6	602	-100	-100
6	754	-100	-100
6	25	-100	-100
6	131	-100	-100
6	34	-100	-100
6	674	-100	-100
6	272	-100	-100
6	568	-100	-100
6	779	-100	-100
6	707	-100	-100
6	227	-100	-100
6	566	-100	-100
6	673	-100	-100
6	35	-100	-100
6	998	-100	-100
6	456	-100	-100
6	135	-100	-100
6	218	-100	-100
6	637	-100	-100
6	904	-100	-100
6	636	-100	-100
6	982	-100	-100
6	901	-100	-100
6	737	-100	-100
6	589	-100	-100
6	665	-100	-100
6	458	-100	-100
6	676	-100	-100
6	535	-100	-100
6	927	-100	-100
6	63	-100	-100
6	692	-100	-100
6	158	-100	-100
6	688	-100	-100
6	825	-100	-100
6	631	-100	-100
6	522	-100	-100
6	529	-100	-100
6	468	-100	-100
6	983	-100	-100
6	634	-100	-100
6	610	-100	-100
6	759	-100	-100
6	667	-100	-100
6	663	-100	-100
6	742	-100	-100
6	728	-100	-100
6	643	-100	-100
6	208	-100	-100
6	240	-100	-100
6	75	-100	-100
6	544	-100	-100
6	683	-100	-100
6	958	-100	-100
6	895	-100	-100
6	766	-100	-100
6	855	-100	-100
6	143	-100	-100
6	974	-100	-100
6	949	-100	-100
6	695	-100	-100
6	797	-100	-100
6	795	-100	-100
6	505	-100	-100
6	785	-100	-100
6	697	-100	-100
6	257	-100	-100
6	884	-100	-100
6	911	-100	-100
6	40	-100	-100
6	700	-100	-100
6	644	-100	-100
6	106	-100	-100
6	89	-100	-100
6	997	-100	-100
6	28	-100	-100
6	466	-100	-100
6	252	-100	-100
6	557	-100	-100
6	584	-100	-100
6	153	-100	-100
6	791	-100	-100
6	98	-100	-100
6	100	-100	-100
6	93	-100	-100
6	508	-100	-100
6	261	-100	-100
6	550	-100	-100
6	778	-100	-100
6	136	-100	-100
6	512	-100	-100
6	893	-100	-100
6	777	-100	-100
6	879	-100	-100
6	720	-100	-100
6	784	-100	-100
6	668	-100	-100
6	271	-100	-100
6	921	-100	-100
6	103	-100	-100
6	883	-100	-100
6	222	-100	-100
6	910	-100	-100
6	483	-100	-100
6	489	-100	-100
6	19	-100	-100
6	978	-100	-100
6	807	-100	-100
6	523	-100	-100
6	987	-100	-100
6	212	-100	-100
6	909	-100	-100
6	520	-100	-100
6	168	-100	-100
6	820	-100	-100
6	666	-100	-100
6	655	-100	-100
6	746	-100	-100
6	640	-100	-100
6	750	-100	-100
6	99	-100	-100
6	141	-100	-100
6	122	-100	-100
6	948	-100	-100
6	881	-100	-100
6	537	-100	-100
6	619	-100	-100
6	943	-100	-100
6	818	-100	-100
6	232	-100	-100
6	924	-100	-100
6	738	-100	-100
6	281	-100	-100
6	219	-100	-100
6	273	-100	-100
6	148	-100	-100
6	972	-100	-100
6	819	-100	-100
6	638	-100	-100
6	31	-100	-100
6	710	-100	-100
6	625	-100	-100
6	541	-100	-100
6	7	-100	-100
6	276	-100	-100
6	594	-100	-100
6	76	-100	-100
6	177	-100	-100
6	109	-100	-100
6	649	-100	-100
6	167	-100	-100
6	48	-100	-100
6	618	-100	-100
6	518	-100	-100
6	154	-100	-100
6	152	-100	-100
6	812	-100	-100
6	867	-100	-100
6	869	-100	-100
6	989	-100	-100
6	567	-100	-100
6	178	-100	-100
6	934	-100	-100
6	646	-100	-100
6	774	-100	-100
6	888	-100	-100
6	653	-100	-100
6	908	-100	-100
6	97	-100	-100
6	186	-100	-100
6	578	-100	-100
6	832	-100	-100
6	890	-100	-100
6	104	-100	-100
6	534	-100	-100
6	262	-100	-100
6	806	-100	-100
6	647	-100	-100
6	284	-100	-100
6	132	-100	-100
6	963	-100	-100
6	703	-100	-100
6	725	-100	-100
6	147	-100	-100
6	61	-100	-100
6	733	-100	-100
6	127	-100	-100
6	848	-100	-100
6	613	-100	-100
6	756	-100	-100
6	926	-100	-100
6	80	-100	-100
6	899	-100	-100
6	206	-100	-100
6	745	-100	-100
6	164	-100	-100
6	572	-100	-100
6	482	-100	-100
6	834	-100	-100
6	191	-100	-100
6	499	-100	-100
6	570	-100	-100
8	847	-100	-100
8	162	-100	-100
8	639	-100	-100
8	659	-100	-100
8	786	-100	-100
8	875	-100	-100
8	392	-100	-100
8	196	-100	-100
8	257	-100	-100
8	783	-100	-100
8	689	-100	-100
8	110	-100	-100
8	309	-100	-100
8	17	-100	-100
8	992	-100	-100
8	632	-100	-100
8	54	-100	-100
8	181	-100	-100
8	281	-100	-100
8	399	-100	-100
8	467	-100	-100
8	37	-100	-100
8	863	-100	-100
8	230	-100	-100
8	34	-100	-100
8	107	-100	-100
8	447	-100	-100
8	642	-100	-100
8	681	-100	-100
8	224	-100	-100
8	284	-100	-100
8	115	-100	-100
8	951	-100	-100
8	269	-100	-100
8	70	-100	-100
8	320	-100	-100
8	412	-100	-100
8	748	-100	-100
8	853	-100	-100
8	241	-100	-100
8	896	-100	-100
8	655	-100	-100
8	859	-100	-100
8	707	-100	-100
8	456	-100	-100
8	258	-100	-100
8	919	-100	-100
8	961	-100	-100
8	676	-100	-100
8	813	-100	-100
8	669	-100	-100
8	347	-100	-100
8	351	-100	-100
8	222	-100	-100
8	414	-100	-100
8	471	-100	-100
8	879	-100	-100
8	106	-100	-100
8	755	-100	-100
8	379	-100	-100
8	59	-100	-100
8	468	-100	-100
8	1000	-100	-100
8	770	-100	-100
8	816	-100	-100
8	909	-100	-100
8	200	-100	-100
8	321	-100	-100
8	723	-100	-100
8	739	-100	-100
8	404	-100	-100
8	820	-100	-100
8	984	-100	-100
8	405	-100	-100
8	744	-100	-100
8	736	-100	-100
8	87	-100	-100
8	158	-100	-100
8	23	-100	-100
8	44	-100	-100
8	649	-100	-100
8	915	-100	-100
8	728	-100	-100
8	448	-100	-100
8	365	-100	-100
8	767	-100	-100
8	973	-100	-100
8	422	-100	-100
8	203	-100	-100
8	252	-100	-100
8	19	-100	-100
8	800	-100	-100
8	428	-100	-100
8	254	-100	-100
8	146	-100	-100
8	873	-100	-100
8	778	-100	-100
8	198	-100	-100
8	955	-100	-100
8	262	-100	-100
8	396	-100	-100
8	245	-100	-100
8	90	-100	-100
8	103	-100	-100
8	684	-100	-100
8	932	-100	-100
8	442	-100	-100
8	109	-100	-100
8	987	-100	-100
8	391	-100	-100
8	371	-100	-100
8	78	-100	-100
8	427	-100	-100
8	785	-100	-100
8	295	-100	-100
8	877	-100	-100
8	660	-100	-100
8	202	-100	-100
8	450	-100	-100
8	455	-100	-100
8	208	-100	-100
8	329	-100	-100
8	651	-100	-100
8	215	-100	-100
8	282	-100	-100
8	454	-100	-100
8	837	-100	-100
8	410	-100	-100
8	312	-100	-100
8	835	-100	-100
8	968	-100	-100
8	243	-100	-100
8	991	-100	-100
8	32	-100	-100
8	726	-100	-100
8	872	-100	-100
8	12	-100	-100
8	470	-100	-100
8	326	-100	-100
8	142	-100	-100
8	839	-100	-100
8	798	-100	-100
8	695	-100	-100
8	293	-100	-100
8	750	-100	-100
8	793	-100	-100
8	874	-100	-100
8	997	-100	-100
8	981	-100	-100
8	789	-100	-100
8	986	-100	-100
8	430	-100	-100
8	92	-100	-100
8	65	-100	-100
8	204	-100	-100
8	128	-100	-100
8	113	-100	-100
8	832	-100	-100
8	429	-100	-100
8	172	-100	-100
8	959	-100	-100
8	315	-100	-100
8	912	-100	-100
8	844	-100	-100
8	903	-100	-100
8	122	-100	-100
8	342	-100	-100
8	917	-100	-100
8	935	-100	-100
8	15	-100	-100
8	76	-100	-100
8	182	-100	-100
8	50	-100	-100
8	256	-100	-100
8	359	-100	-100
8	239	-100	-100
8	346	-100	-100
8	152	-100	-100
8	313	-100	-100
8	425	-100	-100
8	341	-100	-100
8	888	-100	-100
8	886	-100	-100
8	848	-100	-100
8	889	-100	-100
8	316	-100	-100
8	775	-100	-100
8	759	-100	-100
8	336	-100	-100
8	936	-100	-100
8	343	-100	-100
8	449	-100	-100
8	982	-100	-100
8	218	-100	-100
8	905	-100	-100
8	758	-100	-100
8	168	-100	-100
8	924	-100	-100
8	711	-100	-100
8	179	-100	-100
8	840	-100	-100
8	22	-100	-100
8	235	-100	-100
8	323	-100	-100
8	819	-100	-100
8	297	-100	-100
8	710	-100	-100
3	995	-100	-100
3	780	-100	-100
3	553	-100	-100
3	539	-100	-100
3	193	-100	-100
3	369	-100	-100
3	332	-100	-100
3	227	-100	-100
3	807	-100	-100
3	372	-100	-100
3	870	-100	-100
3	589	-100	-100
3	985	-100	-100
3	186	-100	-100
3	466	-100	-100
3	518	-100	-100
3	429	-100	-100
3	974	-100	-100
3	981	-100	-100
3	480	-100	-100
3	4	-100	-100
3	564	-100	-100
3	855	-100	-100
3	293	-100	-100
3	176	-100	-100
3	673	-100	-100
3	68	-100	-100
3	354	-100	-100
3	611	-100	-100
3	667	-100	-100
3	498	-100	-100
3	606	-100	-100
3	72	-100	-100
3	299	-100	-100
3	344	-100	-100
3	960	-100	-100
3	554	-100	-100
3	404	-100	-100
3	841	-100	-100
3	325	-100	-100
3	929	-100	-100
3	52	-100	-100
3	829	-100	-100
3	312	-100	-100
3	817	-100	-100
3	978	-100	-100
3	36	-100	-100
3	413	-100	-100
3	277	-100	-100
3	264	-100	-100
3	428	-100	-100
3	893	-100	-100
3	894	-100	-100
3	879	-100	-100
3	831	-100	-100
3	391	-100	-100
3	619	-100	-100
3	591	-100	-100
3	418	-100	-100
3	917	-100	-100
3	271	-100	-100
3	188	-100	-100
3	393	-100	-100
3	649	-100	-100
3	62	-100	-100
3	172	-100	-100
3	713	-100	-100
3	229	-100	-100
3	800	-100	-100
3	891	-100	-100
3	324	-100	-100
3	676	-100	-100
3	679	-100	-100
3	581	-100	-100
3	388	-100	-100
3	35	-100	-100
3	287	-100	-100
3	872	-100	-100
3	218	-100	-100
3	194	-100	-100
3	304	-100	-100
3	44	-100	-100
3	350	-100	-100
3	432	-100	-100
3	397	-100	-100
3	197	-100	-100
3	270	-100	-100
3	234	-100	-100
3	605	-100	-100
3	387	-100	-100
3	878	-100	-100
3	706	-100	-100
3	682	-100	-100
3	16	-100	-100
3	997	-100	-100
3	744	-100	-100
3	947	-100	-100
3	484	-100	-100
3	734	-100	-100
3	307	-100	-100
3	244	-100	-100
3	341	-100	-100
3	861	-100	-100
3	462	-100	-100
3	719	-100	-100
3	785	-100	-100
3	811	-100	-100
3	909	-100	-100
3	284	-100	-100
3	963	-100	-100
3	795	-100	-100
3	407	-100	-100
3	421	-100	-100
3	689	-100	-100
3	810	-100	-100
3	503	-100	-100
3	972	-100	-100
3	461	-100	-100
3	347	-100	-100
3	594	-100	-100
3	521	-100	-100
3	987	-100	-100
3	257	-100	-100
3	269	-100	-100
3	763	-100	-100
3	386	-100	-100
3	546	-100	-100
3	283	-100	-100
3	992	-100	-100
3	39	-100	-100
3	823	-100	-100
3	916	-100	-100
3	903	-100	-100
3	565	-100	-100
3	723	-100	-100
3	725	-100	-100
3	491	-100	-100
3	797	-100	-100
3	455	-100	-100
3	641	-100	-100
3	216	-100	-100
3	460	-100	-100
3	769	-100	-100
3	703	-100	-100
3	628	-100	-100
3	356	-100	-100
3	540	-100	-100
3	547	-100	-100
3	556	-100	-100
3	58	-100	-100
3	695	-100	-100
3	263	-100	-100
3	663	-100	-100
3	862	-100	-100
3	202	-100	-100
3	199	-100	-100
3	377	-100	-100
3	445	-100	-100
3	941	-100	-100
3	575	-100	-100
3	267	-100	-100
3	576	-100	-100
3	935	-100	-100
3	631	-100	-100
3	560	-100	-100
3	396	-100	-100
3	792	-100	-100
3	691	-100	-100
3	335	-100	-100
3	684	-100	-100
3	680	-100	-100
3	336	-100	-100
3	65	-100	-100
3	933	-100	-100
3	47	-100	-100
3	642	-100	-100
3	330	-100	-100
3	773	-100	-100
3	873	-100	-100
3	998	-100	-100
3	209	-100	-100
3	433	-100	-100
3	726	-100	-100
3	31	-100	-100
3	494	-100	-100
3	803	-100	-100
3	245	-100	-100
3	333	-100	-100
3	543	-100	-100
3	222	-100	-100
3	895	-100	-100
3	534	-100	-100
3	863	-100	-100
3	580	-100	-100
3	342	-100	-100
3	448	-100	-100
3	208	-100	-100
3	924	-100	-100
3	737	-100	-100
3	901	-100	-100
3	814	-100	-100
3	25	-100	-100
3	439	-100	-100
3	633	-100	-100
3	877	-100	-100
3	833	-100	-100
3	931	-100	-100
3	845	-100	-100
3	980	-100	-100
3	38	-100	-100
3	77	-100	-100
3	300	-100	-100
3	892	-100	-100
3	399	-100	-100
3	596	-100	-100
3	635	-100	-100
3	921	-100	-100
3	362	-100	-100
3	292	-100	-100
3	693	-100	-100
3	755	-100	-100
3	860	-100	-100
3	471	-100	-100
3	533	-100	-100
3	213	-100	-100
3	255	-100	-100
3	793	-100	-100
3	778	-100	-100
3	57	-100	-100
3	51	-100	-100
3	824	-100	-100
3	555	-100	-100
3	777	-100	-100
3	27	-100	-100
3	353	-100	-100
3	71	-100	-100
3	822	-100	-100
3	742	-100	-100
3	450	-100	-100
3	17	-100	-100
3	179	-100	-100
3	561	-100	-100
3	385	-100	-100
3	29	-100	-100
3	613	-100	-100
3	740	-100	-100
3	964	-100	-100
3	411	-100	-100
3	225	-100	-100
3	49	-100	-100
3	314	-100	-100
3	821	-100	-100
3	577	-100	-100
3	630	-100	-100
3	790	-100	-100
3	535	-100	-100
3	843	-100	-100
3	834	-100	-100
3	522	-100	-100
3	240	-100	-100
3	517	-100	-100
3	504	-100	-100
3	200	-100	-100
3	211	-100	-100
3	847	-100	-100
3	174	-100	-100
3	854	-100	-100
3	902	-100	-100
3	801	-100	-100
3	953	-100	-100
3	999	-100	-100
3	61	-100	-100
3	612	-100	-100
3	820	-100	-100
3	727	-100	-100
3	259	-100	-100
3	779	-100	-100
3	70	-100	-100
3	756	-100	-100
3	317	-100	-100
3	474	-100	-100
3	776	-100	-100
3	485	-100	-100
3	634	-100	-100
3	512	-100	-100
3	607	-100	-100
3	945	-100	-100
3	871	-100	-100
3	747	-100	-100
5	752	-100	-100
5	75	-100	-100
5	881	-100	-100
5	167	-100	-100
5	679	-100	-100
5	525	-100	-100
5	751	-100	-100
5	26	-100	-100
5	128	-100	-100
5	676	-100	-100
5	184	-100	-100
5	629	-100	-100
5	977	-100	-100
5	998	-100	-100
5	892	-100	-100
5	327	-100	-100
5	770	-100	-100
5	35	-100	-100
5	671	-100	-100
5	325	-100	-100
5	480	-100	-100
5	54	-100	-100
5	614	-100	-100
5	87	-100	-100
5	947	-100	-100
5	802	-100	-100
5	487	-100	-100
5	476	-100	-100
5	441	-100	-100
5	364	-100	-100
5	568	-100	-100
5	876	-100	-100
5	337	-100	-100
5	631	-100	-100
5	615	-100	-100
5	329	-100	-100
5	84	-100	-100
5	62	-100	-100
5	777	-100	-100
5	354	-100	-100
5	870	-100	-100
5	829	-100	-100
5	532	-100	-100
5	546	-100	-100
5	534	-100	-100
5	850	-100	-100
5	447	-100	-100
5	600	-100	-100
5	985	-100	-100
5	11	-100	-100
5	785	-100	-100
5	772	-100	-100
5	806	-100	-100
5	379	-100	-100
5	107	-100	-100
5	981	-100	-100
5	411	-100	-100
5	511	-100	-100
5	366	-100	-100
5	750	-100	-100
5	451	-100	-100
5	643	-100	-100
5	619	-100	-100
5	291	-100	-100
5	293	-100	-100
5	610	-100	-100
5	980	-100	-100
5	580	-100	-100
5	662	-100	-100
5	290	-100	-100
5	78	-100	-100
5	338	-100	-100
5	940	-100	-100
5	602	-100	-100
5	473	-100	-100
5	575	-100	-100
5	824	-100	-100
5	794	-100	-100
5	767	-100	-100
5	200	-100	-100
5	556	-100	-100
5	970	-100	-100
5	808	-100	-100
5	391	-100	-100
5	731	-100	-100
5	142	-100	-100
5	557	-100	-100
5	574	-100	-100
5	891	-100	-100
5	566	-100	-100
5	674	-100	-100
5	986	-100	-100
5	640	-100	-100
5	933	-100	-100
5	848	-100	-100
5	857	-100	-100
5	421	-100	-100
5	313	-100	-100
5	21	-100	-100
5	711	-100	-100
5	706	-100	-100
5	665	-100	-100
5	720	-100	-100
5	157	-100	-100
5	402	-100	-100
5	644	-100	-100
5	531	-100	-100
5	984	-100	-100
5	134	-100	-100
5	937	-100	-100
5	385	-100	-100
5	348	-100	-100
5	982	-100	-100
5	152	-100	-100
5	959	-100	-100
5	100	-100	-100
5	24	-100	-100
5	874	-100	-100
5	113	-100	-100
5	925	-100	-100
5	875	-100	-100
5	906	-100	-100
5	194	-100	-100
5	903	-100	-100
5	945	-100	-100
5	448	-100	-100
5	554	-100	-100
5	105	-100	-100
5	403	-100	-100
5	59	-100	-100
5	482	-100	-100
5	635	-100	-100
5	684	-100	-100
5	561	-100	-100
5	295	-100	-100
5	361	-100	-100
5	474	-100	-100
5	573	-100	-100
5	392	-100	-100
5	851	-100	-100
5	826	-100	-100
5	470	-100	-100
5	997	-100	-100
5	357	-100	-100
5	746	-100	-100
5	506	-100	-100
5	452	-100	-100
5	201	-100	-100
5	136	-100	-100
5	356	-100	-100
5	489	-100	-100
5	612	-100	-100
5	144	-100	-100
5	975	-100	-100
5	124	-100	-100
5	780	-100	-100
5	854	-100	-100
5	915	-100	-100
5	807	-100	-100
5	469	-100	-100
5	714	-100	-100
5	29	-100	-100
5	762	-100	-100
5	632	-100	-100
5	914	-100	-100
5	358	-100	-100
5	603	-100	-100
5	672	-100	-100
5	303	-100	-100
5	776	-100	-100
5	444	-100	-100
5	719	-100	-100
5	693	-100	-100
5	918	-100	-100
5	443	-100	-100
5	799	-100	-100
5	164	-100	-100
5	815	-100	-100
5	990	-100	-100
5	86	-100	-100
5	683	-100	-100
5	913	-100	-100
5	122	-100	-100
5	386	-100	-100
5	437	-100	-100
5	917	-100	-100
5	131	-100	-100
5	924	-100	-100
5	866	-100	-100
5	67	-100	-100
5	831	-100	-100
5	69	-100	-100
5	187	-100	-100
5	92	-100	-100
5	64	-100	-100
5	538	-100	-100
5	747	-100	-100
5	878	-100	-100
5	637	-100	-100
5	490	-100	-100
5	675	-100	-100
5	900	-100	-100
5	535	-100	-100
5	117	-100	-100
5	416	-100	-100
5	623	-100	-100
5	811	-100	-100
5	317	-100	-100
5	565	-100	-100
5	51	-100	-100
5	963	-100	-100
5	77	-100	-100
5	53	-100	-100
5	797	-100	-100
5	510	-100	-100
5	949	-100	-100
5	690	-100	-100
5	457	-100	-100
5	346	-100	-100
5	363	-100	-100
5	322	-100	-100
5	339	-100	-100
5	129	-100	-100
5	741	-100	-100
5	197	-100	-100
5	456	-100	-100
5	879	-100	-100
5	620	-100	-100
5	814	-100	-100
5	921	-100	-100
5	771	-100	-100
5	434	-100	-100
5	810	-100	-100
5	734	-100	-100
5	579	-100	-100
5	300	-100	-100
5	953	-100	-100
5	687	-100	-100
5	563	-100	-100
5	328	-100	-100
5	429	-100	-100
5	896	-100	-100
5	104	-100	-100
5	186	-100	-100
5	47	-100	-100
5	425	-100	-100
5	20	-100	-100
5	497	-100	-100
5	791	-100	-100
5	369	-100	-100
5	649	-100	-100
5	518	-100	-100
5	467	-100	-100
5	827	-100	-100
5	189	-100	-100
5	390	-100	-100
5	471	-100	-100
5	694	-100	-100
5	893	-100	-100
5	861	-100	-100
5	877	-100	-100
5	71	-100	-100
5	852	-100	-100
5	4	-100	-100
5	766	-100	-100
5	181	-100	-100
5	495	-100	-100
5	912	-100	-100
5	408	-100	-100
5	678	-100	-100
5	911	-100	-100
5	380	-100	-100
5	7	-100	-100
5	656	-100	-100
5	730	-100	-100
5	844	-100	-100
5	599	-100	-100
5	19	-100	-100
5	349	-100	-100
5	819	-100	-100
5	803	-100	-100
5	753	-100	-100
5	413	-100	-100
5	578	-100	-100
5	613	-100	-100
5	109	-100	-100
5	449	-100	-100
5	646	-100	-100
5	288	-100	-100
5	733	-100	-100
5	907	-100	-100
5	498	-100	-100
5	387	-100	-100
5	301	-100	-100
5	80	-100	-100
5	978	-100	-100
1	436	-100	-100
1	660	-100	-100
1	274	-100	-100
1	433	-100	-100
1	651	-100	-100
1	547	-100	-100
1	854	-100	-100
1	535	-100	-100
1	559	-100	-100
1	672	-100	-100
1	285	-100	-100
1	220	-100	-100
1	846	-100	-100
1	877	-100	-100
1	499	-100	-100
1	726	-100	-100
1	364	-100	-100
1	440	-100	-100
1	458	-100	-100
1	956	-100	-100
1	321	-100	-100
1	230	-100	-100
1	224	-100	-100
1	449	-100	-100
1	875	-100	-100
1	344	-100	-100
1	989	-100	-100
1	683	-100	-100
1	541	-100	-100
1	108	-100	-100
1	788	-100	-100
1	562	-100	-100
1	412	-100	-100
1	134	-100	-100
1	960	-100	-100
1	770	-100	-100
1	822	-100	-100
1	605	-100	-100
1	891	-100	-100
1	155	-100	-100
1	442	-100	-100
1	971	-100	-100
1	97	-100	-100
1	576	-100	-100
1	944	-100	-100
1	774	-100	-100
1	457	-100	-100
1	467	-100	-100
1	354	-100	-100
1	884	-100	-100
1	532	-100	-100
1	395	-100	-100
1	464	-100	-100
1	407	-100	-100
1	210	-100	-100
1	270	-100	-100
1	266	-100	-100
1	966	-100	-100
1	453	-100	-100
1	185	-100	-100
1	383	-100	-100
1	296	-100	-100
1	98	-100	-100
1	972	-100	-100
1	615	-100	-100
1	171	-100	-100
1	331	-100	-100
1	393	-100	-100
1	691	-100	-100
1	561	-100	-100
1	741	-100	-100
1	290	-100	-100
1	144	-100	-100
1	812	-100	-100
1	443	-100	-100
1	480	-100	-100
1	601	-100	-100
1	96	-100	-100
1	509	-100	-100
1	276	-100	-100
1	129	-100	-100
1	91	-100	-100
1	728	-100	-100
1	968	-100	-100
1	294	-100	-100
1	293	-100	-100
1	518	-100	-100
1	143	-100	-100
1	275	-100	-100
1	338	-100	-100
1	384	-100	-100
1	295	-100	-100
1	463	-100	-100
1	250	-100	-100
1	762	-100	-100
1	992	-100	-100
1	590	-100	-100
1	869	-100	-100
1	303	-100	-100
1	334	-100	-100
1	214	-100	-100
1	752	-100	-100
1	872	-100	-100
1	859	-100	-100
1	948	-100	-100
1	942	-100	-100
1	78	-100	-100
1	506	-100	-100
1	287	-100	-100
1	283	-100	-100
1	572	-100	-100
1	166	-100	-100
1	481	-100	-100
1	898	-100	-100
1	82	-100	-100
1	332	-100	-100
1	299	-100	-100
1	351	-100	-100
1	713	-100	-100
1	927	-100	-100
1	346	-100	-100
1	239	-100	-100
1	261	-100	-100
1	843	-100	-100
1	93	-100	-100
1	857	-100	-100
1	799	-100	-100
1	486	-100	-100
1	701	-100	-100
1	719	-100	-100
1	608	-100	-100
1	997	-100	-100
1	817	-100	-100
1	803	-100	-100
1	369	-100	-100
1	593	-100	-100
1	302	-100	-100
1	211	-100	-100
1	404	-100	-100
1	607	-100	-100
1	584	-100	-100
1	945	-100	-100
1	545	-100	-100
1	238	-100	-100
1	229	-100	-100
1	316	-100	-100
1	298	-100	-100
1	694	-100	-100
1	604	-100	-100
1	142	-100	-100
1	721	-100	-100
1	665	-100	-100
1	553	-100	-100
1	539	-100	-100
1	324	-100	-100
1	632	-100	-100
1	340	-100	-100
1	617	-100	-100
1	793	-100	-100
1	157	-100	-100
1	963	-100	-100
1	186	-100	-100
1	801	-100	-100
1	263	-100	-100
1	145	-100	-100
1	423	-100	-100
1	245	-100	-100
1	228	-100	-100
1	357	-100	-100
1	373	-100	-100
1	508	-100	-100
1	372	-100	-100
1	603	-100	-100
1	281	-100	-100
1	111	-100	-100
1	620	-100	-100
1	470	-100	-100
1	831	-100	-100
1	533	-100	-100
1	921	-100	-100
1	159	-100	-100
1	435	-100	-100
1	217	-100	-100
1	408	-100	-100
1	315	-100	-100
1	809	-100	-100
1	493	-100	-100
1	116	-100	-100
1	878	-100	-100
1	477	-100	-100
1	704	-100	-100
1	359	-100	-100
1	709	-100	-100
1	917	-100	-100
1	780	-100	-100
1	292	-100	-100
1	587	-100	-100
1	778	-100	-100
1	370	-100	-100
1	173	-100	-100
1	451	-100	-100
1	574	-100	-100
1	828	-100	-100
1	312	-100	-100
1	202	-100	-100
1	74	-100	-100
1	885	-100	-100
1	432	-100	-100
1	187	-100	-100
1	323	-100	-100
1	503	-100	-100
1	73	-100	-100
1	273	-100	-100
1	169	-100	-100
1	591	-100	-100
1	267	-100	-100
1	431	-100	-100
1	170	-100	-100
1	348	-100	-100
1	734	-100	-100
1	101	-100	-100
1	886	-100	-100
1	236	-100	-100
1	510	-100	-100
1	191	-100	-100
1	419	-100	-100
1	133	-100	-100
1	685	-100	-100
1	568	-100	-100
1	628	-100	-100
1	623	-100	-100
1	800	-100	-100
1	911	-100	-100
1	75	-100	-100
1	378	-100	-100
1	139	-100	-100
1	513	-100	-100
1	86	-100	-100
1	529	-100	-100
1	413	-100	-100
1	311	-100	-100
1	125	-100	-100
1	961	-100	-100
1	416	-100	-100
1	461	-100	-100
1	696	-100	-100
1	612	-100	-100
1	483	-100	-100
1	682	-100	-100
1	771	-100	-100
1	328	-100	-100
1	497	-100	-100
1	687	-100	-100
1	958	-100	-100
1	849	-100	-100
1	138	-100	-100
1	520	-100	-100
1	814	-100	-100
1	767	-100	-100
1	410	-100	-100
1	268	-100	-100
1	216	-100	-100
1	367	-100	-100
1	949	-100	-100
1	733	-100	-100
1	320	-100	-100
1	939	-100	-100
1	977	-100	-100
1	582	-100	-100
1	871	-100	-100
1	905	-100	-100
1	602	-100	-100
1	698	-100	-100
1	892	-100	-100
1	653	-100	-100
1	339	-100	-100
1	258	-100	-100
1	149	-100	-100
1	162	-100	-100
1	207	-100	-100
1	678	-100	-100
1	592	-100	-100
1	406	-100	-100
1	969	-100	-100
1	209	-100	-100
1	707	-100	-100
1	802	-100	-100
1	978	-100	-100
1	405	-100	-100
1	530	-100	-100
1	507	-100	-100
1	635	-100	-100
1	844	-100	-100
1	890	-100	-100
1	279	-100	-100
1	702	-100	-100
1	105	-100	-100
1	522	-100	-100
1	549	-100	-100
1	631	-100	-100
1	626	-100	-100
1	588	-100	-100
1	673	-100	-100
1	850	-100	-100
1	833	-100	-100
1	424	-100	-100
1	560	-100	-100
1	352	-100	-100
1	787	-100	-100
4	74	-100	-100
4	398	-100	-100
4	448	-100	-100
4	409	-100	-100
4	289	-100	-100
4	565	-100	-100
4	990	-100	-100
4	450	-100	-100
4	602	-100	-100
4	736	-100	-100
4	747	-100	-100
4	83	-100	-100
4	942	-100	-100
4	412	-100	-100
4	668	-100	-100
4	706	-100	-100
4	927	-100	-100
4	995	-100	-100
4	760	-100	-100
4	364	-100	-100
4	166	-100	-100
4	110	-100	-100
4	835	-100	-100
4	743	-100	-100
4	122	-100	-100
4	121	-100	-100
4	350	-100	-100
4	712	-100	-100
4	619	-100	-100
4	424	-100	-100
4	981	-100	-100
4	647	-100	-100
4	410	-100	-100
4	37	-100	-100
4	775	-100	-100
4	14	-100	-100
4	675	-100	-100
4	43	-100	-100
4	914	-100	-100
4	72	-100	-100
4	324	-100	-100
4	497	-100	-100
4	61	-100	-100
4	994	-100	-100
4	604	-100	-100
4	590	-100	-100
4	22	-100	-100
4	621	-100	-100
4	982	-100	-100
4	505	-100	-100
4	104	-100	-100
4	406	-100	-100
4	549	-100	-100
4	237	-100	-100
4	340	-100	-100
4	91	-100	-100
4	831	-100	-100
4	547	-100	-100
4	31	-100	-100
4	327	-100	-100
4	167	-100	-100
4	892	-100	-100
4	260	-100	-100
4	691	-100	-100
4	634	-100	-100
4	746	-100	-100
4	444	-100	-100
4	529	-100	-100
4	33	-100	-100
4	640	-100	-100
4	745	-100	-100
4	765	-100	-100
4	503	-100	-100
4	343	-100	-100
4	955	-100	-100
4	555	-100	-100
4	905	-100	-100
4	574	-100	-100
4	664	-100	-100
4	941	-100	-100
4	832	-100	-100
4	147	-100	-100
4	556	-100	-100
4	443	-100	-100
4	600	-100	-100
4	250	-100	-100
4	408	-100	-100
4	552	-100	-100
4	973	-100	-100
4	993	-100	-100
4	869	-100	-100
4	701	-100	-100
4	75	-100	-100
4	302	-100	-100
4	657	-100	-100
4	737	-100	-100
4	21	-100	-100
4	790	-100	-100
4	881	-100	-100
4	126	-100	-100
4	243	-100	-100
4	969	-100	-100
4	939	-100	-100
4	716	-100	-100
4	383	-100	-100
4	682	-100	-100
4	584	-100	-100
4	797	-100	-100
4	235	-100	-100
4	721	-100	-100
4	934	-100	-100
4	960	-100	-100
4	258	-100	-100
4	439	-100	-100
4	468	-100	-100
4	270	-100	-100
4	390	-100	-100
4	36	-100	-100
4	723	-100	-100
4	472	-100	-100
4	248	-100	-100
4	611	-100	-100
4	850	-100	-100
4	989	-100	-100
4	449	-100	-100
4	868	-100	-100
4	344	-100	-100
4	421	-100	-100
4	457	-100	-100
4	999	-100	-100
4	615	-100	-100
4	810	-100	-100
4	570	-100	-100
4	863	-100	-100
4	481	-100	-100
4	52	-100	-100
4	445	-100	-100
4	109	-100	-100
4	876	-100	-100
4	670	-100	-100
4	271	-100	-100
4	253	-100	-100
4	225	-100	-100
4	42	-100	-100
4	870	-100	-100
4	228	-100	-100
4	665	-100	-100
4	516	-100	-100
4	689	-100	-100
4	638	-100	-100
4	946	-100	-100
4	617	-100	-100
4	484	-100	-100
4	763	-100	-100
4	511	-100	-100
4	741	-100	-100
4	81	-100	-100
4	246	-100	-100
4	10	-100	-100
4	149	-100	-100
4	522	-100	-100
4	774	-100	-100
4	129	-100	-100
4	798	-100	-100
4	652	-100	-100
4	833	-100	-100
4	673	-100	-100
4	247	-100	-100
4	608	-100	-100
4	592	-100	-100
4	294	-100	-100
4	945	-100	-100
4	76	-100	-100
4	728	-100	-100
4	802	-100	-100
4	923	-100	-100
4	523	-100	-100
4	839	-100	-100
4	315	-100	-100
4	366	-100	-100
4	782	-100	-100
4	709	-100	-100
4	305	-100	-100
4	309	-100	-100
4	465	-100	-100
4	669	-100	-100
4	733	-100	-100
4	686	-100	-100
4	801	-100	-100
4	653	-100	-100
4	874	-100	-100
4	427	-100	-100
4	789	-100	-100
4	631	-100	-100
4	561	-100	-100
4	100	-100	-100
4	144	-100	-100
4	627	-100	-100
4	85	-100	-100
4	543	-100	-100
4	278	-100	-100
4	56	-100	-100
4	495	-100	-100
4	537	-100	-100
4	785	-100	-100
4	751	-100	-100
4	827	-100	-100
4	899	-100	-100
4	648	-100	-100
4	508	-100	-100
4	678	-100	-100
4	504	-100	-100
4	794	-100	-100
4	758	-100	-100
4	924	-100	-100
4	229	-100	-100
4	953	-100	-100
4	996	-100	-100
4	329	-100	-100
4	376	-100	-100
4	489	-100	-100
4	354	-100	-100
4	506	-100	-100
4	378	-100	-100
4	813	-100	-100
4	883	-100	-100
4	44	-100	-100
4	146	-100	-100
4	361	-100	-100
4	757	-100	-100
4	470	-100	-100
4	26	-100	-100
4	890	-100	-100
4	128	-100	-100
4	401	-100	-100
4	524	-100	-100
4	486	-100	-100
4	45	-100	-100
4	384	-100	-100
4	267	-100	-100
4	936	-100	-100
4	663	-100	-100
4	804	-100	-100
4	249	-100	-100
4	345	-100	-100
4	616	-100	-100
4	308	-100	-100
4	341	-100	-100
4	896	-100	-100
4	772	-100	-100
4	877	-100	-100
4	156	-100	-100
4	986	-100	-100
4	117	-100	-100
4	599	-100	-100
4	431	-100	-100
4	118	-100	-100
4	674	-100	-100
4	320	-100	-100
4	598	-100	-100
4	852	-100	-100
4	12	-100	-100
4	286	-100	-100
4	47	-100	-100
4	749	-100	-100
4	725	-100	-100
4	161	-100	-100
4	659	-100	-100
4	241	-100	-100
4	276	-100	-100
4	778	-100	-100
4	853	-100	-100
4	577	-100	-100
4	817	-100	-100
4	483	-100	-100
4	471	-100	-100
4	464	-100	-100
4	165	-100	-100
4	856	-100	-100
4	299	-100	-100
4	695	-100	-100
4	473	-100	-100
4	943	-100	-100
4	337	-100	-100
4	564	-100	-100
4	579	-100	-100
4	287	-100	-100
4	761	-100	-100
4	274	-100	-100
4	842	-100	-100
4	727	-100	-100
4	393	-100	-100
4	655	-100	-100
4	780	-100	-100
4	903	-100	-100
4	20	-100	-100
4	705	-100	-100
4	913	-100	-100
4	557	-100	-100
4	962	-100	-100
4	539	-100	-100
4	29	-100	-100
4	623	-100	-100
4	530	-100	-100
4	306	-100	-100
4	976	-100	-100
4	596	-100	-100
4	550	-100	-100
4	452	-100	-100
4	904	-100	-100
4	416	-100	-100
4	119	-100	-100
4	836	-100	-100
4	359	-100	-100
4	769	-100	-100
4	325	-100	-100
4	544	-100	-100
4	64	-100	-100
4	952	-100	-100
4	150	-100	-100
4	614	-100	-100
4	661	-100	-100
4	399	-100	-100
4	66	-100	-100
4	629	-100	-100
4	929	-100	-100
4	698	-100	-100
4	533	-100	-100
4	966	-100	-100
4	295	-100	-100
4	922	-100	-100
4	944	-100	-100
4	213	-100	-100
4	335	-100	-100
4	316	-100	-100
4	7	-100	-100
4	296	-100	-100
4	417	-100	-100
4	796	-100	-100
4	459	-100	-100
4	791	-100	-100
7	591	-100	-100
7	894	-100	-100
7	83	-100	-100
7	501	-100	-100
7	632	-100	-100
7	614	-100	-100
7	235	-100	-100
7	298	-100	-100
7	275	-100	-100
7	324	-100	-100
7	172	-100	-100
7	437	-100	-100
7	202	-100	-100
7	967	-100	-100
7	828	-100	-100
7	706	-100	-100
7	626	-100	-100
7	627	-100	-100
7	2	-100	-100
7	572	-100	-100
7	813	-100	-100
7	110	-100	-100
7	386	-100	-100
7	698	-100	-100
7	730	-100	-100
7	421	-100	-100
7	742	-100	-100
7	982	-100	-100
7	934	-100	-100
7	918	-100	-100
7	80	-100	-100
7	548	-100	-100
7	578	-100	-100
7	433	-100	-100
7	674	-100	-100
7	24	-100	-100
7	221	-100	-100
7	677	-100	-100
7	681	-100	-100
7	207	-100	-100
7	312	-100	-100
7	575	-100	-100
7	192	-100	-100
7	270	-100	-100
7	807	-100	-100
7	320	-100	-100
7	279	-100	-100
7	739	-100	-100
7	25	-100	-100
7	628	-100	-100
7	959	-100	-100
7	832	-100	-100
7	322	-100	-100
7	141	-100	-100
7	30	-100	-100
7	394	-100	-100
7	517	-100	-100
7	175	-100	-100
7	10	-100	-100
7	483	-100	-100
7	576	-100	-100
7	820	-100	-100
7	301	-100	-100
7	724	-100	-100
7	570	-100	-100
7	948	-100	-100
7	630	-100	-100
7	745	-100	-100
7	676	-100	-100
7	644	-100	-100
7	687	-100	-100
7	240	-100	-100
7	134	-100	-100
7	127	-100	-100
7	743	-100	-100
7	711	-100	-100
7	843	-100	-100
7	362	-100	-100
7	582	-100	-100
7	550	-100	-100
7	223	-100	-100
7	835	-100	-100
7	261	-100	-100
7	932	-100	-100
7	295	-100	-100
7	969	-100	-100
7	126	-100	-100
7	936	-100	-100
7	596	-100	-100
7	159	-100	-100
7	973	-100	-100
7	63	-100	-100
7	831	-100	-100
7	426	-100	-100
7	326	-100	-100
7	659	-100	-100
7	216	-100	-100
7	308	-100	-100
7	366	-100	-100
7	940	-100	-100
7	125	-100	-100
7	929	-100	-100
7	648	-100	-100
7	315	-100	-100
7	665	-100	-100
7	679	-100	-100
7	590	-100	-100
7	514	-100	-100
7	23	-100	-100
7	816	-100	-100
7	841	-100	-100
7	867	-100	-100
7	557	-100	-100
7	798	-100	-100
7	981	-100	-100
7	565	-100	-100
7	64	-100	-100
7	396	-100	-100
7	872	-100	-100
7	17	-100	-100
7	797	-100	-100
7	269	-100	-100
7	411	-100	-100
7	713	-100	-100
7	953	-100	-100
7	363	-100	-100
7	943	-100	-100
7	684	-100	-100
7	661	-100	-100
7	952	-100	-100
7	748	-100	-100
7	299	-100	-100
7	637	-100	-100
7	708	-100	-100
7	791	-100	-100
7	435	-100	-100
7	669	-100	-100
7	858	-100	-100
7	712	-100	-100
7	757	-100	-100
7	827	-100	-100
7	325	-100	-100
7	930	-100	-100
7	71	-100	-100
7	754	-100	-100
7	416	-100	-100
7	593	-100	-100
7	138	-100	-100
7	878	-100	-100
7	950	-100	-100
7	441	-100	-100
7	773	-100	-100
7	351	-100	-100
7	14	-100	-100
7	900	-100	-100
7	600	-100	-100
7	633	-100	-100
7	382	-100	-100
7	750	-100	-100
7	288	-100	-100
7	151	-100	-100
7	193	-100	-100
7	513	-100	-100
7	293	-100	-100
7	136	-100	-100
7	183	-100	-100
7	239	-100	-100
7	965	-100	-100
7	994	-100	-100
7	603	-100	-100
7	271	-100	-100
7	253	-100	-100
7	671	-100	-100
7	925	-100	-100
7	525	-100	-100
7	303	-100	-100
7	189	-100	-100
7	259	-100	-100
7	756	-100	-100
7	625	-100	-100
7	144	-100	-100
7	744	-100	-100
7	776	-100	-100
7	547	-100	-100
7	372	-100	-100
7	999	-100	-100
7	484	-100	-100
7	854	-100	-100
7	955	-100	-100
7	395	-100	-100
7	654	-100	-100
7	775	-100	-100
7	675	-100	-100
7	236	-100	-100
7	564	-100	-100
7	370	-100	-100
7	924	-100	-100
7	358	-100	-100
7	41	-100	-100
7	782	-100	-100
7	165	-100	-100
7	161	-100	-100
7	795	-100	-100
7	770	-100	-100
7	921	-100	-100
7	534	-100	-100
7	174	-100	-100
7	50	-100	-100
7	400	-100	-100
7	256	-100	-100
7	737	-100	-100
7	287	-100	-100
7	90	-100	-100
7	442	-100	-100
7	639	-100	-100
7	908	-100	-100
7	519	-100	-100
7	423	-100	-100
7	555	-100	-100
7	740	-100	-100
7	147	-100	-100
7	629	-100	-100
7	933	-100	-100
7	257	-100	-100
7	838	-100	-100
7	584	-100	-100
7	753	-100	-100
7	734	-100	-100
7	939	-100	-100
7	241	-100	-100
7	265	-100	-100
7	689	-100	-100
7	817	-100	-100
7	702	-100	-100
7	429	-100	-100
7	815	-100	-100
7	825	-100	-100
7	345	-100	-100
7	12	-100	-100
7	445	-100	-100
7	280	-100	-100
7	331	-100	-100
7	691	-100	-100
7	647	-100	-100
7	505	-100	-100
7	606	-100	-100
7	581	-100	-100
7	683	-100	-100
7	182	-100	-100
7	476	-100	-100
7	60	-100	-100
7	560	-100	-100
7	86	-100	-100
7	474	-100	-100
7	97	-100	-100
7	619	-100	-100
7	812	-100	-100
7	208	-100	-100
7	802	-100	-100
7	556	-100	-100
7	567	-100	-100
7	123	-100	-100
7	707	-100	-100
7	21	-100	-100
7	778	-100	-100
7	914	-100	-100
7	203	-100	-100
7	70	-100	-100
7	200	-100	-100
7	718	-100	-100
7	909	-100	-100
7	958	-100	-100
7	983	-100	-100
7	853	-100	-100
7	882	-100	-100
7	869	-100	-100
7	495	-100	-100
7	610	-100	-100
7	931	-100	-100
7	281	-100	-100
7	54	-100	-100
7	482	-100	-100
7	357	-100	-100
7	667	-100	-100
7	735	-100	-100
7	61	-100	-100
7	800	-100	-100
7	352	-100	-100
7	233	-100	-100
7	473	-100	-100
7	636	-100	-100
7	722	-100	-100
7	228	-100	-100
7	818	-100	-100
7	963	-100	-100
7	149	-100	-100
7	446	-100	-100
7	479	-100	-100
7	949	-100	-100
7	59	-100	-100
7	732	-100	-100
7	662	-100	-100
7	487	-100	-100
7	13	-100	-100
7	609	-100	-100
7	811	-100	-100
7	758	-100	-100
7	410	-100	-100
7	947	-100	-100
7	946	-100	-100
7	751	-100	-100
7	549	-100	-100
7	987	-100	-100
7	540	-100	-100
7	663	-100	-100
7	552	-100	-100
7	524	-100	-100
7	314	-100	-100
7	52	-100	-100
7	598	-100	-100
7	562	-100	-100
7	631	-100	-100
7	65	-100	-100
7	561	-100	-100
7	160	-100	-100
7	577	-100	-100
7	164	-100	-100
7	28	-100	-100
7	178	-100	-100
7	32	-100	-100
7	551	-100	-100
7	184	-100	-100
7	779	-100	-100
7	539	-100	-100
7	306	-100	-100
7	277	-100	-100
7	282	-100	-100
7	984	-100	-100
7	701	-100	-100
7	254	-100	-100
7	1000	-100	-100
7	283	-100	-100
7	847	-100	-100
7	330	-100	-100
7	380	-100	-100
7	230	-100	-100
7	220	-100	-100
7	890	-100	-100
7	289	-100	-100
7	38	-100	-100
7	666	-100	-100
7	822	-100	-100
7	699	-100	-100
7	762	-100	-100
2	40	-100	-100
2	868	-100	-100
2	931	-100	-100
2	116	-100	-100
2	246	-100	-100
2	274	-100	-100
2	742	-100	-100
2	591	-100	-100
2	395	-100	-100
2	104	-100	-100
2	443	-100	-100
2	575	-100	-100
2	97	-100	-100
2	819	-100	-100
2	604	-100	-100
2	394	-100	-100
2	439	-100	-100
2	660	-100	-100
2	777	-100	-100
2	476	-100	-100
2	556	-100	-100
2	218	-100	-100
2	589	-100	-100
2	842	-100	-100
2	325	-100	-100
2	35	-100	-100
2	752	-100	-100
2	388	-100	-100
2	312	-100	-100
2	345	-100	-100
2	267	-100	-100
2	147	-100	-100
2	165	-100	-100
2	196	-100	-100
2	998	-100	-100
2	225	-100	-100
2	289	-100	-100
2	417	-100	-100
2	730	-100	-100
2	332	-100	-100
2	945	-100	-100
2	644	-100	-100
2	687	-100	-100
2	735	-100	-100
2	605	-100	-100
2	967	-100	-100
2	663	-100	-100
2	46	-100	-100
2	82	-100	-100
2	844	-100	-100
2	814	-100	-100
2	380	-100	-100
2	769	-100	-100
2	18	-100	-100
2	918	-100	-100
2	620	-100	-100
2	679	-100	-100
2	619	-100	-100
2	368	-100	-100
2	131	-100	-100
2	898	-100	-100
2	317	-100	-100
2	85	-100	-100
2	892	-100	-100
2	281	-100	-100
2	98	-100	-100
2	712	-100	-100
2	699	-100	-100
2	93	-100	-100
2	520	-100	-100
2	559	-100	-100
2	480	-100	-100
2	341	-100	-100
2	384	-100	-100
2	193	-100	-100
2	86	-100	-100
2	529	-100	-100
2	162	-100	-100
2	288	-100	-100
2	899	-100	-100
2	521	-100	-100
2	849	-100	-100
2	445	-100	-100
2	123	-100	-100
2	811	-100	-100
2	800	-100	-100
2	762	-100	-100
2	697	-100	-100
2	358	-100	-100
2	56	-100	-100
2	455	-100	-100
2	180	-100	-100
2	925	-100	-100
2	30	-100	-100
2	114	-100	-100
2	374	-100	-100
2	474	-100	-100
2	580	-100	-100
2	607	-100	-100
2	84	-100	-100
2	350	-100	-100
2	907	-100	-100
2	488	-100	-100
2	228	-100	-100
2	241	-100	-100
2	724	-100	-100
2	179	-100	-100
2	573	-100	-100
2	262	-100	-100
2	600	-100	-100
2	120	-100	-100
2	456	-100	-100
2	347	-100	-100
2	377	-100	-100
2	989	-100	-100
2	103	-100	-100
2	790	-100	-100
2	602	-100	-100
2	549	-100	-100
2	592	-100	-100
2	639	-100	-100
2	821	-100	-100
2	250	-100	-100
2	32	-100	-100
2	102	-100	-100
2	354	-100	-100
2	318	-100	-100
2	194	-100	-100
2	36	-100	-100
2	964	-100	-100
2	626	-100	-100
2	599	-100	-100
2	880	-100	-100
2	825	-100	-100
2	51	-100	-100
2	212	-100	-100
2	630	-100	-100
2	835	-100	-100
2	94	-100	-100
2	441	-100	-100
2	567	-100	-100
2	70	-100	-100
2	809	-100	-100
2	81	-100	-100
2	453	-100	-100
2	52	-100	-100
2	704	-100	-100
2	219	-100	-100
2	501	-100	-100
2	723	-100	-100
2	853	-100	-100
2	191	-100	-100
2	757	-100	-100
2	613	-100	-100
2	608	-100	-100
2	449	-100	-100
2	670	-100	-100
2	635	-100	-100
2	540	-100	-100
2	412	-100	-100
2	249	-100	-100
2	360	-100	-100
2	156	-100	-100
2	42	-100	-100
2	127	-100	-100
2	375	-100	-100
2	373	-100	-100
2	688	-100	-100
2	152	-100	-100
2	66	-100	-100
2	89	-100	-100
2	830	-100	-100
2	83	-100	-100
2	235	-100	-100
2	400	-100	-100
2	956	-100	-100
2	886	-100	-100
2	690	-100	-100
2	528	-100	-100
2	774	-100	-100
2	574	-100	-100
2	44	-100	-100
2	533	-100	-100
2	988	-100	-100
2	737	-100	-100
2	234	-100	-100
2	992	-100	-100
2	22	-100	-100
2	302	-100	-100
2	701	-100	-100
2	140	-100	-100
2	572	-100	-100
2	550	-100	-100
2	598	-100	-100
2	797	-100	-100
2	963	-100	-100
2	667	-100	-100
2	69	-100	-100
2	145	-100	-100
2	496	-100	-100
2	333	-100	-100
2	335	-100	-100
2	976	-100	-100
2	164	-100	-100
2	215	-100	-100
2	756	-100	-100
2	436	-100	-100
2	979	-100	-100
2	917	-100	-100
2	485	-100	-100
2	117	-100	-100
2	725	-100	-100
2	283	-100	-100
2	923	-100	-100
2	947	-100	-100
2	804	-100	-100
2	459	-100	-100
2	733	-100	-100
2	768	-100	-100
2	753	-100	-100
2	683	-100	-100
2	88	-100	-100
2	915	-100	-100
2	263	-100	-100
2	136	-100	-100
2	588	-100	-100
2	216	-100	-100
2	157	-100	-100
2	154	-100	-100
2	287	-100	-100
2	178	-100	-100
2	495	-100	-100
2	850	-100	-100
2	957	-100	-100
2	413	-100	-100
2	791	-100	-100
2	722	-100	-100
2	144	-100	-100
2	625	-100	-100
2	146	-100	-100
2	902	-100	-100
2	497	-100	-100
2	158	-100	-100
2	708	-100	-100
2	463	-100	-100
2	223	-100	-100
2	924	-100	-100
2	987	-100	-100
2	313	-100	-100
2	960	-100	-100
2	80	-100	-100
2	621	-100	-100
2	419	-100	-100
2	640	-100	-100
2	115	-100	-100
2	562	-100	-100
2	816	-100	-100
2	260	-100	-100
2	839	-100	-100
2	548	-100	-100
2	982	-100	-100
2	248	-100	-100
2	943	-100	-100
2	286	-100	-100
2	512	-100	-100
2	236	-100	-100
2	834	-100	-100
2	812	-100	-100
2	648	-100	-100
2	483	-100	-100
2	927	-100	-100
2	802	-100	-100
2	171	-100	-100
2	185	-100	-100
2	282	-100	-100
2	316	-100	-100
2	856	-100	-100
2	808	-100	-100
2	418	-100	-100
2	197	-100	-100
2	526	-100	-100
2	893	-100	-100
2	431	-100	-100
2	121	-100	-100
2	576	-100	-100
2	186	-100	-100
2	577	-100	-100
2	16	-100	-100
2	308	-100	-100
2	865	-100	-100
2	534	-100	-100
2	149	-100	-100
2	666	-100	-100
2	875	-100	-100
2	346	-100	-100
2	539	-100	-100
2	356	-100	-100
2	378	-100	-100
2	429	-100	-100
2	519	-100	-100
2	487	-100	-100
2	677	-100	-100
2	447	-100	-100
2	31	-100	-100
2	772	-100	-100
2	632	-100	-100
2	292	-100	-100
2	703	-100	-100
2	678	-100	-100
2	822	-100	-100
2	558	-100	-100
2	200	-100	-100
2	778	-100	-100
2	564	-100	-100
2	629	-100	-100
2	994	-100	-100
2	221	-100	-100
2	301	-100	-100
2	192	-100	-100
2	24	-100	-100
2	641	-100	-100
2	12	-100	-100
2	922	-100	-100
2	997	-100	-100
2	390	-100	-100
2	410	-100	-100
2	718	-100	-100
2	646	-100	-100
2	112	-100	-100
2	694	-100	-100
2	434	-100	-100
2	928	-100	-100
2	295	-100	-100
2	342	-100	-100
2	698	-100	-100
2	743	-100	-100
2	383	-100	-100
2	515	-100	-100
2	181	-100	-100
2	386	-100	-100
2	17	-100	-100
2	578	-100	-100
2	618	-100	-100
2	264	-100	-100
2	686	-100	-100
2	700	-100	-100
2	405	-100	-100
2	552	-100	-100
2	19	-100	-100
2	151	-100	-100
2	13	-100	-100
2	437	-100	-100
2	713	-100	-100
2	788	-100	-100
2	949	-100	-100
2	53	-100	-100
2	409	-100	-100
2	631	-100	-100
2	654	-100	-100
2	993	-100	-100
2	420	-100	-100
2	942	-100	-100
2	402	-100	-100
2	818	-100	-100
2	615	-100	-100
2	213	-100	-100
2	452	-100	-100
2	789	-100	-100
2	606	-100	-100
2	175	-100	-100
2	990	-100	-100
778	580	-100	-100
778	736	-100	-100
778	748	-100	-100
778	960	-100	-100
778	545	-100	-100
778	42	-100	-100
778	965	-100	-100
778	744	-100	-100
778	334	-100	-100
778	21	-100	-100
778	204	-100	-100
778	309	-100	-100
778	260	-100	-100
778	120	-100	-100
778	666	-100	-100
778	871	-100	-100
778	760	-100	-100
778	167	-100	-100
778	511	-100	-100
778	121	-100	-100
778	925	-100	-100
778	894	-100	-100
778	936	-100	-100
778	67	-100	-100
778	728	-100	-100
778	245	-100	-100
778	238	-100	-100
778	795	-100	-100
778	926	-100	-100
778	669	-100	-100
778	452	-100	-100
778	853	-100	-100
778	445	-100	-100
778	29	-100	-100
778	591	-100	-100
778	57	-100	-100
778	525	-100	-100
778	388	-100	-100
778	45	-100	-100
778	436	-100	-100
778	758	-100	-100
778	161	-100	-100
778	552	-100	-100
778	173	-100	-100
778	366	-100	-100
778	541	-100	-100
778	503	-100	-100
778	368	-100	-100
778	592	-100	-100
778	739	-100	-100
778	64	-100	-100
778	569	-100	-100
778	94	-100	-100
778	903	-100	-100
778	133	-100	-100
778	339	-100	-100
778	505	-100	-100
778	870	-100	-100
778	480	-100	-100
778	220	-100	-100
778	724	-100	-100
778	883	-100	-100
778	347	-100	-100
778	583	-100	-100
778	939	-100	-100
778	425	-100	-100
778	331	-100	-100
778	999	-100	-100
778	653	-100	-100
778	815	-100	-100
778	481	-100	-100
778	248	-100	-100
778	482	-100	-100
778	672	-100	-100
778	203	-100	-100
778	35	-100	-100
778	340	-100	-100
778	350	-100	-100
778	485	-100	-100
778	412	-100	-100
778	691	-100	-100
778	281	-100	-100
778	171	-100	-100
778	729	-100	-100
778	977	-100	-100
778	614	-100	-100
778	968	-100	-100
778	360	-100	-100
778	490	-100	-100
778	401	-100	-100
778	880	-100	-100
778	683	-100	-100
778	755	-100	-100
778	84	-100	-100
778	277	-100	-100
778	775	-100	-100
778	654	-100	-100
778	463	-100	-100
778	247	-100	-100
778	376	-100	-100
778	777	-100	-100
778	855	-100	-100
778	154	-100	-100
778	558	-100	-100
778	537	-100	-100
778	289	-100	-100
778	690	-100	-100
778	586	-100	-100
778	280	-100	-100
778	396	-100	-100
778	51	-100	-100
778	696	-100	-100
778	625	-100	-100
778	787	-100	-100
778	109	-100	-100
778	40	-100	-100
778	297	-100	-100
778	208	-100	-100
778	448	-100	-100
778	237	-100	-100
778	158	-100	-100
778	85	-100	-100
778	722	-100	-100
778	700	-100	-100
778	840	-100	-100
778	746	-100	-100
778	486	-100	-100
778	408	-100	-100
778	959	-100	-100
778	270	-100	-100
778	987	-100	-100
778	336	-100	-100
778	244	-100	-100
778	257	-100	-100
778	295	-100	-100
778	872	-100	-100
778	619	-100	-100
778	524	-100	-100
778	313	-100	-100
778	302	-100	-100
778	135	-100	-100
778	907	-100	-100
778	30	-100	-100
778	283	-100	-100
778	515	-100	-100
778	848	-100	-100
778	175	-100	-100
778	620	-100	-100
778	324	-100	-100
778	38	-100	-100
778	81	-100	-100
778	543	-100	-100
778	686	-100	-100
778	129	-100	-100
778	37	-100	-100
778	429	-100	-100
778	301	-100	-100
778	236	-100	-100
778	674	-100	-100
778	732	-100	-100
778	808	-100	-100
778	63	-100	-100
778	365	-100	-100
778	433	-100	-100
778	316	-100	-100
778	299	-100	-100
778	910	-100	-100
778	622	-100	-100
778	615	-100	-100
778	590	-100	-100
778	909	-100	-100
778	550	-100	-100
778	745	-100	-100
778	282	-100	-100
778	371	-100	-100
778	788	-100	-100
778	430	-100	-100
778	285	-100	-100
778	956	-100	-100
778	901	-100	-100
778	985	-100	-100
778	643	-100	-100
778	899	-100	-100
778	895	-100	-100
778	582	-100	-100
778	887	-100	-100
778	375	-100	-100
778	308	-100	-100
778	398	-100	-100
778	832	-100	-100
778	623	-100	-100
778	335	-100	-100
778	296	-100	-100
778	77	-100	-100
778	997	-100	-100
778	579	-100	-100
778	206	-100	-100
778	184	-100	-100
778	66	-100	-100
778	763	-100	-100
778	844	-100	-100
778	284	-100	-100
778	442	-100	-100
778	152	-100	-100
778	230	-100	-100
778	804	-100	-100
778	845	-100	-100
778	345	-100	-100
778	182	-100	-100
778	431	-100	-100
778	491	-100	-100
778	678	-100	-100
778	471	-100	-100
778	865	-100	-100
778	157	-100	-100
778	677	-100	-100
778	394	-100	-100
778	896	-100	-100
778	599	-100	-100
778	423	-100	-100
778	380	-100	-100
778	990	-100	-100
778	117	-100	-100
778	493	-100	-100
778	792	-100	-100
778	906	-100	-100
778	198	-100	-100
778	65	-100	-100
778	633	-100	-100
778	581	-100	-100
778	516	-100	-100
778	553	-100	-100
778	437	-100	-100
778	20	-100	-100
778	891	-100	-100
778	574	-100	-100
778	225	-100	-100
778	435	-100	-100
778	426	-100	-100
778	610	-100	-100
778	606	-100	-100
778	290	-100	-100
778	838	-100	-100
778	912	-100	-100
778	750	-100	-100
778	799	-100	-100
778	578	-100	-100
778	337	-100	-100
778	229	-100	-100
778	950	-100	-100
778	535	-100	-100
778	564	-100	-100
778	428	-100	-100
778	886	-100	-100
778	499	-100	-100
778	259	-100	-100
778	752	-100	-100
778	307	-100	-100
778	566	-100	-100
778	875	-100	-100
778	898	-100	-100
778	874	-100	-100
778	805	-100	-100
778	697	-100	-100
778	513	-100	-100
778	156	-100	-100
778	379	-100	-100
778	405	-100	-100
778	833	-100	-100
778	149	-100	-100
778	27	-100	-100
778	209	-100	-100
778	461	-100	-100
778	858	-100	-100
778	860	-100	-100
778	821	-100	-100
778	837	-100	-100
778	885	-100	-100
778	876	-100	-100
778	318	-100	-100
778	504	-100	-100
778	577	-100	-100
778	488	-100	-100
778	264	-100	-100
778	197	-100	-100
778	497	-100	-100
778	186	-100	-100
778	50	-100	-100
778	908	-100	-100
778	440	-100	-100
778	798	-100	-100
778	856	-100	-100
778	589	-100	-100
778	533	-100	-100
778	18	-100	-100
778	628	-100	-100
778	735	-100	-100
778	274	-100	-100
778	249	-100	-100
778	89	-100	-100
778	648	-100	-100
778	484	-100	-100
778	546	-100	-100
778	298	-100	-100
778	675	-100	-100
778	944	-100	-100
778	604	-100	-100
778	629	-100	-100
778	954	-100	-100
778	168	-100	-100
778	843	-100	-100
778	393	-100	-100
778	507	-100	-100
778	508	-100	-100
778	803	-100	-100
778	681	-100	-100
778	214	-100	-100
778	233	-100	-100
778	141	-100	-100
778	813	-100	-100
778	918	-100	-100
778	649	-100	-100
778	39	-100	-100
778	531	-100	-100
778	720	-100	-100
778	797	-100	-100
778	770	-100	-100
778	252	-100	-100
778	356	-100	-100
778	828	-100	-100
778	863	-100	-100
778	857	-100	-100
778	80	-100	-100
778	17	-100	-100
778	153	-100	-100
778	374	-100	-100
778	630	-100	-100
778	165	-100	-100
778	767	-100	-100
778	434	-100	-100
778	147	-100	-100
778	103	-100	-100
778	892	-100	-100
778	74	-100	-100
778	383	-100	-100
778	616	-100	-100
778	984	-100	-100
778	995	-100	-100
778	170	-100	-100
778	963	-100	-100
778	695	-100	-100
778	836	-100	-100
778	601	-100	-100
778	224	-100	-100
778	385	-100	-100
778	742	-100	-100
778	655	-100	-100
778	122	-100	-100
778	76	-100	-100
778	757	-100	-100
778	947	-100	-100
778	514	-100	-100
778	261	-100	-100
778	403	-100	-100
778	11	-100	-100
778	668	-100	-100
778	362	-100	-100
778	624	-100	-100
778	971	-100	-100
778	382	-100	-100
778	496	-100	-100
778	317	-100	-100
924	544	-100	-100
924	413	-100	-100
924	204	-100	-100
924	874	-100	-100
924	713	-100	-100
924	221	-100	-100
924	312	-100	-100
924	323	-100	-100
924	725	-100	-100
924	170	-100	-100
924	120	-100	-100
924	906	-100	-100
924	689	-100	-100
924	473	-100	-100
924	533	-100	-100
924	897	-100	-100
924	38	-100	-100
924	667	-100	-100
924	627	-100	-100
924	354	-100	-100
924	757	-100	-100
924	259	-100	-100
924	962	-100	-100
924	78	-100	-100
924	461	-100	-100
924	841	-100	-100
924	105	-100	-100
924	836	-100	-100
924	556	-100	-100
924	512	-100	-100
924	47	-100	-100
924	859	-100	-100
924	297	-100	-100
924	489	-100	-100
924	357	-100	-100
924	226	-100	-100
924	84	-100	-100
924	596	-100	-100
924	430	-100	-100
924	257	-100	-100
924	765	-100	-100
924	752	-100	-100
924	200	-100	-100
924	651	-100	-100
924	284	-100	-100
924	988	-100	-100
924	800	-100	-100
924	246	-100	-100
924	794	-100	-100
924	826	-100	-100
924	116	-100	-100
924	110	-100	-100
924	650	-100	-100
924	448	-100	-100
924	996	-100	-100
924	30	-100	-100
924	621	-100	-100
924	183	-100	-100
924	586	-100	-100
924	693	-100	-100
924	273	-100	-100
924	43	-100	-100
924	147	-100	-100
924	251	-100	-100
924	418	-100	-100
924	717	-100	-100
924	551	-100	-100
924	223	-100	-100
924	660	-100	-100
924	452	-100	-100
924	883	-100	-100
924	511	-100	-100
924	420	-100	-100
924	742	-100	-100
924	392	-100	-100
924	683	-100	-100
924	101	-100	-100
924	98	-100	-100
924	618	-100	-100
924	561	-100	-100
924	840	-100	-100
924	189	-100	-100
924	387	-100	-100
924	23	-100	-100
924	589	-100	-100
924	426	-100	-100
924	827	-100	-100
924	657	-100	-100
924	615	-100	-100
924	590	-100	-100
924	875	-100	-100
924	400	-100	-100
924	595	-100	-100
924	812	-100	-100
924	844	-100	-100
924	125	-100	-100
924	242	-100	-100
924	534	-100	-100
924	285	-100	-100
924	235	-100	-100
924	761	-100	-100
924	320	-100	-100
924	848	-100	-100
924	895	-100	-100
924	26	-100	-100
924	121	-100	-100
924	45	-100	-100
924	192	-100	-100
924	10	-100	-100
924	597	-100	-100
924	127	-100	-100
924	153	-100	-100
924	215	-100	-100
924	732	-100	-100
924	462	-100	-100
924	648	-100	-100
924	177	-100	-100
924	535	-100	-100
924	459	-100	-100
924	563	-100	-100
924	213	-100	-100
924	720	-100	-100
924	816	-100	-100
924	736	-100	-100
924	184	-100	-100
924	557	-100	-100
924	148	-100	-100
924	51	-100	-100
924	34	-100	-100
924	389	-100	-100
924	538	-100	-100
924	425	-100	-100
924	547	-100	-100
924	411	-100	-100
924	573	-100	-100
924	942	-100	-100
924	269	-100	-100
924	806	-100	-100
924	109	-100	-100
924	86	-100	-100
924	56	-100	-100
924	509	-100	-100
924	653	-100	-100
924	779	-100	-100
924	65	-100	-100
924	735	-100	-100
924	837	-100	-100
924	264	-100	-100
924	398	-100	-100
924	708	-100	-100
924	935	-100	-100
924	715	-100	-100
924	277	-100	-100
924	537	-100	-100
924	465	-100	-100
924	956	-100	-100
924	861	-100	-100
924	896	-100	-100
924	679	-100	-100
924	664	-100	-100
924	111	-100	-100
924	813	-100	-100
924	79	-100	-100
924	911	-100	-100
924	61	-100	-100
924	157	-100	-100
924	542	-100	-100
924	270	-100	-100
924	350	-100	-100
924	244	-100	-100
924	776	-100	-100
924	93	-100	-100
924	716	-100	-100
924	937	-100	-100
924	879	-100	-100
924	347	-100	-100
924	992	-100	-100
924	305	-100	-100
924	225	-100	-100
924	925	-100	-100
924	309	-100	-100
924	403	-100	-100
924	517	-100	-100
924	559	-100	-100
924	876	-100	-100
924	643	-100	-100
924	334	-100	-100
924	680	-100	-100
924	245	-100	-100
924	89	-100	-100
924	974	-100	-100
924	271	-100	-100
924	514	-100	-100
924	435	-100	-100
924	37	-100	-100
924	491	-100	-100
924	198	-100	-100
924	712	-100	-100
924	431	-100	-100
924	774	-100	-100
924	254	-100	-100
924	276	-100	-100
924	290	-100	-100
924	356	-100	-100
924	933	-100	-100
924	987	-100	-100
924	302	-100	-100
924	165	-100	-100
924	440	-100	-100
924	64	-100	-100
924	394	-100	-100
924	699	-100	-100
924	181	-100	-100
924	486	-100	-100
924	152	-100	-100
924	625	-100	-100
924	75	-100	-100
924	66	-100	-100
924	849	-100	-100
924	885	-100	-100
924	598	-100	-100
924	478	-100	-100
924	777	-100	-100
924	466	-100	-100
924	492	-100	-100
924	239	-100	-100
924	362	-100	-100
924	176	-100	-100
924	470	-100	-100
924	893	-100	-100
924	261	-100	-100
924	652	-100	-100
924	326	-100	-100
924	135	-100	-100
924	107	-100	-100
924	892	-100	-100
924	289	-100	-100
924	890	-100	-100
924	337	-100	-100
924	82	-100	-100
924	574	-100	-100
924	228	-100	-100
924	858	-100	-100
924	345	-100	-100
924	427	-100	-100
924	444	-100	-100
924	601	-100	-100
924	130	-100	-100
924	810	-100	-100
924	616	-100	-100
924	564	-100	-100
924	258	-100	-100
924	936	-100	-100
924	414	-100	-100
924	28	-100	-100
924	496	-100	-100
924	136	-100	-100
924	929	-100	-100
924	484	-100	-100
924	108	-100	-100
924	335	-100	-100
924	726	-100	-100
924	248	-100	-100
924	521	-100	-100
924	907	-100	-100
924	42	-100	-100
924	409	-100	-100
924	307	-100	-100
924	640	-100	-100
924	938	-100	-100
924	912	-100	-100
924	319	-100	-100
924	62	-100	-100
924	360	-100	-100
924	106	-100	-100
924	964	-100	-100
924	365	-100	-100
924	255	-100	-100
924	169	-100	-100
924	15	-100	-100
924	12	-100	-100
924	329	-100	-100
924	663	-100	-100
924	786	-100	-100
924	370	-100	-100
924	449	-100	-100
924	870	-100	-100
924	951	-100	-100
924	117	-100	-100
924	831	-100	-100
924	808	-100	-100
924	707	-100	-100
924	579	-100	-100
924	809	-100	-100
924	179	-100	-100
924	581	-100	-100
924	857	-100	-100
924	240	-100	-100
924	914	-100	-100
924	967	-100	-100
924	44	-100	-100
924	212	-100	-100
924	503	-100	-100
924	494	-100	-100
924	587	-100	-100
924	611	-100	-100
924	428	-100	-100
924	455	-100	-100
924	167	-100	-100
924	915	-100	-100
924	641	-100	-100
924	979	-100	-100
924	499	-100	-100
924	545	-100	-100
924	878	-100	-100
924	634	-100	-100
924	507	-100	-100
924	665	-100	-100
924	103	-100	-100
924	740	-100	-100
924	789	-100	-100
924	316	-100	-100
924	804	-100	-100
924	772	-100	-100
924	684	-100	-100
924	578	-100	-100
924	386	-100	-100
924	524	-100	-100
924	948	-100	-100
924	423	-100	-100
924	575	-100	-100
924	495	-100	-100
924	338	-100	-100
924	191	-100	-100
924	55	-100	-100
924	303	-100	-100
924	695	-100	-100
924	675	-100	-100
924	382	-100	-100
924	758	-100	-100
924	182	-100	-100
924	909	-100	-100
924	203	-100	-100
924	458	-100	-100
924	949	-100	-100
924	330	-100	-100
924	957	-100	-100
924	692	-100	-100
924	797	-100	-100
924	796	-100	-100
924	401	-100	-100
924	490	-100	-100
924	40	-100	-100
924	668	-100	-100
924	647	-100	-100
924	359	-100	-100
924	607	-100	-100
924	661	-100	-100
924	940	-100	-100
924	687	-100	-100
924	279	-100	-100
924	241	-100	-100
924	479	-100	-100
924	973	-100	-100
924	958	-100	-100
924	673	-100	-100
924	527	-100	-100
924	134	-100	-100
924	727	-100	-100
924	802	-100	-100
924	612	-100	-100
924	591	-100	-100
797	545	-100	-100
797	116	-100	-100
797	998	-100	-100
797	866	-100	-100
797	678	-100	-100
797	757	-100	-100
797	155	-100	-100
797	804	-100	-100
797	215	-100	-100
797	291	-100	-100
797	188	-100	-100
797	976	-100	-100
797	706	-100	-100
797	408	-100	-100
797	512	-100	-100
797	768	-100	-100
797	981	-100	-100
797	960	-100	-100
797	635	-100	-100
797	168	-100	-100
797	556	-100	-100
797	298	-100	-100
797	279	-100	-100
797	340	-100	-100
797	90	-100	-100
797	651	-100	-100
797	622	-100	-100
797	74	-100	-100
797	144	-100	-100
797	845	-100	-100
797	881	-100	-100
797	607	-100	-100
797	341	-100	-100
797	125	-100	-100
797	943	-100	-100
797	644	-100	-100
797	971	-100	-100
797	41	-100	-100
797	48	-100	-100
797	102	-100	-100
797	266	-100	-100
797	996	-100	-100
797	614	-100	-100
797	400	-100	-100
797	846	-100	-100
797	380	-100	-100
797	980	-100	-100
797	576	-100	-100
797	631	-100	-100
797	47	-100	-100
797	710	-100	-100
797	656	-100	-100
797	878	-100	-100
797	620	-100	-100
797	583	-100	-100
797	398	-100	-100
797	285	-100	-100
797	18	-100	-100
797	292	-100	-100
797	396	-100	-100
797	198	-100	-100
797	365	-100	-100
797	143	-100	-100
797	910	-100	-100
797	308	-100	-100
797	611	-100	-100
797	917	-100	-100
797	467	-100	-100
797	457	-100	-100
797	798	-100	-100
797	822	-100	-100
797	541	-100	-100
797	229	-100	-100
797	363	-100	-100
797	412	-100	-100
797	233	-100	-100
797	698	-100	-100
797	87	-100	-100
797	975	-100	-100
797	701	-100	-100
797	431	-100	-100
797	432	-100	-100
797	337	-100	-100
797	105	-100	-100
797	37	-100	-100
797	978	-100	-100
797	973	-100	-100
797	235	-100	-100
797	22	-100	-100
797	825	-100	-100
797	760	-100	-100
797	754	-100	-100
797	686	-100	-100
797	316	-100	-100
797	317	-100	-100
797	765	-100	-100
797	692	-100	-100
797	164	-100	-100
797	423	-100	-100
797	262	-100	-100
797	983	-100	-100
797	61	-100	-100
797	294	-100	-100
797	339	-100	-100
797	627	-100	-100
797	717	-100	-100
797	463	-100	-100
797	277	-100	-100
797	221	-100	-100
797	81	-100	-100
797	174	-100	-100
797	509	-100	-100
797	12	-100	-100
797	213	-100	-100
797	889	-100	-100
797	428	-100	-100
797	344	-100	-100
797	345	-100	-100
797	832	-100	-100
797	745	-100	-100
797	675	-100	-100
797	882	-100	-100
797	776	-100	-100
797	456	-100	-100
797	816	-100	-100
797	489	-100	-100
797	770	-100	-100
797	524	-100	-100
797	851	-100	-100
797	907	-100	-100
797	119	-100	-100
797	288	-100	-100
797	695	-100	-100
797	921	-100	-100
797	569	-100	-100
797	167	-100	-100
797	385	-100	-100
797	461	-100	-100
797	646	-100	-100
797	534	-100	-100
797	63	-100	-100
797	45	-100	-100
797	895	-100	-100
797	388	-100	-100
797	863	-100	-100
797	343	-100	-100
797	32	-100	-100
797	331	-100	-100
797	820	-100	-100
797	670	-100	-100
797	40	-100	-100
797	967	-100	-100
797	391	-100	-100
797	395	-100	-100
797	301	-100	-100
797	259	-100	-100
797	384	-100	-100
797	977	-100	-100
797	979	-100	-100
797	210	-100	-100
797	500	-100	-100
797	19	-100	-100
797	839	-100	-100
797	526	-100	-100
797	821	-100	-100
797	896	-100	-100
797	496	-100	-100
797	567	-100	-100
797	472	-100	-100
797	934	-100	-100
797	177	-100	-100
797	286	-100	-100
797	38	-100	-100
797	444	-100	-100
797	290	-100	-100
797	327	-100	-100
797	492	-100	-100
797	986	-100	-100
797	771	-100	-100
797	514	-100	-100
797	892	-100	-100
797	499	-100	-100
797	858	-100	-100
797	319	-100	-100
797	579	-100	-100
797	248	-100	-100
797	209	-100	-100
797	642	-100	-100
797	261	-100	-100
797	436	-100	-100
797	358	-100	-100
797	959	-100	-100
797	557	-100	-100
797	381	-100	-100
797	782	-100	-100
797	147	-100	-100
797	772	-100	-100
797	954	-100	-100
797	414	-100	-100
797	632	-100	-100
797	142	-100	-100
797	62	-100	-100
797	834	-100	-100
797	305	-100	-100
797	513	-100	-100
797	59	-100	-100
797	17	-100	-100
797	783	-100	-100
797	901	-100	-100
797	558	-100	-100
797	89	-100	-100
797	56	-100	-100
797	542	-100	-100
797	359	-100	-100
797	830	-100	-100
797	807	-100	-100
797	231	-100	-100
797	254	-100	-100
797	875	-100	-100
797	842	-100	-100
797	652	-100	-100
797	382	-100	-100
797	16	-100	-100
797	750	-100	-100
797	379	-100	-100
797	1000	-100	-100
797	535	-100	-100
797	915	-100	-100
797	511	-100	-100
797	73	-100	-100
797	661	-100	-100
797	874	-100	-100
797	615	-100	-100
797	536	-100	-100
797	574	-100	-100
797	705	-100	-100
797	747	-100	-100
797	749	-100	-100
797	399	-100	-100
797	596	-100	-100
797	224	-100	-100
797	537	-100	-100
797	246	-100	-100
797	236	-100	-100
797	870	-100	-100
797	13	-100	-100
797	759	-100	-100
797	495	-100	-100
797	483	-100	-100
797	617	-100	-100
797	704	-100	-100
797	992	-100	-100
797	549	-100	-100
797	91	-100	-100
797	469	-100	-100
797	300	-100	-100
797	792	-100	-100
797	544	-100	-100
797	335	-100	-100
797	666	-100	-100
797	982	-100	-100
797	281	-100	-100
797	677	-100	-100
797	390	-100	-100
797	346	-100	-100
797	571	-100	-100
797	543	-100	-100
797	99	-100	-100
797	360	-100	-100
797	93	-100	-100
797	985	-100	-100
797	302	-100	-100
797	68	-100	-100
797	490	-100	-100
797	961	-100	-100
797	690	-100	-100
797	191	-100	-100
797	350	-100	-100
797	905	-100	-100
797	684	-100	-100
797	796	-100	-100
797	920	-100	-100
797	860	-100	-100
797	923	-100	-100
797	149	-100	-100
797	284	-100	-100
797	912	-100	-100
797	649	-100	-100
797	494	-100	-100
797	100	-100	-100
797	919	-100	-100
797	36	-100	-100
797	313	-100	-100
797	848	-100	-100
797	458	-100	-100
797	134	-100	-100
797	676	-100	-100
797	454	-100	-100
797	438	-100	-100
797	546	-100	-100
797	420	-100	-100
797	734	-100	-100
797	663	-100	-100
797	219	-100	-100
797	795	-100	-100
797	925	-100	-100
797	15	-100	-100
797	777	-100	-100
797	507	-100	-100
797	283	-100	-100
797	867	-100	-100
797	746	-100	-100
797	497	-100	-100
797	898	-100	-100
797	595	-100	-100
797	687	-100	-100
797	270	-100	-100
797	228	-100	-100
797	129	-100	-100
797	548	-100	-100
797	258	-100	-100
797	422	-100	-100
797	372	-100	-100
797	106	-100	-100
797	389	-100	-100
797	664	-100	-100
797	75	-100	-100
797	172	-100	-100
797	658	-100	-100
797	506	-100	-100
797	110	-100	-100
797	39	-100	-100
797	802	-100	-100
797	199	-100	-100
797	33	-100	-100
797	132	-100	-100
797	628	-100	-100
797	118	-100	-100
797	674	-100	-100
797	847	-100	-100
797	784	-100	-100
797	176	-100	-100
797	647	-100	-100
797	885	-100	-100
797	638	-100	-100
797	577	-100	-100
797	868	-100	-100
797	890	-100	-100
797	419	-100	-100
797	453	-100	-100
797	639	-100	-100
797	682	-100	-100
797	662	-100	-100
797	169	-100	-100
797	348	-100	-100
797	276	-100	-100
797	591	-100	-100
797	502	-100	-100
797	86	-100	-100
797	659	-100	-100
797	991	-100	-100
797	719	-100	-100
797	52	-100	-100
797	681	-100	-100
797	140	-100	-100
797	271	-100	-100
797	452	-100	-100
797	621	-100	-100
797	608	-100	-100
797	356	-100	-100
797	427	-100	-100
631	602	-100	-100
631	592	-100	-100
631	199	-100	-100
631	686	-100	-100
631	630	-100	-100
631	89	-100	-100
631	762	-100	-100
631	502	-100	-100
631	861	-100	-100
631	245	-100	-100
631	837	-100	-100
631	299	-100	-100
631	563	-100	-100
631	442	-100	-100
631	406	-100	-100
631	600	-100	-100
631	38	-100	-100
631	676	-100	-100
631	957	-100	-100
631	393	-100	-100
631	577	-100	-100
631	11	-100	-100
631	652	-100	-100
631	140	-100	-100
631	256	-100	-100
631	955	-100	-100
631	996	-100	-100
631	515	-100	-100
631	737	-100	-100
631	908	-100	-100
631	656	-100	-100
631	869	-100	-100
631	438	-100	-100
631	396	-100	-100
631	99	-100	-100
631	78	-100	-100
631	292	-100	-100
631	479	-100	-100
631	603	-100	-100
631	190	-100	-100
631	14	-100	-100
631	490	-100	-100
631	80	-100	-100
631	357	-100	-100
631	852	-100	-100
631	973	-100	-100
631	764	-100	-100
631	181	-100	-100
631	188	-100	-100
631	264	-100	-100
631	928	-100	-100
631	821	-100	-100
631	773	-100	-100
631	312	-100	-100
631	317	-100	-100
631	340	-100	-100
631	859	-100	-100
631	589	-100	-100
631	641	-100	-100
631	314	-100	-100
631	207	-100	-100
631	30	-100	-100
631	554	-100	-100
631	122	-100	-100
631	710	-100	-100
631	945	-100	-100
631	301	-100	-100
631	231	-100	-100
631	34	-100	-100
631	227	-100	-100
631	726	-100	-100
631	834	-100	-100
631	291	-100	-100
631	835	-100	-100
631	657	-100	-100
631	313	-100	-100
631	556	-100	-100
631	979	-100	-100
631	768	-100	-100
631	882	-100	-100
631	664	-100	-100
631	110	-100	-100
631	711	-100	-100
631	745	-100	-100
631	46	-100	-100
631	905	-100	-100
631	468	-100	-100
631	56	-100	-100
631	637	-100	-100
631	597	-100	-100
631	540	-100	-100
631	176	-100	-100
631	185	-100	-100
631	666	-100	-100
631	126	-100	-100
631	658	-100	-100
631	806	-100	-100
631	449	-100	-100
631	786	-100	-100
631	499	-100	-100
631	216	-100	-100
631	484	-100	-100
631	953	-100	-100
631	119	-100	-100
631	285	-100	-100
631	355	-100	-100
631	221	-100	-100
631	526	-100	-100
631	529	-100	-100
631	24	-100	-100
631	342	-100	-100
631	434	-100	-100
631	247	-100	-100
631	397	-100	-100
631	320	-100	-100
631	483	-100	-100
631	81	-100	-100
631	111	-100	-100
631	543	-100	-100
631	650	-100	-100
631	685	-100	-100
631	932	-100	-100
631	249	-100	-100
631	66	-100	-100
631	749	-100	-100
631	125	-100	-100
631	623	-100	-100
631	925	-100	-100
631	72	-100	-100
631	927	-100	-100
631	720	-100	-100
631	936	-100	-100
631	391	-100	-100
631	197	-100	-100
631	102	-100	-100
631	436	-100	-100
631	121	-100	-100
631	513	-100	-100
631	260	-100	-100
631	421	-100	-100
631	646	-100	-100
631	793	-100	-100
631	706	-100	-100
631	850	-100	-100
631	579	-100	-100
631	253	-100	-100
631	937	-100	-100
631	239	-100	-100
631	369	-100	-100
631	804	-100	-100
631	84	-100	-100
631	368	-100	-100
631	29	-100	-100
631	991	-100	-100
631	692	-100	-100
631	774	-100	-100
631	857	-100	-100
631	777	-100	-100
631	562	-100	-100
631	962	-100	-100
631	715	-100	-100
631	184	-100	-100
631	280	-100	-100
631	364	-100	-100
631	752	-100	-100
631	794	-100	-100
631	304	-100	-100
631	191	-100	-100
631	455	-100	-100
631	136	-100	-100
631	548	-100	-100
631	833	-100	-100
631	400	-100	-100
631	500	-100	-100
631	781	-100	-100
631	324	-100	-100
631	990	-100	-100
631	180	-100	-100
631	845	-100	-100
631	289	-100	-100
631	684	-100	-100
631	472	-100	-100
631	302	-100	-100
631	830	-100	-100
631	895	-100	-100
631	913	-100	-100
631	196	-100	-100
631	771	-100	-100
631	970	-100	-100
631	639	-100	-100
631	981	-100	-100
631	76	-100	-100
631	558	-100	-100
631	205	-100	-100
631	334	-100	-100
631	596	-100	-100
631	101	-100	-100
631	701	-100	-100
631	853	-100	-100
631	741	-100	-100
631	54	-100	-100
631	897	-100	-100
631	178	-100	-100
631	824	-100	-100
631	522	-100	-100
631	255	-100	-100
631	877	-100	-100
631	601	-100	-100
631	327	-100	-100
631	485	-100	-100
631	251	-100	-100
631	570	-100	-100
631	383	-100	-100
631	271	-100	-100
631	849	-100	-100
631	371	-100	-100
631	856	-100	-100
631	732	-100	-100
631	951	-100	-100
631	70	-100	-100
631	202	-100	-100
631	49	-100	-100
631	827	-100	-100
631	212	-100	-100
631	779	-100	-100
631	259	-100	-100
631	902	-100	-100
631	487	-100	-100
631	363	-100	-100
631	605	-100	-100
631	100	-100	-100
631	860	-100	-100
631	949	-100	-100
631	887	-100	-100
631	444	-100	-100
631	440	-100	-100
631	735	-100	-100
631	230	-100	-100
631	27	-100	-100
631	223	-100	-100
631	611	-100	-100
631	22	-100	-100
631	493	-100	-100
631	25	-100	-100
631	367	-100	-100
631	243	-100	-100
631	972	-100	-100
631	891	-100	-100
631	107	-100	-100
631	816	-100	-100
631	826	-100	-100
631	739	-100	-100
631	848	-100	-100
631	146	-100	-100
631	555	-100	-100
631	237	-100	-100
631	975	-100	-100
631	441	-100	-100
631	117	-100	-100
631	843	-100	-100
631	228	-100	-100
631	727	-100	-100
631	878	-100	-100
631	680	-100	-100
631	742	-100	-100
631	524	-100	-100
631	801	-100	-100
631	519	-100	-100
631	131	-100	-100
631	822	-100	-100
631	435	-100	-100
631	587	-100	-100
631	619	-100	-100
631	976	-100	-100
631	896	-100	-100
631	934	-100	-100
631	344	-100	-100
631	200	-100	-100
631	542	-100	-100
631	350	-100	-100
631	52	-100	-100
631	130	-100	-100
631	213	-100	-100
631	915	-100	-100
631	746	-100	-100
631	501	-100	-100
631	608	-100	-100
631	702	-100	-100
631	669	-100	-100
631	297	-100	-100
631	482	-100	-100
631	305	-100	-100
631	879	-100	-100
631	880	-100	-100
631	820	-100	-100
631	892	-100	-100
631	437	-100	-100
631	419	-100	-100
631	672	-100	-100
631	389	-100	-100
631	578	-100	-100
631	494	-100	-100
631	606	-100	-100
631	813	-100	-100
631	108	-100	-100
631	858	-100	-100
631	376	-100	-100
631	240	-100	-100
631	769	-100	-100
631	503	-100	-100
631	465	-100	-100
631	653	-100	-100
631	512	-100	-100
631	473	-100	-100
631	743	-100	-100
631	214	-100	-100
631	661	-100	-100
631	20	-100	-100
631	978	-100	-100
631	268	-100	-100
631	929	-100	-100
631	535	-100	-100
631	461	-100	-100
631	846	-100	-100
631	750	-100	-100
631	470	-100	-100
631	12	-100	-100
631	553	-100	-100
631	677	-100	-100
631	766	-100	-100
631	322	-100	-100
631	331	-100	-100
631	818	-100	-100
631	495	-100	-100
631	738	-100	-100
631	938	-100	-100
631	218	-100	-100
631	254	-100	-100
631	481	-100	-100
631	756	-100	-100
631	349	-100	-100
631	632	-100	-100
631	906	-100	-100
631	840	-100	-100
631	332	-100	-100
631	160	-100	-100
631	105	-100	-100
631	947	-100	-100
631	939	-100	-100
631	404	-100	-100
631	917	-100	-100
631	525	-100	-100
631	566	-100	-100
631	426	-100	-100
631	124	-100	-100
631	571	-100	-100
631	659	-100	-100
631	443	-100	-100
631	241	-100	-100
631	920	-100	-100
631	759	-100	-100
631	453	-100	-100
631	832	-100	-100
631	132	-100	-100
631	506	-100	-100
631	561	-100	-100
631	74	-100	-100
631	148	-100	-100
631	162	-100	-100
631	326	-100	-100
631	445	-100	-100
892	748	-100	-100
892	99	-100	-100
892	566	-100	-100
892	524	-100	-100
892	570	-100	-100
892	327	-100	-100
892	43	-100	-100
892	409	-100	-100
892	824	-100	-100
892	620	-100	-100
892	51	-100	-100
892	171	-100	-100
892	872	-100	-100
892	64	-100	-100
892	358	-100	-100
892	546	-100	-100
892	674	-100	-100
892	917	-100	-100
892	130	-100	-100
892	678	-100	-100
892	180	-100	-100
892	996	-100	-100
892	234	-100	-100
892	527	-100	-100
892	598	-100	-100
892	741	-100	-100
892	70	-100	-100
892	915	-100	-100
892	429	-100	-100
892	618	-100	-100
892	887	-100	-100
892	215	-100	-100
892	857	-100	-100
892	151	-100	-100
892	590	-100	-100
892	314	-100	-100
892	831	-100	-100
892	34	-100	-100
892	504	-100	-100
892	801	-100	-100
892	830	-100	-100
892	369	-100	-100
892	648	-100	-100
892	480	-100	-100
892	982	-100	-100
892	402	-100	-100
892	323	-100	-100
892	522	-100	-100
892	735	-100	-100
892	195	-100	-100
892	428	-100	-100
892	499	-100	-100
892	605	-100	-100
892	30	-100	-100
892	525	-100	-100
892	118	-100	-100
892	930	-100	-100
892	77	-100	-100
892	419	-100	-100
892	313	-100	-100
892	509	-100	-100
892	766	-100	-100
892	217	-100	-100
892	691	-100	-100
892	851	-100	-100
892	240	-100	-100
892	346	-100	-100
892	319	-100	-100
892	120	-100	-100
892	73	-100	-100
892	680	-100	-100
892	526	-100	-100
892	27	-100	-100
892	58	-100	-100
892	640	-100	-100
892	502	-100	-100
892	177	-100	-100
892	144	-100	-100
892	67	-100	-100
892	97	-100	-100
892	505	-100	-100
892	860	-100	-100
892	124	-100	-100
892	890	-100	-100
892	184	-100	-100
892	909	-100	-100
892	701	-100	-100
892	740	-100	-100
892	366	-100	-100
892	800	-100	-100
892	716	-100	-100
892	544	-100	-100
892	979	-100	-100
892	29	-100	-100
892	672	-100	-100
892	542	-100	-100
892	769	-100	-100
892	280	-100	-100
892	392	-100	-100
892	777	-100	-100
892	188	-100	-100
892	223	-100	-100
892	609	-100	-100
892	95	-100	-100
892	235	-100	-100
892	86	-100	-100
892	36	-100	-100
892	395	-100	-100
892	535	-100	-100
892	583	-100	-100
892	772	-100	-100
892	869	-100	-100
892	750	-100	-100
892	168	-100	-100
892	169	-100	-100
892	512	-100	-100
892	587	-100	-100
892	814	-100	-100
892	335	-100	-100
892	832	-100	-100
892	299	-100	-100
892	425	-100	-100
892	579	-100	-100
892	432	-100	-100
892	123	-100	-100
892	300	-100	-100
892	183	-100	-100
892	179	-100	-100
892	617	-100	-100
892	276	-100	-100
892	957	-100	-100
892	879	-100	-100
892	330	-100	-100
892	452	-100	-100
892	159	-100	-100
892	152	-100	-100
892	988	-100	-100
892	334	-100	-100
892	258	-100	-100
892	621	-100	-100
892	260	-100	-100
892	317	-100	-100
892	834	-100	-100
892	685	-100	-100
892	653	-100	-100
892	771	-100	-100
892	852	-100	-100
892	492	-100	-100
892	849	-100	-100
892	331	-100	-100
892	262	-100	-100
892	81	-100	-100
892	828	-100	-100
892	89	-100	-100
892	256	-100	-100
892	1000	-100	-100
892	219	-100	-100
892	696	-100	-100
892	497	-100	-100
892	657	-100	-100
892	637	-100	-100
892	665	-100	-100
892	551	-100	-100
892	703	-100	-100
892	399	-100	-100
892	715	-100	-100
892	322	-100	-100
892	664	-100	-100
892	266	-100	-100
892	482	-100	-100
892	805	-100	-100
892	994	-100	-100
892	167	-100	-100
892	811	-100	-100
892	955	-100	-100
892	464	-100	-100
892	461	-100	-100
892	98	-100	-100
892	545	-100	-100
892	559	-100	-100
892	94	-100	-100
892	175	-100	-100
892	602	-100	-100
892	196	-100	-100
892	819	-100	-100
892	466	-100	-100
892	782	-100	-100
892	59	-100	-100
892	987	-100	-100
892	585	-100	-100
892	78	-100	-100
892	72	-100	-100
892	624	-100	-100
892	764	-100	-100
892	406	-100	-100
892	385	-100	-100
892	808	-100	-100
892	567	-100	-100
892	251	-100	-100
892	537	-100	-100
892	539	-100	-100
892	449	-100	-100
892	806	-100	-100
892	754	-100	-100
892	329	-100	-100
892	68	-100	-100
892	952	-100	-100
892	198	-100	-100
892	578	-100	-100
892	856	-100	-100
892	44	-100	-100
892	651	-100	-100
892	866	-100	-100
892	688	-100	-100
892	254	-100	-100
892	325	-100	-100
892	100	-100	-100
892	190	-100	-100
892	966	-100	-100
892	721	-100	-100
892	113	-100	-100
892	61	-100	-100
892	212	-100	-100
892	564	-100	-100
892	105	-100	-100
892	218	-100	-100
892	306	-100	-100
892	423	-100	-100
892	737	-100	-100
892	52	-100	-100
892	803	-100	-100
892	272	-100	-100
892	767	-100	-100
892	156	-100	-100
892	569	-100	-100
892	820	-100	-100
892	191	-100	-100
892	693	-100	-100
892	635	-100	-100
892	427	-100	-100
892	962	-100	-100
892	187	-100	-100
892	211	-100	-100
892	407	-100	-100
892	351	-100	-100
892	530	-100	-100
892	619	-100	-100
892	377	-100	-100
892	607	-100	-100
892	457	-100	-100
892	958	-100	-100
892	818	-100	-100
892	55	-100	-100
892	253	-100	-100
892	444	-100	-100
892	278	-100	-100
892	111	-100	-100
892	630	-100	-100
892	889	-100	-100
892	197	-100	-100
892	460	-100	-100
892	758	-100	-100
892	158	-100	-100
892	649	-100	-100
892	486	-100	-100
892	770	-100	-100
892	540	-100	-100
892	349	-100	-100
892	241	-100	-100
892	576	-100	-100
892	478	-100	-100
892	476	-100	-100
892	980	-100	-100
892	371	-100	-100
892	555	-100	-100
892	536	-100	-100
892	224	-100	-100
892	959	-100	-100
892	87	-100	-100
892	431	-100	-100
892	391	-100	-100
892	441	-100	-100
892	236	-100	-100
892	573	-100	-100
892	418	-100	-100
892	827	-100	-100
892	201	-100	-100
892	991	-100	-100
892	57	-100	-100
892	877	-100	-100
892	871	-100	-100
892	702	-100	-100
892	487	-100	-100
892	296	-100	-100
892	884	-100	-100
892	515	-100	-100
892	233	-100	-100
892	290	-100	-100
892	372	-100	-100
892	914	-100	-100
892	616	-100	-100
892	641	-100	-100
892	206	-100	-100
892	302	-100	-100
892	507	-100	-100
892	900	-100	-100
892	705	-100	-100
892	629	-100	-100
892	12	-100	-100
892	714	-100	-100
892	978	-100	-100
892	572	-100	-100
892	853	-100	-100
892	309	-100	-100
892	434	-100	-100
892	642	-100	-100
892	209	-100	-100
892	132	-100	-100
892	31	-100	-100
892	681	-100	-100
892	610	-100	-100
892	50	-100	-100
892	784	-100	-100
892	172	-100	-100
892	348	-100	-100
892	182	-100	-100
892	905	-100	-100
892	248	-100	-100
892	963	-100	-100
892	977	-100	-100
892	264	-100	-100
892	697	-100	-100
892	493	-100	-100
892	586	-100	-100
892	74	-100	-100
892	975	-100	-100
892	894	-100	-100
892	202	-100	-100
892	519	-100	-100
892	45	-100	-100
892	734	-100	-100
892	417	-100	-100
892	928	-100	-100
892	193	-100	-100
892	297	-100	-100
892	16	-100	-100
892	447	-100	-100
892	53	-100	-100
892	448	-100	-100
892	601	-100	-100
892	744	-100	-100
892	931	-100	-100
892	107	-100	-100
892	163	-100	-100
892	712	-100	-100
892	125	-100	-100
892	960	-100	-100
892	627	-100	-100
892	752	-100	-100
892	780	-100	-100
892	381	-100	-100
892	269	-100	-100
892	292	-100	-100
892	13	-100	-100
892	208	-100	-100
892	500	-100	-100
892	93	-100	-100
892	843	-100	-100
892	971	-100	-100
892	454	-100	-100
619	839	-100	-100
619	604	-100	-100
619	121	-100	-100
619	975	-100	-100
619	312	-100	-100
619	783	-100	-100
619	123	-100	-100
619	761	-100	-100
619	594	-100	-100
619	643	-100	-100
619	792	-100	-100
619	256	-100	-100
619	762	-100	-100
619	687	-100	-100
619	430	-100	-100
619	672	-100	-100
619	718	-100	-100
619	540	-100	-100
619	818	-100	-100
619	578	-100	-100
619	306	-100	-100
619	426	-100	-100
619	189	-100	-100
619	723	-100	-100
619	146	-100	-100
619	621	-100	-100
619	600	-100	-100
619	944	-100	-100
619	454	-100	-100
619	788	-100	-100
619	490	-100	-100
619	284	-100	-100
619	290	-100	-100
619	541	-100	-100
619	366	-100	-100
619	722	-100	-100
619	677	-100	-100
619	588	-100	-100
619	835	-100	-100
619	967	-100	-100
619	225	-100	-100
619	814	-100	-100
619	460	-100	-100
619	931	-100	-100
619	992	-100	-100
619	441	-100	-100
619	763	-100	-100
619	857	-100	-100
619	743	-100	-100
619	403	-100	-100
619	873	-100	-100
619	97	-100	-100
619	359	-100	-100
619	363	-100	-100
619	520	-100	-100
619	876	-100	-100
619	760	-100	-100
619	424	-100	-100
619	474	-100	-100
619	769	-100	-100
619	151	-100	-100
619	985	-100	-100
619	576	-100	-100
619	732	-100	-100
619	650	-100	-100
619	29	-100	-100
619	659	-100	-100
619	864	-100	-100
619	879	-100	-100
619	961	-100	-100
619	458	-100	-100
619	629	-100	-100
619	836	-100	-100
619	566	-100	-100
619	933	-100	-100
619	175	-100	-100
619	756	-100	-100
619	431	-100	-100
619	48	-100	-100
619	724	-100	-100
619	777	-100	-100
619	31	-100	-100
619	515	-100	-100
619	599	-100	-100
619	824	-100	-100
619	634	-100	-100
619	448	-100	-100
619	501	-100	-100
619	38	-100	-100
619	856	-100	-100
619	384	-100	-100
619	177	-100	-100
619	741	-100	-100
619	749	-100	-100
619	439	-100	-100
619	307	-100	-100
619	686	-100	-100
619	837	-100	-100
619	897	-100	-100
619	805	-100	-100
619	108	-100	-100
619	618	-100	-100
619	127	-100	-100
619	955	-100	-100
619	794	-100	-100
619	56	-100	-100
619	960	-100	-100
619	50	-100	-100
619	14	-100	-100
619	649	-100	-100
619	789	-100	-100
619	641	-100	-100
619	519	-100	-100
619	802	-100	-100
619	220	-100	-100
619	926	-100	-100
619	602	-100	-100
619	886	-100	-100
619	934	-100	-100
619	12	-100	-100
619	456	-100	-100
619	163	-100	-100
619	34	-100	-100
619	596	-100	-100
619	891	-100	-100
619	766	-100	-100
619	597	-100	-100
619	372	-100	-100
619	512	-100	-100
619	850	-100	-100
619	168	-100	-100
619	925	-100	-100
619	148	-100	-100
619	141	-100	-100
619	78	-100	-100
619	155	-100	-100
619	964	-100	-100
619	118	-100	-100
619	851	-100	-100
619	806	-100	-100
619	219	-100	-100
619	129	-100	-100
619	42	-100	-100
619	486	-100	-100
619	263	-100	-100
619	528	-100	-100
619	849	-100	-100
619	694	-100	-100
619	938	-100	-100
619	259	-100	-100
619	536	-100	-100
619	988	-100	-100
619	559	-100	-100
619	77	-100	-100
619	928	-100	-100
619	94	-100	-100
619	87	-100	-100
619	561	-100	-100
619	185	-100	-100
619	553	-100	-100
619	104	-100	-100
619	136	-100	-100
619	699	-100	-100
619	547	-100	-100
619	846	-100	-100
619	105	-100	-100
619	516	-100	-100
619	295	-100	-100
619	25	-100	-100
619	93	-100	-100
619	667	-100	-100
619	586	-100	-100
619	30	-100	-100
619	427	-100	-100
619	197	-100	-100
619	965	-100	-100
619	968	-100	-100
619	665	-100	-100
619	734	-100	-100
619	995	-100	-100
619	162	-100	-100
619	947	-100	-100
619	360	-100	-100
619	651	-100	-100
619	202	-100	-100
619	142	-100	-100
619	601	-100	-100
619	337	-100	-100
619	145	-100	-100
619	522	-100	-100
619	44	-100	-100
619	405	-100	-100
619	595	-100	-100
619	55	-100	-100
619	496	-100	-100
619	46	-100	-100
619	276	-100	-100
619	194	-100	-100
619	393	-100	-100
619	119	-100	-100
619	17	-100	-100
619	293	-100	-100
619	379	-100	-100
619	552	-100	-100
619	327	-100	-100
619	283	-100	-100
619	948	-100	-100
619	757	-100	-100
619	905	-100	-100
619	317	-100	-100
619	134	-100	-100
619	230	-100	-100
619	208	-100	-100
619	409	-100	-100
619	954	-100	-100
619	909	-100	-100
619	60	-100	-100
619	442	-100	-100
619	298	-100	-100
619	684	-100	-100
619	296	-100	-100
619	110	-100	-100
619	191	-100	-100
619	927	-100	-100
619	774	-100	-100
619	329	-100	-100
619	690	-100	-100
619	432	-100	-100
619	445	-100	-100
619	758	-100	-100
619	648	-100	-100
619	698	-100	-100
619	796	-100	-100
619	726	-100	-100
619	70	-100	-100
619	417	-100	-100
619	871	-100	-100
619	201	-100	-100
619	923	-100	-100
619	240	-100	-100
619	481	-100	-100
619	101	-100	-100
619	962	-100	-100
619	336	-100	-100
619	11	-100	-100
619	514	-100	-100
619	827	-100	-100
619	493	-100	-100
619	413	-100	-100
619	755	-100	-100
619	57	-100	-100
619	819	-100	-100
619	364	-100	-100
619	370	-100	-100
619	521	-100	-100
619	565	-100	-100
619	973	-100	-100
619	120	-100	-100
619	152	-100	-100
619	764	-100	-100
619	670	-100	-100
619	253	-100	-100
619	183	-100	-100
619	791	-100	-100
619	187	-100	-100
619	400	-100	-100
619	20	-100	-100
619	884	-100	-100
619	880	-100	-100
619	768	-100	-100
619	976	-100	-100
619	472	-100	-100
619	535	-100	-100
619	689	-100	-100
619	567	-100	-100
619	620	-100	-100
619	935	-100	-100
619	612	-100	-100
619	971	-100	-100
619	362	-100	-100
619	685	-100	-100
619	506	-100	-100
619	447	-100	-100
619	443	-100	-100
619	345	-100	-100
619	88	-100	-100
619	27	-100	-100
619	241	-100	-100
619	911	-100	-100
619	881	-100	-100
619	249	-100	-100
619	167	-100	-100
619	830	-100	-100
619	570	-100	-100
619	457	-100	-100
619	551	-100	-100
619	503	-100	-100
619	435	-100	-100
619	533	-100	-100
619	628	-100	-100
619	603	-100	-100
619	444	-100	-100
619	853	-100	-100
619	673	-100	-100
619	957	-100	-100
619	564	-100	-100
619	639	-100	-100
619	869	-100	-100
619	916	-100	-100
619	130	-100	-100
619	524	-100	-100
619	713	-100	-100
619	742	-100	-100
619	875	-100	-100
619	265	-100	-100
619	226	-100	-100
619	111	-100	-100
619	993	-100	-100
619	277	-100	-100
619	122	-100	-100
619	325	-100	-100
619	770	-100	-100
619	914	-100	-100
619	81	-100	-100
619	558	-100	-100
619	793	-100	-100
619	82	-100	-100
619	809	-100	-100
619	917	-100	-100
619	91	-100	-100
619	795	-100	-100
619	190	-100	-100
619	704	-100	-100
619	700	-100	-100
619	361	-100	-100
619	305	-100	-100
619	35	-100	-100
619	893	-100	-100
619	406	-100	-100
619	708	-100	-100
619	874	-100	-100
619	59	-100	-100
619	153	-100	-100
619	907	-100	-100
619	420	-100	-100
619	707	-100	-100
619	429	-100	-100
619	133	-100	-100
619	787	-100	-100
619	179	-100	-100
619	958	-100	-100
619	297	-100	-100
619	531	-100	-100
619	347	-100	-100
619	606	-100	-100
619	309	-100	-100
619	982	-100	-100
619	615	-100	-100
619	1000	-100	-100
619	302	-100	-100
619	890	-100	-100
619	158	-100	-100
619	159	-100	-100
619	425	-100	-100
619	642	-100	-100
619	80	-100	-100
619	418	-100	-100
619	223	-100	-100
619	899	-100	-100
619	500	-100	-100
535	975	-100	-100
535	430	-100	-100
535	606	-100	-100
535	676	-100	-100
535	666	-100	-100
535	160	-100	-100
535	974	-100	-100
535	297	-100	-100
535	380	-100	-100
535	960	-100	-100
535	726	-100	-100
535	682	-100	-100
535	909	-100	-100
535	420	-100	-100
535	388	-100	-100
535	72	-100	-100
535	262	-100	-100
535	416	-100	-100
535	303	-100	-100
535	640	-100	-100
535	957	-100	-100
535	690	-100	-100
535	993	-100	-100
535	110	-100	-100
535	102	-100	-100
535	675	-100	-100
535	368	-100	-100
535	525	-100	-100
535	777	-100	-100
535	786	-100	-100
535	363	-100	-100
535	651	-100	-100
535	944	-100	-100
535	542	-100	-100
535	203	-100	-100
535	20	-100	-100
535	493	-100	-100
535	116	-100	-100
535	477	-100	-100
535	995	-100	-100
535	824	-100	-100
535	382	-100	-100
535	343	-100	-100
535	181	-100	-100
535	39	-100	-100
535	669	-100	-100
535	79	-100	-100
535	734	-100	-100
535	783	-100	-100
535	83	-100	-100
535	442	-100	-100
535	788	-100	-100
535	417	-100	-100
535	925	-100	-100
535	812	-100	-100
535	591	-100	-100
535	458	-100	-100
535	474	-100	-100
535	655	-100	-100
535	529	-100	-100
535	947	-100	-100
535	616	-100	-100
535	986	-100	-100
535	787	-100	-100
535	123	-100	-100
535	838	-100	-100
535	833	-100	-100
535	670	-100	-100
535	445	-100	-100
535	285	-100	-100
535	754	-100	-100
535	23	-100	-100
535	215	-100	-100
535	269	-100	-100
535	449	-100	-100
535	699	-100	-100
535	207	-100	-100
535	768	-100	-100
535	62	-100	-100
535	667	-100	-100
535	998	-100	-100
535	150	-100	-100
535	894	-100	-100
535	703	-100	-100
535	552	-100	-100
535	593	-100	-100
535	326	-100	-100
535	500	-100	-100
535	794	-100	-100
535	190	-100	-100
535	766	-100	-100
535	862	-100	-100
535	509	-100	-100
535	308	-100	-100
535	270	-100	-100
535	143	-100	-100
535	605	-100	-100
535	633	-100	-100
535	913	-100	-100
535	213	-100	-100
535	850	-100	-100
535	105	-100	-100
535	693	-100	-100
535	22	-100	-100
535	799	-100	-100
535	411	-100	-100
535	804	-100	-100
535	230	-100	-100
535	927	-100	-100
535	252	-100	-100
535	135	-100	-100
535	358	-100	-100
535	584	-100	-100
535	565	-100	-100
535	934	-100	-100
535	919	-100	-100
535	208	-100	-100
535	901	-100	-100
535	946	-100	-100
535	905	-100	-100
535	985	-100	-100
535	723	-100	-100
535	861	-100	-100
535	840	-100	-100
535	789	-100	-100
535	489	-100	-100
535	377	-100	-100
535	177	-100	-100
535	84	-100	-100
535	191	-100	-100
535	224	-100	-100
535	854	-100	-100
535	811	-100	-100
535	99	-100	-100
535	398	-100	-100
535	371	-100	-100
535	383	-100	-100
535	903	-100	-100
535	556	-100	-100
535	409	-100	-100
535	276	-100	-100
535	700	-100	-100
535	823	-100	-100
535	384	-100	-100
535	628	-100	-100
535	607	-100	-100
535	504	-100	-100
535	769	-100	-100
535	287	-100	-100
535	283	-100	-100
535	189	-100	-100
535	18	-100	-100
535	465	-100	-100
535	623	-100	-100
535	780	-100	-100
535	533	-100	-100
535	996	-100	-100
535	885	-100	-100
535	40	-100	-100
535	697	-100	-100
535	503	-100	-100
535	782	-100	-100
535	93	-100	-100
535	767	-100	-100
535	485	-100	-100
535	436	-100	-100
535	681	-100	-100
535	573	-100	-100
535	961	-100	-100
535	890	-100	-100
535	183	-100	-100
535	60	-100	-100
535	537	-100	-100
535	47	-100	-100
535	227	-100	-100
535	708	-100	-100
535	680	-100	-100
535	886	-100	-100
535	125	-100	-100
535	641	-100	-100
535	620	-100	-100
535	536	-100	-100
535	379	-100	-100
535	952	-100	-100
535	988	-100	-100
535	545	-100	-100
535	421	-100	-100
535	817	-100	-100
535	349	-100	-100
535	898	-100	-100
535	872	-100	-100
535	92	-100	-100
535	403	-100	-100
535	798	-100	-100
535	575	-100	-100
535	439	-100	-100
535	940	-100	-100
535	247	-100	-100
535	883	-100	-100
535	614	-100	-100
535	698	-100	-100
535	652	-100	-100
535	43	-100	-100
535	942	-100	-100
535	422	-100	-100
535	941	-100	-100
535	120	-100	-100
535	312	-100	-100
535	740	-100	-100
535	141	-100	-100
535	609	-100	-100
535	874	-100	-100
535	242	-100	-100
535	555	-100	-100
535	627	-100	-100
535	216	-100	-100
535	136	-100	-100
535	745	-100	-100
535	255	-100	-100
535	180	-100	-100
535	646	-100	-100
535	939	-100	-100
535	405	-100	-100
535	570	-100	-100
535	524	-100	-100
535	127	-100	-100
535	982	-100	-100
535	543	-100	-100
535	137	-100	-100
535	329	-100	-100
535	359	-100	-100
535	507	-100	-100
535	90	-100	-100
535	741	-100	-100
535	428	-100	-100
535	361	-100	-100
535	440	-100	-100
535	12	-100	-100
535	392	-100	-100
535	877	-100	-100
535	933	-100	-100
535	727	-100	-100
535	887	-100	-100
535	773	-100	-100
535	847	-100	-100
535	288	-100	-100
535	55	-100	-100
535	689	-100	-100
535	81	-100	-100
535	352	-100	-100
535	178	-100	-100
535	590	-100	-100
535	841	-100	-100
535	602	-100	-100
535	220	-100	-100
535	671	-100	-100
535	261	-100	-100
535	842	-100	-100
535	958	-100	-100
535	749	-100	-100
535	229	-100	-100
535	571	-100	-100
535	857	-100	-100
535	348	-100	-100
535	165	-100	-100
535	806	-100	-100
535	423	-100	-100
535	171	-100	-100
535	273	-100	-100
535	598	-100	-100
535	540	-100	-100
535	26	-100	-100
535	294	-100	-100
535	300	-100	-100
535	508	-100	-100
535	843	-100	-100
535	879	-100	-100
535	866	-100	-100
535	335	-100	-100
535	728	-100	-100
535	258	-100	-100
535	427	-100	-100
535	394	-100	-100
535	94	-100	-100
535	771	-100	-100
535	434	-100	-100
535	237	-100	-100
535	506	-100	-100
535	264	-100	-100
535	156	-100	-100
535	290	-100	-100
535	757	-100	-100
535	846	-100	-100
535	385	-100	-100
535	582	-100	-100
535	706	-100	-100
535	683	-100	-100
535	320	-100	-100
535	511	-100	-100
535	748	-100	-100
535	931	-100	-100
535	685	-100	-100
535	139	-100	-100
535	356	-100	-100
535	77	-100	-100
535	103	-100	-100
535	527	-100	-100
535	926	-100	-100
535	994	-100	-100
535	820	-100	-100
535	546	-100	-100
535	945	-100	-100
535	495	-100	-100
535	319	-100	-100
535	386	-100	-100
535	553	-100	-100
535	517	-100	-100
535	341	-100	-100
535	337	-100	-100
535	499	-100	-100
535	516	-100	-100
535	360	-100	-100
535	272	-100	-100
535	381	-100	-100
535	250	-100	-100
535	999	-100	-100
535	649	-100	-100
535	731	-100	-100
535	118	-100	-100
535	155	-100	-100
535	153	-100	-100
535	756	-100	-100
535	446	-100	-100
535	694	-100	-100
535	578	-100	-100
535	744	-100	-100
535	397	-100	-100
535	452	-100	-100
535	815	-100	-100
535	455	-100	-100
535	656	-100	-100
535	101	-100	-100
535	145	-100	-100
535	718	-100	-100
535	209	-100	-100
535	342	-100	-100
535	568	-100	-100
535	889	-100	-100
535	569	-100	-100
535	739	-100	-100
535	722	-100	-100
535	355	-100	-100
535	21	-100	-100
535	239	-100	-100
535	581	-100	-100
535	971	-100	-100
535	257	-100	-100
535	514	-100	-100
535	775	-100	-100
535	539	-100	-100
535	195	-100	-100
535	96	-100	-100
535	109	-100	-100
535	13	-100	-100
535	992	-100	-100
535	457	-100	-100
535	85	-100	-100
535	989	-100	-100
535	321	-100	-100
12	89	-100	-100
982	706	-100	-100
578	479	-100	-100
917	775	-100	-100
917	82	-100	-100
449	569	-100	-100
449	284	-100	-100
602	563	-100	-100
602	595	-100	-100
925	656	-100	-100
925	960	-100	-100
960	699	-100	-100
890	909	-100	-100
890	898	-100	-100
909	630	-100	-100
191	655	-100	-100
191	765	-100	-100
556	305	-100	-100
556	927	-100	-100
524	608	-100	-100
524	15	-100	-100
302	507	-100	-100
302	802	-100	-100
649	113	-100	-100
649	923	-100	-100
676	421	-100	-100
832	933	-100	-100
81	427	-100	-100
853	499	-100	-100
208	964	-100	-100
665	989	-100	-100
276	80	-100	-100
512	401	-100	-100
503	682	-100	-100
734	385	-100	-100
877	683	-100	-100
963	403	-100	-100
820	256	-100	-100
706	529	-100	-100
152	441	-100	-100
757	659	-100	-100
167	541	-100	-100
684	617	-100	-100
987	823	-100	-100
429	555	-100	-100
452	650	-100	-100
317	440	-100	-100
335	327	-100	-100
290	100	-100	-100
295	398	-100	-100
445	908	-100	-100
65	272	-100	-100
362	399	-100	-100
618	207	-100	-100
178	91	-100	-100
175	143	-100	-100
505	670	-100	-100
652	993	-100	-100
25	169	-100	-100
846	581	-100	-100
340	450	-100	-100
967	130	-100	-100
118	845	-100	-100
111	559	-100	-100
708	401	-100	-100
369	392	-100	-100
656	995	-100	-100
911	953	-100	-100
130	718	-100	-100
942	530	-100	-100
233	749	-100	-100
544	94	-100	-100
104	727	-100	-100
617	140	-100	-100
840	467	-100	-100
603	972	-100	-100
549	23	-100	-100
162	294	-100	-100
394	411	-100	-100
98	696	-100	-100
21	504	-100	-100
471	597	-100	-100
880	571	-100	-100
660	71	-100	-100
227	244	-100	-100
274	755	-100	-100
195	865	-100	-100
79	41	-100	-100
738	205	-100	-100
451	717	-100	-100
318	265	-100	-100
658	904	-100	-100
862	333	-100	-100
304	446	-100	-100
538	210	-100	-100
374	477	-100	-100
49	275	-100	-100
166	781	-100	-100
532	367	-100	-100
95	585	-100	-100
311	475	-100	-100
864	310	-100	-100
729	137	-100	-100
232	310	-100	-100
353	475	-100	-100
114	112	-100	-100
645	415	-100	-100
645	829	-100	-100
415	829	-100	-100
523	624	-100	-100
523	96	-100	-100
624	238	-100	-100
96	622	-100	-100
238	498	-100	-100
622	375	-100	-100
498	930	-100	-100
375	888	-100	-100
930	58	-100	-100
888	205	-100	-100
58	709	-100	-100
205	88	-100	-100
709	88	-100	-100
528	278	-100	-100
528	829	-100	-100
709	622	-100	-100
523	930	-100	-100
528	88	-100	-100
624	205	-100	-100
888	498	-100	-100
238	375	-100	-100
58	278	-100	-100
96	278	-100	-100
