500
2865
2
1	2	2	5
1	3	6	4
1	4	6	2
1	5	9	7
1	6	7	9
1	7	9	3
1	8	7	4
1	9	8	4
1	10	5	3
1	11	8	2
1	12	3	2
1	13	8	10
1	14	8	1
1	15	1	5
1	16	8	2
1	17	1	2
1	18	10	8
1	19	5	1
1	20	6	8
1	21	7	8
1	22	3	9
1	23	2	7
1	24	7	6
1	25	10	8
1	26	8	4
1	27	5	9
1	28	9	2
1	29	1	8
1	30	1	9
1	31	9	4
1	32	5	10
1	33	9	5
1	34	3	7
1	35	8	3
1	36	7	8
1	37	9	6
1	38	3	10
1	39	10	9
1	40	5	2
1	41	9	3
1	42	4	6
1	43	3	2
1	44	7	1
1	45	10	3
1	46	9	7
1	47	10	9
1	48	2	3
1	49	5	3
1	50	7	2
1	51	4	1
1	52	6	3
1	53	6	8
1	54	6	3
1	55	6	7
1	56	8	2
1	57	9	7
1	58	2	9
1	59	7	6
1	60	6	1
1	61	9	5
1	62	7	4
1	63	1	2
1	64	10	7
1	65	1	6
1	66	7	5
1	67	1	10
1	68	9	6
1	69	10	1
1	70	10	4
1	71	2	8
1	72	6	7
2	73	8	7
2	74	9	10
2	75	8	3
2	76	4	10
2	77	3	2
2	78	3	5
2	79	7	10
3	80	10	7
3	81	1	9
3	82	6	7
3	83	4	10
3	84	9	6
3	85	1	6
3	86	10	3
3	87	1	5
3	88	1	8
3	89	6	5
3	90	10	7
3	91	3	8
3	92	9	3
3	93	7	6
3	94	2	3
3	95	2	3
3	96	10	1
3	97	2	5
3	98	9	4
3	99	5	4
3	100	8	5
3	101	3	4
3	102	9	6
3	103	9	10
3	104	2	5
3	105	6	9
3	106	6	1
3	107	7	2
3	108	9	2
3	109	3	5
3	110	6	9
3	111	3	9
3	112	2	3
3	113	6	5
3	114	5	3
3	115	8	9
3	116	6	1
3	117	7	1
3	118	4	2
3	119	4	9
3	120	2	9
3	121	5	6
3	122	6	9
3	123	9	7
3	124	4	1
3	125	4	5
3	126	6	1
3	127	10	5
3	128	7	6
3	129	8	10
3	130	2	9
3	131	7	10
3	132	3	9
3	133	9	3
3	134	4	6
3	135	1	8
3	136	2	1
3	137	4	6
3	138	7	1
3	139	3	7
3	140	1	4
3	141	6	10
3	142	5	1
3	143	1	6
3	144	6	5
3	145	3	4
3	146	5	9
3	147	3	9
3	148	4	1
3	149	10	6
3	150	5	1
3	151	2	6
3	152	8	4
3	153	10	1
3	154	4	6
3	155	8	5
3	156	2	7
3	157	8	9
3	158	10	9
3	159	9	5
3	160	5	1
3	161	6	7
3	162	4	5
3	163	7	4
3	164	4	10
3	165	4	9
3	166	7	8
3	167	3	9
3	168	2	6
3	169	5	10
4	170	4	2
4	171	10	2
4	172	10	2
4	173	4	3
4	174	8	3
4	175	7	1
4	176	2	9
4	177	7	4
4	178	1	7
4	179	1	7
4	180	6	3
4	181	6	5
4	182	1	5
4	183	1	6
4	184	8	6
4	185	3	2
4	186	5	6
4	187	6	1
4	188	2	8
4	189	3	8
4	190	8	10
4	191	8	10
4	192	7	4
4	193	1	8
4	194	7	4
4	195	3	1
4	196	4	5
4	197	5	4
4	198	4	2
4	199	2	8
4	200	9	2
4	201	1	3
4	202	8	1
4	203	1	5
4	204	3	6
4	205	9	5
5	206	2	8
5	207	1	7
5	208	5	3
5	209	6	7
5	210	8	6
5	211	9	3
5	212	8	3
5	213	9	2
5	214	6	4
5	215	3	7
5	216	5	8
5	217	3	10
5	218	5	10
5	219	4	10
5	220	8	1
5	221	6	2
5	222	2	6
5	223	4	8
5	224	1	7
5	225	2	3
5	226	1	6
5	227	2	7
5	228	6	7
5	229	10	1
5	230	2	4
5	231	5	9
5	232	9	6
5	233	10	7
5	234	10	8
5	235	9	5
5	236	7	3
5	237	4	3
5	238	5	1
5	239	3	7
5	240	6	7
5	241	6	8
5	242	3	7
5	243	1	5
5	244	10	2
5	245	4	5
5	246	5	4
5	33	1	3
5	247	4	1
5	248	4	5
5	249	5	9
5	250	8	4
5	251	2	10
5	252	5	1
5	253	5	2
5	254	2	3
5	255	5	2
5	256	8	6
5	257	5	6
5	258	2	10
5	259	6	8
5	260	5	7
5	261	10	2
5	262	8	6
5	263	2	5
5	264	7	3
5	265	6	4
5	266	7	9
5	267	6	3
5	268	7	5
5	269	7	10
5	270	8	2
5	271	2	6
5	272	2	6
5	273	8	3
5	274	9	8
5	275	2	3
5	276	5	8
5	277	2	6
5	278	5	10
5	279	5	4
5	280	5	3
5	281	9	1
5	282	10	3
5	283	5	9
5	284	2	1
5	285	5	6
5	286	6	1
5	287	7	4
6	288	6	3
6	289	4	10
6	290	1	6
6	291	4	6
6	292	1	2
6	293	2	8
6	294	2	10
6	295	4	8
6	296	6	7
6	297	10	9
6	298	2	8
6	299	4	1
6	300	6	8
6	301	6	1
6	302	8	3
6	303	2	3
6	304	8	9
6	305	8	1
6	306	2	8
6	307	4	5
6	308	8	5
6	309	10	9
6	310	2	3
6	311	1	8
6	312	3	10
6	313	2	1
6	314	1	8
6	315	2	8
6	316	10	4
6	317	7	8
6	318	10	5
6	319	1	7
6	320	5	1
6	321	5	8
6	322	2	3
6	323	7	5
6	324	6	8
6	325	6	5
6	326	6	4
6	327	10	2
6	328	9	10
6	329	4	2
6	330	2	9
6	8	3	8
6	331	5	4
6	332	6	3
6	333	10	3
6	334	9	2
6	335	7	3
6	336	10	8
6	337	6	2
6	10	2	1
6	338	6	7
6	339	7	4
6	340	6	4
6	341	3	7
6	342	9	7
6	343	7	1
6	344	5	8
6	345	8	7
6	346	9	6
6	347	2	10
6	348	8	9
6	349	8	7
6	350	4	3
6	351	10	5
6	14	3	5
6	352	8	4
6	353	10	3
6	354	6	3
6	355	2	7
6	356	5	10
6	357	10	6
6	358	9	5
6	179	6	10
6	359	9	3
6	360	10	5
6	361	2	6
6	362	10	8
6	363	9	7
6	364	1	4
6	239	10	6
6	365	2	1
6	366	1	7
6	367	4	2
6	368	8	9
6	369	6	10
6	22	1	2
6	370	9	1
6	371	7	1
6	372	9	5
6	373	8	1
6	374	6	10
6	375	5	4
6	376	8	5
6	377	1	2
6	378	6	4
6	379	3	7
6	380	3	8
6	381	10	1
6	382	4	9
6	383	2	5
6	384	7	3
6	242	5	7
6	385	2	1
6	386	10	8
6	387	10	1
6	388	10	4
6	389	9	4
6	390	5	4
6	391	9	5
6	33	6	7
6	392	2	4
6	393	7	3
6	394	3	5
6	395	1	10
6	396	3	4
6	397	6	8
6	398	6	4
6	399	2	4
6	400	7	10
6	401	9	2
6	402	2	7
6	403	9	2
6	404	5	8
6	405	8	5
6	406	8	10
6	407	2	6
6	408	7	2
6	42	1	5
6	409	2	6
6	410	2	8
6	411	1	5
6	412	6	3
6	413	3	8
6	414	6	9
6	415	2	3
6	416	5	1
6	43	6	2
6	417	5	9
6	418	8	10
6	419	8	1
6	420	3	10
6	421	8	4
6	422	8	6
6	423	3	5
6	424	6	3
6	425	1	7
6	426	8	1
6	427	8	1
6	428	2	1
6	429	7	3
6	430	5	9
6	431	1	4
6	432	8	10
6	433	1	6
6	434	8	7
6	435	9	8
6	436	8	5
6	437	10	7
6	438	8	7
6	439	2	9
6	440	5	10
6	441	9	5
6	442	4	5
6	443	6	8
6	444	7	8
6	445	6	1
6	446	5	3
6	447	1	7
6	448	3	4
6	449	7	5
6	450	2	7
6	451	4	6
7	452	6	2
7	453	1	5
7	454	8	6
7	455	7	8
7	456	3	4
7	457	2	7
7	458	3	8
7	459	10	1
7	460	6	1
7	461	7	4
7	462	2	7
7	463	10	3
7	464	2	10
7	33	8	9
7	465	5	4
7	466	4	9
7	467	6	2
7	56	6	7
7	468	3	2
7	469	3	1
7	470	8	3
7	471	6	7
8	472	10	7
8	473	3	7
8	474	10	7
8	475	5	1
8	476	7	4
8	477	9	2
8	478	9	2
8	479	7	8
8	480	4	7
8	481	1	7
8	482	10	9
8	483	8	3
8	484	3	8
8	485	10	8
8	486	3	8
8	487	1	9
8	488	4	2
8	489	1	6
8	490	5	2
8	491	2	3
8	492	9	1
8	493	5	4
8	494	4	2
8	221	7	2
8	495	8	4
8	496	2	5
8	497	3	4
8	498	9	3
8	499	6	7
8	500	10	5
3	474	-100	-100
3	464	-100	-100
3	204	-100	-100
3	363	-100	-100
3	291	-100	-100
3	22	-100	-100
3	332	-100	-100
3	301	-100	-100
3	351	-100	-100
3	195	-100	-100
3	48	-100	-100
3	250	-100	-100
3	357	-100	-100
3	342	-100	-100
3	413	-100	-100
3	20	-100	-100
3	51	-100	-100
3	58	-100	-100
3	355	-100	-100
3	52	-100	-100
3	63	-100	-100
3	457	-100	-100
3	453	-100	-100
3	347	-100	-100
3	338	-100	-100
3	197	-100	-100
3	217	-100	-100
3	56	-100	-100
3	183	-100	-100
3	361	-100	-100
3	372	-100	-100
3	39	-100	-100
3	191	-100	-100
3	360	-100	-100
3	59	-100	-100
3	45	-100	-100
3	469	-100	-100
3	311	-100	-100
3	44	-100	-100
3	439	-100	-100
3	374	-100	-100
3	57	-100	-100
3	247	-100	-100
3	54	-100	-100
3	50	-100	-100
3	380	-100	-100
3	468	-100	-100
3	65	-100	-100
3	337	-100	-100
3	19	-100	-100
3	418	-100	-100
3	305	-100	-100
3	38	-100	-100
3	203	-100	-100
3	275	-100	-100
3	14	-100	-100
3	377	-100	-100
3	236	-100	-100
3	178	-100	-100
3	303	-100	-100
3	329	-100	-100
3	258	-100	-100
3	405	-100	-100
3	428	-100	-100
3	60	-100	-100
3	277	-100	-100
3	459	-100	-100
3	392	-100	-100
3	13	-100	-100
3	369	-100	-100
3	324	-100	-100
3	442	-100	-100
3	235	-100	-100
3	422	-100	-100
3	252	-100	-100
3	223	-100	-100
3	241	-100	-100
3	170	-100	-100
3	488	-100	-100
3	192	-100	-100
3	438	-100	-100
3	218	-100	-100
3	254	-100	-100
3	388	-100	-100
5	486	-100	-100
5	63	-100	-100
5	402	-100	-100
5	446	-100	-100
5	390	-100	-100
5	434	-100	-100
5	177	-100	-100
5	466	-100	-100
5	32	-100	-100
5	467	-100	-100
5	348	-100	-100
5	174	-100	-100
5	315	-100	-100
5	453	-100	-100
5	491	-100	-100
5	386	-100	-100
5	303	-100	-100
5	29	-100	-100
5	97	-100	-100
5	493	-100	-100
5	410	-100	-100
5	397	-100	-100
5	350	-100	-100
5	341	-100	-100
5	298	-100	-100
5	492	-100	-100
5	384	-100	-100
5	2	-100	-100
5	411	-100	-100
5	396	-100	-100
5	188	-100	-100
5	87	-100	-100
5	293	-100	-100
5	361	-100	-100
5	159	-100	-100
5	142	-100	-100
5	117	-100	-100
5	489	-100	-100
5	379	-100	-100
5	93	-100	-100
5	414	-100	-100
5	172	-100	-100
5	196	-100	-100
5	186	-100	-100
5	178	-100	-100
5	360	-100	-100
5	401	-100	-100
5	422	-100	-100
5	182	-100	-100
5	111	-100	-100
5	124	-100	-100
5	447	-100	-100
5	158	-100	-100
5	335	-100	-100
5	92	-100	-100
5	154	-100	-100
5	104	-100	-100
5	78	-100	-100
5	417	-100	-100
5	323	-100	-100
5	202	-100	-100
5	332	-100	-100
5	108	-100	-100
5	16	-100	-100
5	321	-100	-100
5	339	-100	-100
5	425	-100	-100
5	151	-100	-100
5	376	-100	-100
5	320	-100	-100
5	440	-100	-100
5	72	-100	-100
5	189	-100	-100
5	337	-100	-100
5	399	-100	-100
5	94	-100	-100
5	363	-100	-100
5	140	-100	-100
5	405	-100	-100
5	195	-100	-100
5	427	-100	-100
5	28	-100	-100
5	469	-100	-100
5	327	-100	-100
5	487	-100	-100
5	116	-100	-100
5	69	-100	-100
5	408	-100	-100
5	352	-100	-100
5	64	-100	-100
5	304	-100	-100
1	328	-100	-100
1	308	-100	-100
1	181	-100	-100
1	242	-100	-100
1	237	-100	-100
1	96	-100	-100
1	233	-100	-100
1	107	-100	-100
1	301	-100	-100
1	338	-100	-100
1	250	-100	-100
1	197	-100	-100
1	129	-100	-100
1	461	-100	-100
1	455	-100	-100
1	261	-100	-100
1	446	-100	-100
1	160	-100	-100
1	469	-100	-100
1	163	-100	-100
1	417	-100	-100
1	497	-100	-100
1	189	-100	-100
1	90	-100	-100
1	191	-100	-100
1	166	-100	-100
1	474	-100	-100
1	315	-100	-100
1	484	-100	-100
1	117	-100	-100
1	153	-100	-100
1	82	-100	-100
1	405	-100	-100
1	444	-100	-100
1	456	-100	-100
1	485	-100	-100
1	361	-100	-100
1	387	-100	-100
1	152	-100	-100
1	482	-100	-100
1	483	-100	-100
1	299	-100	-100
1	437	-100	-100
1	449	-100	-100
1	102	-100	-100
1	98	-100	-100
1	347	-100	-100
1	266	-100	-100
1	364	-100	-100
1	219	-100	-100
1	470	-100	-100
1	480	-100	-100
1	116	-100	-100
1	431	-100	-100
1	170	-100	-100
1	322	-100	-100
1	371	-100	-100
1	276	-100	-100
1	76	-100	-100
1	274	-100	-100
1	279	-100	-100
1	354	-100	-100
1	176	-100	-100
1	433	-100	-100
1	382	-100	-100
1	490	-100	-100
1	285	-100	-100
1	298	-100	-100
1	475	-100	-100
1	235	-100	-100
1	486	-100	-100
1	81	-100	-100
1	434	-100	-100
1	471	-100	-100
1	190	-100	-100
1	420	-100	-100
1	147	-100	-100
1	457	-100	-100
1	115	-100	-100
1	445	-100	-100
1	404	-100	-100
1	428	-100	-100
1	249	-100	-100
1	86	-100	-100
1	351	-100	-100
1	381	-100	-100
1	390	-100	-100
1	367	-100	-100
1	272	-100	-100
1	448	-100	-100
1	142	-100	-100
1	124	-100	-100
1	194	-100	-100
1	357	-100	-100
1	171	-100	-100
1	118	-100	-100
1	253	-100	-100
1	478	-100	-100
1	316	-100	-100
1	169	-100	-100
1	348	-100	-100
1	424	-100	-100
1	211	-100	-100
1	356	-100	-100
4	224	-100	-100
4	253	-100	-100
4	11	-100	-100
4	436	-100	-100
4	462	-100	-100
4	331	-100	-100
4	483	-100	-100
4	221	-100	-100
4	210	-100	-100
4	100	-100	-100
4	386	-100	-100
4	22	-100	-100
4	126	-100	-100
4	399	-100	-100
4	491	-100	-100
4	418	-100	-100
4	359	-100	-100
4	393	-100	-100
4	464	-100	-100
4	64	-100	-100
4	402	-100	-100
4	373	-100	-100
4	209	-100	-100
4	290	-100	-100
4	68	-100	-100
4	280	-100	-100
4	398	-100	-100
4	380	-100	-100
4	229	-100	-100
4	122	-100	-100
4	324	-100	-100
4	127	-100	-100
4	71	-100	-100
4	307	-100	-100
4	156	-100	-100
4	49	-100	-100
4	26	-100	-100
4	13	-100	-100
4	460	-100	-100
4	149	-100	-100
4	499	-100	-100
4	470	-100	-100
4	317	-100	-100
4	140	-100	-100
4	404	-100	-100
4	99	-100	-100
4	73	-100	-100
4	333	-100	-100
4	32	-100	-100
4	162	-100	-100
4	431	-100	-100
4	223	-100	-100
4	65	-100	-100
4	496	-100	-100
4	433	-100	-100
4	9	-100	-100
4	434	-100	-100
4	340	-100	-100
4	57	-100	-100
4	461	-100	-100
4	246	-100	-100
4	409	-100	-100
4	288	-100	-100
4	263	-100	-100
4	72	-100	-100
4	304	-100	-100
4	357	-100	-100
4	308	-100	-100
4	226	-100	-100
4	275	-100	-100
4	377	-100	-100
4	403	-100	-100
4	27	-100	-100
4	337	-100	-100
4	448	-100	-100
4	67	-100	-100
4	321	-100	-100
4	477	-100	-100
4	113	-100	-100
4	486	-100	-100
4	132	-100	-100
4	163	-100	-100
4	328	-100	-100
4	318	-100	-100
4	211	-100	-100
4	39	-100	-100
4	128	-100	-100
4	135	-100	-100
4	268	-100	-100
4	468	-100	-100
4	145	-100	-100
4	498	-100	-100
4	262	-100	-100
4	325	-100	-100
4	323	-100	-100
4	429	-100	-100
4	218	-100	-100
4	70	-100	-100
4	447	-100	-100
4	441	-100	-100
4	144	-100	-100
4	449	-100	-100
4	488	-100	-100
4	343	-100	-100
4	87	-100	-100
4	334	-100	-100
4	361	-100	-100
4	258	-100	-100
4	423	-100	-100
4	137	-100	-100
4	372	-100	-100
4	48	-100	-100
4	467	-100	-100
4	212	-100	-100
4	153	-100	-100
4	332	-100	-100
4	50	-100	-100
4	136	-100	-100
4	154	-100	-100
4	60	-100	-100
4	407	-100	-100
4	344	-100	-100
4	24	-100	-100
4	302	-100	-100
4	266	-100	-100
4	282	-100	-100
4	119	-100	-100
4	500	-100	-100
4	86	-100	-100
4	283	-100	-100
4	326	-100	-100
4	320	-100	-100
4	23	-100	-100
4	400	-100	-100
4	458	-100	-100
4	78	-100	-100
4	28	-100	-100
4	439	-100	-100
8	130	-100	-100
8	32	-100	-100
8	24	-100	-100
8	210	-100	-100
8	295	-100	-100
8	243	-100	-100
8	27	-100	-100
8	359	-100	-100
8	177	-100	-100
8	280	-100	-100
8	98	-100	-100
8	266	-100	-100
8	169	-100	-100
8	315	-100	-100
8	405	-100	-100
8	437	-100	-100
8	145	-100	-100
8	192	-100	-100
8	165	-100	-100
8	28	-100	-100
8	74	-100	-100
8	272	-100	-100
8	89	-100	-100
8	469	-100	-100
8	290	-100	-100
8	100	-100	-100
8	65	-100	-100
8	21	-100	-100
8	117	-100	-100
8	348	-100	-100
8	103	-100	-100
8	264	-100	-100
8	142	-100	-100
8	218	-100	-100
8	194	-100	-100
8	346	-100	-100
8	132	-100	-100
8	211	-100	-100
8	467	-100	-100
8	434	-100	-100
8	122	-100	-100
8	344	-100	-100
8	20	-100	-100
8	154	-100	-100
8	463	-100	-100
8	155	-100	-100
8	62	-100	-100
8	171	-100	-100
8	285	-100	-100
8	36	-100	-100
8	439	-100	-100
8	356	-100	-100
8	159	-100	-100
8	173	-100	-100
8	231	-100	-100
8	471	-100	-100
8	158	-100	-100
8	332	-100	-100
8	78	-100	-100
8	451	-100	-100
8	37	-100	-100
8	265	-100	-100
8	368	-100	-100
8	360	-100	-100
8	329	-100	-100
8	365	-100	-100
8	212	-100	-100
8	209	-100	-100
8	331	-100	-100
8	291	-100	-100
8	390	-100	-100
8	7	-100	-100
8	445	-100	-100
8	43	-100	-100
8	95	-100	-100
8	87	-100	-100
8	422	-100	-100
8	109	-100	-100
8	292	-100	-100
8	163	-100	-100
8	322	-100	-100
8	453	-100	-100
8	275	-100	-100
8	141	-100	-100
8	18	-100	-100
8	182	-100	-100
8	108	-100	-100
8	181	-100	-100
8	222	-100	-100
8	34	-100	-100
8	336	-100	-100
8	374	-100	-100
8	137	-100	-100
8	52	-100	-100
8	328	-100	-100
8	61	-100	-100
8	53	-100	-100
8	343	-100	-100
8	217	-100	-100
8	168	-100	-100
8	327	-100	-100
8	214	-100	-100
8	229	-100	-100
8	310	-100	-100
8	157	-100	-100
8	465	-100	-100
8	106	-100	-100
8	384	-100	-100
8	452	-100	-100
8	225	-100	-100
8	362	-100	-100
8	167	-100	-100
8	276	-100	-100
8	441	-100	-100
8	101	-100	-100
8	19	-100	-100
8	191	-100	-100
8	90	-100	-100
8	12	-100	-100
8	416	-100	-100
8	107	-100	-100
8	282	-100	-100
8	341	-100	-100
8	355	-100	-100
8	468	-100	-100
8	433	-100	-100
8	14	-100	-100
8	370	-100	-100
8	184	-100	-100
8	407	-100	-100
8	114	-100	-100
8	364	-100	-100
8	116	-100	-100
8	256	-100	-100
8	54	-100	-100
8	235	-100	-100
8	179	-100	-100
8	393	-100	-100
8	249	-100	-100
8	60	-100	-100
8	57	-100	-100
8	300	-100	-100
8	40	-100	-100
7	330	-100	-100
7	478	-100	-100
7	127	-100	-100
7	409	-100	-100
7	311	-100	-100
7	74	-100	-100
7	60	-100	-100
7	430	-100	-100
7	102	-100	-100
7	101	-100	-100
7	423	-100	-100
7	135	-100	-100
7	391	-100	-100
7	402	-100	-100
7	129	-100	-100
7	231	-100	-100
7	197	-100	-100
7	481	-100	-100
7	215	-100	-100
7	448	-100	-100
7	427	-100	-100
7	283	-100	-100
7	150	-100	-100
7	486	-100	-100
7	79	-100	-100
7	46	-100	-100
7	65	-100	-100
7	148	-100	-100
7	221	-100	-100
7	91	-100	-100
7	49	-100	-100
7	405	-100	-100
7	188	-100	-100
7	51	-100	-100
7	348	-100	-100
7	10	-100	-100
7	294	-100	-100
7	445	-100	-100
7	362	-100	-100
7	282	-100	-100
7	420	-100	-100
7	177	-100	-100
7	44	-100	-100
7	319	-100	-100
7	57	-100	-100
7	395	-100	-100
7	222	-100	-100
7	302	-100	-100
7	190	-100	-100
7	18	-100	-100
7	185	-100	-100
7	293	-100	-100
7	53	-100	-100
7	31	-100	-100
7	403	-100	-100
7	226	-100	-100
7	28	-100	-100
7	426	-100	-100
7	82	-100	-100
7	146	-100	-100
7	236	-100	-100
7	406	-100	-100
7	241	-100	-100
7	327	-100	-100
7	118	-100	-100
7	412	-100	-100
7	172	-100	-100
7	428	-100	-100
7	155	-100	-100
7	203	-100	-100
7	307	-100	-100
7	310	-100	-100
7	199	-100	-100
7	62	-100	-100
7	132	-100	-100
7	263	-100	-100
7	337	-100	-100
7	256	-100	-100
7	66	-100	-100
7	153	-100	-100
7	451	-100	-100
7	487	-100	-100
7	340	-100	-100
7	17	-100	-100
7	353	-100	-100
7	404	-100	-100
7	443	-100	-100
7	109	-100	-100
7	32	-100	-100
7	370	-100	-100
7	299	-100	-100
7	313	-100	-100
7	372	-100	-100
7	97	-100	-100
7	48	-100	-100
7	393	-100	-100
7	278	-100	-100
7	349	-100	-100
7	255	-100	-100
7	247	-100	-100
7	274	-100	-100
7	318	-100	-100
7	112	-100	-100
7	213	-100	-100
7	212	-100	-100
7	296	-100	-100
7	113	-100	-100
7	252	-100	-100
7	267	-100	-100
7	59	-100	-100
7	154	-100	-100
7	440	-100	-100
7	331	-100	-100
7	164	-100	-100
7	360	-100	-100
7	235	-100	-100
7	130	-100	-100
7	54	-100	-100
7	365	-100	-100
7	351	-100	-100
7	309	-100	-100
7	248	-100	-100
7	485	-100	-100
7	407	-100	-100
7	149	-100	-100
7	291	-100	-100
7	193	-100	-100
7	133	-100	-100
7	93	-100	-100
7	234	-100	-100
7	316	-100	-100
7	36	-100	-100
7	141	-100	-100
7	171	-100	-100
7	482	-100	-100
7	410	-100	-100
7	55	-100	-100
7	369	-100	-100
7	173	-100	-100
7	64	-100	-100
7	262	-100	-100
7	325	-100	-100
7	244	-100	-100
7	105	-100	-100
7	205	-100	-100
7	328	-100	-100
7	14	-100	-100
7	90	-100	-100
7	433	-100	-100
7	136	-100	-100
7	384	-100	-100
2	381	-100	-100
2	290	-100	-100
2	346	-100	-100
2	117	-100	-100
2	223	-100	-100
2	405	-100	-100
2	482	-100	-100
2	481	-100	-100
2	171	-100	-100
2	17	-100	-100
2	438	-100	-100
2	323	-100	-100
2	185	-100	-100
2	412	-100	-100
2	308	-100	-100
2	479	-100	-100
2	446	-100	-100
2	316	-100	-100
2	200	-100	-100
2	484	-100	-100
2	16	-100	-100
2	98	-100	-100
2	128	-100	-100
2	470	-100	-100
2	193	-100	-100
2	33	-100	-100
2	270	-100	-100
2	310	-100	-100
2	414	-100	-100
2	281	-100	-100
2	279	-100	-100
2	430	-100	-100
2	209	-100	-100
2	407	-100	-100
2	240	-100	-100
2	490	-100	-100
2	402	-100	-100
2	432	-100	-100
2	304	-100	-100
2	93	-100	-100
2	314	-100	-100
2	421	-100	-100
2	289	-100	-100
2	132	-100	-100
2	126	-100	-100
2	345	-100	-100
2	91	-100	-100
2	169	-100	-100
2	183	-100	-100
2	426	-100	-100
2	101	-100	-100
2	267	-100	-100
2	115	-100	-100
2	222	-100	-100
2	186	-100	-100
2	192	-100	-100
2	229	-100	-100
2	173	-100	-100
2	317	-100	-100
2	486	-100	-100
2	122	-100	-100
2	225	-100	-100
2	84	-100	-100
2	181	-100	-100
2	300	-100	-100
2	307	-100	-100
2	387	-100	-100
2	475	-100	-100
2	237	-100	-100
2	136	-100	-100
2	38	-100	-100
2	330	-100	-100
2	388	-100	-100
2	386	-100	-100
2	48	-100	-100
2	368	-100	-100
2	56	-100	-100
2	210	-100	-100
2	394	-100	-100
2	383	-100	-100
2	500	-100	-100
2	234	-100	-100
2	429	-100	-100
2	61	-100	-100
2	139	-100	-100
2	447	-100	-100
2	325	-100	-100
2	213	-100	-100
2	12	-100	-100
2	137	-100	-100
2	218	-100	-100
2	367	-100	-100
2	134	-100	-100
2	322	-100	-100
2	417	-100	-100
2	261	-100	-100
2	467	-100	-100
2	69	-100	-100
2	370	-100	-100
2	49	-100	-100
2	327	-100	-100
2	146	-100	-100
2	272	-100	-100
2	454	-100	-100
2	276	-100	-100
2	382	-100	-100
2	58	-100	-100
2	108	-100	-100
2	319	-100	-100
2	67	-100	-100
2	31	-100	-100
2	431	-100	-100
2	127	-100	-100
2	437	-100	-100
2	235	-100	-100
2	23	-100	-100
2	116	-100	-100
2	156	-100	-100
2	112	-100	-100
2	52	-100	-100
2	95	-100	-100
2	461	-100	-100
2	157	-100	-100
2	140	-100	-100
2	243	-100	-100
2	27	-100	-100
2	453	-100	-100
2	191	-100	-100
2	283	-100	-100
2	195	-100	-100
2	492	-100	-100
2	230	-100	-100
2	493	-100	-100
2	162	-100	-100
2	182	-100	-100
2	266	-100	-100
2	443	-100	-100
2	43	-100	-100
2	187	-100	-100
2	188	-100	-100
2	208	-100	-100
2	385	-100	-100
2	400	-100	-100
2	70	-100	-100
2	404	-100	-100
2	111	-100	-100
2	284	-100	-100
2	478	-100	-100
2	153	-100	-100
2	141	-100	-100
2	158	-100	-100
2	347	-100	-100
2	263	-100	-100
2	415	-100	-100
2	348	-100	-100
2	341	-100	-100
2	499	-100	-100
2	217	-100	-100
2	442	-100	-100
2	215	-100	-100
2	160	-100	-100
2	34	-100	-100
2	250	-100	-100
2	102	-100	-100
2	315	-100	-100
2	184	-100	-100
405	76	-100	-100
405	440	-100	-100
405	481	-100	-100
405	130	-100	-100
405	408	-100	-100
405	185	-100	-100
405	111	-100	-100
405	442	-100	-100
405	317	-100	-100
405	46	-100	-100
405	297	-100	-100
405	69	-100	-100
405	336	-100	-100
405	483	-100	-100
405	22	-100	-100
405	201	-100	-100
405	108	-100	-100
405	482	-100	-100
405	184	-100	-100
405	81	-100	-100
405	52	-100	-100
405	409	-100	-100
405	70	-100	-100
405	383	-100	-100
405	338	-100	-100
405	246	-100	-100
405	312	-100	-100
405	59	-100	-100
405	412	-100	-100
405	171	-100	-100
405	278	-100	-100
405	268	-100	-100
405	258	-100	-100
405	226	-100	-100
405	207	-100	-100
405	71	-100	-100
405	264	-100	-100
405	64	-100	-100
405	500	-100	-100
405	326	-100	-100
405	471	-100	-100
405	375	-100	-100
405	139	-100	-100
405	95	-100	-100
405	164	-100	-100
405	239	-100	-100
405	403	-100	-100
405	279	-100	-100
405	86	-100	-100
405	186	-100	-100
405	498	-100	-100
405	212	-100	-100
405	376	-100	-100
405	195	-100	-100
405	325	-100	-100
405	161	-100	-100
405	236	-100	-100
405	367	-100	-100
405	473	-100	-100
405	177	-100	-100
405	33	-100	-100
405	213	-100	-100
405	421	-100	-100
405	265	-100	-100
405	56	-100	-100
405	324	-100	-100
405	80	-100	-100
405	420	-100	-100
405	255	-100	-100
405	388	-100	-100
405	172	-100	-100
405	208	-100	-100
405	314	-100	-100
405	447	-100	-100
405	146	-100	-100
405	323	-100	-100
405	370	-100	-100
405	144	-100	-100
405	240	-100	-100
405	112	-100	-100
405	93	-100	-100
405	397	-100	-100
405	14	-100	-100
405	74	-100	-100
405	353	-100	-100
405	350	-100	-100
405	489	-100	-100
405	291	-100	-100
405	327	-100	-100
405	469	-100	-100
405	433	-100	-100
405	252	-100	-100
405	42	-100	-100
405	337	-100	-100
405	413	-100	-100
405	465	-100	-100
405	329	-100	-100
405	411	-100	-100
405	277	-100	-100
405	36	-100	-100
405	453	-100	-100
405	12	-100	-100
405	449	-100	-100
405	101	-100	-100
405	444	-100	-100
405	62	-100	-100
405	170	-100	-100
405	318	-100	-100
405	320	-100	-100
405	34	-100	-100
405	432	-100	-100
405	450	-100	-100
405	316	-100	-100
405	10	-100	-100
405	227	-100	-100
405	21	-100	-100
405	210	-100	-100
405	488	-100	-100
405	57	-100	-100
405	341	-100	-100
405	131	-100	-100
405	343	-100	-100
405	467	-100	-100
405	211	-100	-100
405	478	-100	-100
405	244	-100	-100
405	480	-100	-100
405	276	-100	-100
405	65	-100	-100
405	215	-100	-100
405	306	-100	-100
405	275	-100	-100
405	181	-100	-100
405	496	-100	-100
405	132	-100	-100
405	384	-100	-100
405	44	-100	-100
405	463	-100	-100
405	192	-100	-100
405	369	-100	-100
405	402	-100	-100
405	188	-100	-100
405	340	-100	-100
405	51	-100	-100
405	274	-100	-100
405	363	-100	-100
405	109	-100	-100
405	237	-100	-100
405	307	-100	-100
405	391	-100	-100
405	191	-100	-100
405	401	-100	-100
405	422	-100	-100
405	271	-100	-100
405	437	-100	-100
405	366	-100	-100
405	286	-100	-100
405	143	-100	-100
405	417	-100	-100
405	120	-100	-100
405	152	-100	-100
405	113	-100	-100
405	351	-100	-100
405	289	-100	-100
405	77	-100	-100
405	373	-100	-100
405	295	-100	-100
405	158	-100	-100
467	16	-100	-100
467	423	-100	-100
467	364	-100	-100
467	486	-100	-100
467	290	-100	-100
467	45	-100	-100
467	412	-100	-100
467	471	-100	-100
467	451	-100	-100
467	163	-100	-100
467	233	-100	-100
467	281	-100	-100
467	269	-100	-100
467	81	-100	-100
467	120	-100	-100
467	446	-100	-100
467	160	-100	-100
467	395	-100	-100
467	225	-100	-100
467	420	-100	-100
467	489	-100	-100
467	27	-100	-100
467	349	-100	-100
467	154	-100	-100
467	144	-100	-100
467	444	-100	-100
467	483	-100	-100
467	424	-100	-100
467	58	-100	-100
467	168	-100	-100
467	421	-100	-100
467	83	-100	-100
467	257	-100	-100
467	402	-100	-100
467	40	-100	-100
467	409	-100	-100
467	401	-100	-100
467	441	-100	-100
467	223	-100	-100
467	129	-100	-100
467	316	-100	-100
467	137	-100	-100
467	15	-100	-100
467	426	-100	-100
467	338	-100	-100
467	309	-100	-100
467	227	-100	-100
467	305	-100	-100
467	110	-100	-100
467	372	-100	-100
467	297	-100	-100
467	236	-100	-100
467	214	-100	-100
467	491	-100	-100
467	53	-100	-100
467	320	-100	-100
467	306	-100	-100
467	245	-100	-100
467	328	-100	-100
467	416	-100	-100
467	88	-100	-100
467	123	-100	-100
467	437	-100	-100
467	253	-100	-100
467	270	-100	-100
467	343	-100	-100
467	139	-100	-100
467	353	-100	-100
467	367	-100	-100
467	262	-100	-100
467	210	-100	-100
467	299	-100	-100
467	294	-100	-100
467	33	-100	-100
467	244	-100	-100
467	229	-100	-100
467	249	-100	-100
467	175	-100	-100
467	10	-100	-100
467	68	-100	-100
467	443	-100	-100
467	250	-100	-100
467	450	-100	-100
467	95	-100	-100
467	411	-100	-100
467	394	-100	-100
467	212	-100	-100
467	71	-100	-100
467	171	-100	-100
467	36	-100	-100
467	21	-100	-100
467	237	-100	-100
467	72	-100	-100
467	492	-100	-100
467	228	-100	-100
467	429	-100	-100
467	354	-100	-100
467	87	-100	-100
467	447	-100	-100
467	191	-100	-100
467	67	-100	-100
467	406	-100	-100
467	170	-100	-100
467	366	-100	-100
467	131	-100	-100
467	115	-100	-100
467	247	-100	-100
467	339	-100	-100
467	312	-100	-100
467	107	-100	-100
467	141	-100	-100
467	286	-100	-100
467	335	-100	-100
467	326	-100	-100
467	74	-100	-100
467	337	-100	-100
467	460	-100	-100
467	103	-100	-100
467	138	-100	-100
467	220	-100	-100
467	42	-100	-100
467	65	-100	-100
467	427	-100	-100
467	70	-100	-100
467	419	-100	-100
467	109	-100	-100
467	114	-100	-100
467	255	-100	-100
467	415	-100	-100
467	80	-100	-100
467	209	-100	-100
467	449	-100	-100
467	410	-100	-100
467	232	-100	-100
467	325	-100	-100
467	369	-100	-100
467	111	-100	-100
467	466	-100	-100
467	52	-100	-100
467	24	-100	-100
467	75	-100	-100
467	351	-100	-100
467	240	-100	-100
467	211	-100	-100
467	181	-100	-100
467	346	-100	-100
467	146	-100	-100
467	91	-100	-100
467	157	-100	-100
467	79	-100	-100
467	330	-100	-100
467	496	-100	-100
467	104	-100	-100
467	445	-100	-100
467	313	-100	-100
467	350	-100	-100
467	132	-100	-100
467	73	-100	-100
467	77	-100	-100
467	497	-100	-100
467	479	-100	-100
467	275	-100	-100
467	216	-100	-100
467	477	-100	-100
467	150	-100	-100
467	153	-100	-100
467	448	-100	-100
467	378	-100	-100
467	89	-100	-100
402	149	-100	-100
402	300	-100	-100
402	189	-100	-100
402	46	-100	-100
402	185	-100	-100
402	420	-100	-100
402	231	-100	-100
402	460	-100	-100
402	304	-100	-100
402	143	-100	-100
402	233	-100	-100
402	216	-100	-100
402	408	-100	-100
402	236	-100	-100
402	246	-100	-100
402	456	-100	-100
402	379	-100	-100
402	193	-100	-100
402	283	-100	-100
402	165	-100	-100
402	190	-100	-100
402	159	-100	-100
402	268	-100	-100
402	62	-100	-100
402	125	-100	-100
402	388	-100	-100
402	487	-100	-100
402	471	-100	-100
402	87	-100	-100
402	177	-100	-100
402	301	-100	-100
402	269	-100	-100
402	220	-100	-100
402	278	-100	-100
402	293	-100	-100
402	247	-100	-100
402	144	-100	-100
402	358	-100	-100
402	317	-100	-100
402	106	-100	-100
402	38	-100	-100
402	340	-100	-100
402	139	-100	-100
402	364	-100	-100
402	433	-100	-100
402	312	-100	-100
402	255	-100	-100
402	40	-100	-100
402	397	-100	-100
402	108	-100	-100
402	243	-100	-100
402	430	-100	-100
402	305	-100	-100
402	341	-100	-100
402	289	-100	-100
402	492	-100	-100
402	239	-100	-100
402	133	-100	-100
402	324	-100	-100
402	138	-100	-100
402	55	-100	-100
402	226	-100	-100
402	444	-100	-100
402	195	-100	-100
402	429	-100	-100
402	489	-100	-100
402	338	-100	-100
402	58	-100	-100
402	354	-100	-100
402	412	-100	-100
402	75	-100	-100
402	167	-100	-100
402	476	-100	-100
402	182	-100	-100
402	373	-100	-100
402	179	-100	-100
402	393	-100	-100
402	306	-100	-100
402	74	-100	-100
402	171	-100	-100
402	99	-100	-100
402	251	-100	-100
402	459	-100	-100
402	54	-100	-100
402	51	-100	-100
402	418	-100	-100
402	53	-100	-100
402	130	-100	-100
402	281	-100	-100
402	387	-100	-100
402	365	-100	-100
402	399	-100	-100
402	21	-100	-100
402	132	-100	-100
402	491	-100	-100
402	10	-100	-100
402	396	-100	-100
402	56	-100	-100
402	372	-100	-100
402	481	-100	-100
402	199	-100	-100
402	91	-100	-100
402	272	-100	-100
402	203	-100	-100
402	178	-100	-100
402	222	-100	-100
402	308	-100	-100
402	285	-100	-100
402	270	-100	-100
402	295	-100	-100
402	88	-100	-100
402	477	-100	-100
402	22	-100	-100
402	76	-100	-100
402	69	-100	-100
402	369	-100	-100
402	90	-100	-100
402	361	-100	-100
402	309	-100	-100
402	150	-100	-100
402	440	-100	-100
402	449	-100	-100
402	197	-100	-100
402	39	-100	-100
402	156	-100	-100
402	333	-100	-100
402	34	-100	-100
402	377	-100	-100
402	346	-100	-100
402	275	-100	-100
402	110	-100	-100
402	93	-100	-100
402	245	-100	-100
402	409	-100	-100
402	95	-100	-100
402	101	-100	-100
402	431	-100	-100
402	286	-100	-100
402	61	-100	-100
402	20	-100	-100
402	217	-100	-100
402	368	-100	-100
402	390	-100	-100
402	404	-100	-100
402	490	-100	-100
402	345	-100	-100
402	321	-100	-100
402	389	-100	-100
402	385	-100	-100
402	455	-100	-100
402	265	-100	-100
402	310	-100	-100
402	260	-100	-100
402	43	-100	-100
402	175	-100	-100
402	483	-100	-100
402	466	-100	-100
402	147	-100	-100
402	416	-100	-100
402	219	-100	-100
402	494	-100	-100
402	66	-100	-100
402	375	-100	-100
402	417	-100	-100
402	330	-100	-100
402	113	-100	-100
402	474	-100	-100
402	210	-100	-100
171	131	-100	-100
171	45	-100	-100
171	116	-100	-100
171	144	-100	-100
171	368	-100	-100
171	313	-100	-100
171	222	-100	-100
171	214	-100	-100
171	225	-100	-100
171	430	-100	-100
171	173	-100	-100
171	310	-100	-100
171	265	-100	-100
171	159	-100	-100
171	184	-100	-100
171	297	-100	-100
171	111	-100	-100
171	151	-100	-100
171	447	-100	-100
171	121	-100	-100
171	431	-100	-100
171	394	-100	-100
171	349	-100	-100
171	136	-100	-100
171	338	-100	-100
171	231	-100	-100
171	347	-100	-100
171	226	-100	-100
171	488	-100	-100
171	294	-100	-100
171	189	-100	-100
171	434	-100	-100
171	24	-100	-100
171	239	-100	-100
171	118	-100	-100
171	357	-100	-100
171	262	-100	-100
171	172	-100	-100
171	200	-100	-100
171	256	-100	-100
171	79	-100	-100
171	361	-100	-100
171	14	-100	-100
171	217	-100	-100
171	233	-100	-100
171	323	-100	-100
171	270	-100	-100
171	84	-100	-100
171	257	-100	-100
171	468	-100	-100
171	130	-100	-100
171	156	-100	-100
171	100	-100	-100
171	497	-100	-100
171	32	-100	-100
171	205	-100	-100
171	44	-100	-100
171	73	-100	-100
171	229	-100	-100
171	39	-100	-100
171	433	-100	-100
171	391	-100	-100
171	331	-100	-100
171	350	-100	-100
171	234	-100	-100
171	477	-100	-100
171	129	-100	-100
171	139	-100	-100
171	380	-100	-100
171	67	-100	-100
171	11	-100	-100
171	196	-100	-100
171	320	-100	-100
171	92	-100	-100
171	138	-100	-100
171	161	-100	-100
171	356	-100	-100
171	61	-100	-100
171	381	-100	-100
171	383	-100	-100
171	38	-100	-100
171	169	-100	-100
171	416	-100	-100
171	372	-100	-100
171	77	-100	-100
171	242	-100	-100
171	10	-100	-100
171	213	-100	-100
171	387	-100	-100
171	392	-100	-100
171	134	-100	-100
171	219	-100	-100
171	475	-100	-100
171	215	-100	-100
171	164	-100	-100
171	308	-100	-100
171	109	-100	-100
171	80	-100	-100
171	281	-100	-100
171	157	-100	-100
171	300	-100	-100
171	325	-100	-100
171	107	-100	-100
171	57	-100	-100
171	305	-100	-100
171	201	-100	-100
171	378	-100	-100
171	97	-100	-100
171	115	-100	-100
171	185	-100	-100
171	276	-100	-100
171	208	-100	-100
171	414	-100	-100
171	33	-100	-100
171	220	-100	-100
171	469	-100	-100
171	128	-100	-100
171	251	-100	-100
171	54	-100	-100
171	286	-100	-100
171	22	-100	-100
171	104	-100	-100
171	103	-100	-100
171	186	-100	-100
171	15	-100	-100
171	327	-100	-100
171	471	-100	-100
171	187	-100	-100
171	60	-100	-100
171	62	-100	-100
171	326	-100	-100
171	474	-100	-100
171	446	-100	-100
171	191	-100	-100
171	241	-100	-100
171	439	-100	-100
171	406	-100	-100
171	23	-100	-100
171	492	-100	-100
171	140	-100	-100
171	86	-100	-100
171	397	-100	-100
171	243	-100	-100
171	346	-100	-100
171	334	-100	-100
171	43	-100	-100
171	255	-100	-100
171	91	-100	-100
171	363	-100	-100
171	448	-100	-100
171	232	-100	-100
171	371	-100	-100
171	337	-100	-100
171	9	-100	-100
171	48	-100	-100
171	34	-100	-100
171	193	-100	-100
171	58	-100	-100
171	244	-100	-100
171	306	-100	-100
171	98	-100	-100
171	260	-100	-100
171	479	-100	-100
171	245	-100	-100
171	374	-100	-100
171	496	-100	-100
171	90	-100	-100
337	105	-100	-100
337	417	-100	-100
337	76	-100	-100
337	430	-100	-100
337	106	-100	-100
337	78	-100	-100
337	138	-100	-100
337	310	-100	-100
337	455	-100	-100
337	499	-100	-100
337	340	-100	-100
337	259	-100	-100
337	32	-100	-100
337	92	-100	-100
337	343	-100	-100
337	18	-100	-100
337	334	-100	-100
337	449	-100	-100
337	389	-100	-100
337	207	-100	-100
337	395	-100	-100
337	371	-100	-100
337	243	-100	-100
337	126	-100	-100
337	136	-100	-100
337	276	-100	-100
337	177	-100	-100
337	464	-100	-100
337	404	-100	-100
337	202	-100	-100
337	317	-100	-100
337	145	-100	-100
337	143	-100	-100
337	274	-100	-100
337	206	-100	-100
337	403	-100	-100
337	325	-100	-100
337	44	-100	-100
337	426	-100	-100
337	296	-100	-100
337	269	-100	-100
337	155	-100	-100
337	88	-100	-100
337	284	-100	-100
337	132	-100	-100
337	110	-100	-100
337	96	-100	-100
337	248	-100	-100
337	264	-100	-100
337	438	-100	-100
337	355	-100	-100
337	140	-100	-100
337	459	-100	-100
337	212	-100	-100
337	470	-100	-100
337	12	-100	-100
337	83	-100	-100
337	227	-100	-100
337	41	-100	-100
337	14	-100	-100
337	374	-100	-100
337	385	-100	-100
337	263	-100	-100
337	107	-100	-100
337	70	-100	-100
337	279	-100	-100
337	347	-100	-100
337	135	-100	-100
337	95	-100	-100
337	370	-100	-100
337	425	-100	-100
337	91	-100	-100
337	149	-100	-100
337	413	-100	-100
337	216	-100	-100
337	245	-100	-100
337	478	-100	-100
337	53	-100	-100
337	130	-100	-100
337	375	-100	-100
337	460	-100	-100
337	280	-100	-100
337	123	-100	-100
337	167	-100	-100
337	231	-100	-100
337	447	-100	-100
337	260	-100	-100
337	125	-100	-100
337	319	-100	-100
337	465	-100	-100
337	172	-100	-100
337	312	-100	-100
337	409	-100	-100
337	213	-100	-100
337	152	-100	-100
337	46	-100	-100
337	311	-100	-100
337	401	-100	-100
337	20	-100	-100
337	214	-100	-100
337	175	-100	-100
337	266	-100	-100
337	422	-100	-100
337	429	-100	-100
337	205	-100	-100
337	348	-100	-100
337	433	-100	-100
337	180	-100	-100
337	157	-100	-100
337	99	-100	-100
337	452	-100	-100
337	327	-100	-100
337	73	-100	-100
337	345	-100	-100
337	435	-100	-100
337	166	-100	-100
337	146	-100	-100
337	226	-100	-100
337	454	-100	-100
337	451	-100	-100
337	33	-100	-100
337	77	-100	-100
337	293	-100	-100
337	444	-100	-100
337	221	-100	-100
337	304	-100	-100
337	318	-100	-100
337	354	-100	-100
337	424	-100	-100
337	342	-100	-100
337	196	-100	-100
337	272	-100	-100
337	119	-100	-100
337	442	-100	-100
337	51	-100	-100
337	124	-100	-100
337	407	-100	-100
337	436	-100	-100
337	111	-100	-100
337	352	-100	-100
337	473	-100	-100
337	198	-100	-100
337	200	-100	-100
337	392	-100	-100
337	367	-100	-100
337	38	-100	-100
337	277	-100	-100
337	258	-100	-100
337	82	-100	-100
337	229	-100	-100
337	128	-100	-100
337	241	-100	-100
337	443	-100	-100
337	186	-100	-100
337	208	-100	-100
337	487	-100	-100
337	87	-100	-100
337	9	-100	-100
337	194	-100	-100
337	278	-100	-100
337	485	-100	-100
337	349	-100	-100
337	114	-100	-100
337	148	-100	-100
337	61	-100	-100
337	210	-100	-100
337	137	-100	-100
132	335	-100	-100
132	133	-100	-100
132	460	-100	-100
132	423	-100	-100
132	226	-100	-100
132	131	-100	-100
132	75	-100	-100
132	119	-100	-100
132	100	-100	-100
132	12	-100	-100
132	353	-100	-100
132	374	-100	-100
132	282	-100	-100
132	149	-100	-100
132	320	-100	-100
132	298	-100	-100
132	190	-100	-100
132	242	-100	-100
132	329	-100	-100
132	332	-100	-100
132	164	-100	-100
132	234	-100	-100
132	129	-100	-100
132	420	-100	-100
132	348	-100	-100
132	436	-100	-100
132	485	-100	-100
132	107	-100	-100
132	321	-100	-100
132	354	-100	-100
132	106	-100	-100
132	168	-100	-100
132	82	-100	-100
132	404	-100	-100
132	313	-100	-100
132	492	-100	-100
132	259	-100	-100
132	300	-100	-100
132	202	-100	-100
132	369	-100	-100
132	98	-100	-100
132	146	-100	-100
132	380	-100	-100
132	151	-100	-100
132	18	-100	-100
132	208	-100	-100
132	85	-100	-100
132	352	-100	-100
132	391	-100	-100
132	394	-100	-100
132	366	-100	-100
132	382	-100	-100
132	73	-100	-100
132	79	-100	-100
132	444	-100	-100
132	272	-100	-100
132	138	-100	-100
132	192	-100	-100
132	306	-100	-100
132	280	-100	-100
132	273	-100	-100
132	292	-100	-100
132	324	-100	-100
132	499	-100	-100
132	183	-100	-100
132	238	-100	-100
132	461	-100	-100
132	105	-100	-100
132	22	-100	-100
132	61	-100	-100
132	419	-100	-100
132	67	-100	-100
132	433	-100	-100
132	157	-100	-100
132	45	-100	-100
132	94	-100	-100
132	325	-100	-100
132	443	-100	-100
132	432	-100	-100
132	484	-100	-100
132	69	-100	-100
132	330	-100	-100
132	210	-100	-100
132	318	-100	-100
132	158	-100	-100
132	235	-100	-100
132	406	-100	-100
132	72	-100	-100
132	440	-100	-100
132	218	-100	-100
132	241	-100	-100
132	276	-100	-100
132	141	-100	-100
132	359	-100	-100
132	472	-100	-100
132	252	-100	-100
132	474	-100	-100
132	44	-100	-100
132	59	-100	-100
132	487	-100	-100
132	429	-100	-100
132	301	-100	-100
132	116	-100	-100
132	438	-100	-100
132	364	-100	-100
132	177	-100	-100
132	41	-100	-100
132	188	-100	-100
132	340	-100	-100
132	70	-100	-100
132	186	-100	-100
132	439	-100	-100
132	310	-100	-100
132	296	-100	-100
132	140	-100	-100
132	21	-100	-100
132	142	-100	-100
132	480	-100	-100
132	379	-100	-100
132	449	-100	-100
132	297	-100	-100
132	247	-100	-100
132	266	-100	-100
132	290	-100	-100
132	427	-100	-100
132	121	-100	-100
132	303	-100	-100
132	357	-100	-100
132	162	-100	-100
132	346	-100	-100
132	350	-100	-100
132	204	-100	-100
132	49	-100	-100
132	248	-100	-100
132	333	-100	-100
132	339	-100	-100
132	115	-100	-100
132	343	-100	-100
132	143	-100	-100
132	153	-100	-100
132	284	-100	-100
132	384	-100	-100
132	336	-100	-100
132	214	-100	-100
132	442	-100	-100
132	431	-100	-100
132	199	-100	-100
132	334	-100	-100
132	437	-100	-100
132	283	-100	-100
132	462	-100	-100
132	367	-100	-100
132	372	-100	-100
132	102	-100	-100
132	428	-100	-100
132	104	-100	-100
132	411	-100	-100
132	42	-100	-100
132	295	-100	-100
132	37	-100	-100
132	262	-100	-100
132	294	-100	-100
132	233	-100	-100
132	244	-100	-100
132	299	-100	-100
132	196	-100	-100
433	226	-100	-100
433	95	-100	-100
433	375	-100	-100
433	12	-100	-100
433	241	-100	-100
433	223	-100	-100
433	16	-100	-100
433	27	-100	-100
433	108	-100	-100
433	207	-100	-100
433	151	-100	-100
433	256	-100	-100
433	201	-100	-100
433	319	-100	-100
433	479	-100	-100
433	157	-100	-100
433	457	-100	-100
433	399	-100	-100
433	190	-100	-100
433	343	-100	-100
433	42	-100	-100
433	146	-100	-100
433	388	-100	-100
433	249	-100	-100
433	378	-100	-100
433	174	-100	-100
433	140	-100	-100
433	89	-100	-100
433	350	-100	-100
433	364	-100	-100
433	193	-100	-100
433	83	-100	-100
433	88	-100	-100
433	493	-100	-100
433	49	-100	-100
433	393	-100	-100
433	72	-100	-100
433	385	-100	-100
433	362	-100	-100
433	436	-100	-100
433	395	-100	-100
433	482	-100	-100
433	426	-100	-100
433	418	-100	-100
433	251	-100	-100
433	458	-100	-100
433	166	-100	-100
433	156	-100	-100
433	345	-100	-100
433	159	-100	-100
433	115	-100	-100
433	92	-100	-100
433	389	-100	-100
433	120	-100	-100
433	186	-100	-100
433	498	-100	-100
433	447	-100	-100
433	61	-100	-100
433	64	-100	-100
433	355	-100	-100
433	85	-100	-100
433	430	-100	-100
433	285	-100	-100
433	414	-100	-100
433	29	-100	-100
433	209	-100	-100
433	63	-100	-100
433	450	-100	-100
433	210	-100	-100
433	265	-100	-100
433	391	-100	-100
433	176	-100	-100
433	148	-100	-100
433	112	-100	-100
433	17	-100	-100
433	260	-100	-100
433	117	-100	-100
433	56	-100	-100
433	238	-100	-100
433	268	-100	-100
433	318	-100	-100
433	492	-100	-100
433	93	-100	-100
433	22	-100	-100
433	401	-100	-100
433	114	-100	-100
433	110	-100	-100
433	468	-100	-100
433	181	-100	-100
433	234	-100	-100
433	310	-100	-100
433	106	-100	-100
433	382	-100	-100
433	321	-100	-100
433	139	-100	-100
433	379	-100	-100
433	54	-100	-100
433	481	-100	-100
433	356	-100	-100
433	448	-100	-100
433	195	-100	-100
433	77	-100	-100
433	351	-100	-100
433	200	-100	-100
433	470	-100	-100
433	96	-100	-100
433	384	-100	-100
433	415	-100	-100
433	162	-100	-100
433	52	-100	-100
433	24	-100	-100
433	211	-100	-100
433	37	-100	-100
433	240	-100	-100
433	488	-100	-100
433	199	-100	-100
433	406	-100	-100
433	78	-100	-100
433	286	-100	-100
433	280	-100	-100
433	235	-100	-100
433	489	-100	-100
433	397	-100	-100
433	121	-100	-100
433	344	-100	-100
433	59	-100	-100
433	463	-100	-100
433	230	-100	-100
433	177	-100	-100
433	369	-100	-100
433	305	-100	-100
433	421	-100	-100
433	203	-100	-100
433	245	-100	-100
433	31	-100	-100
433	303	-100	-100
433	67	-100	-100
433	66	-100	-100
433	381	-100	-100
433	180	-100	-100
433	239	-100	-100
433	404	-100	-100
433	57	-100	-100
433	383	-100	-100
433	60	-100	-100
433	442	-100	-100
433	349	-100	-100
433	274	-100	-100
433	74	-100	-100
433	9	-100	-100
433	359	-100	-100
433	282	-100	-100
433	416	-100	-100
433	306	-100	-100
433	440	-100	-100
433	26	-100	-100
433	459	-100	-100
433	236	-100	-100
433	332	-100	-100
433	227	-100	-100
433	179	-100	-100
433	403	-100	-100
433	39	-100	-100
433	84	-100	-100
433	107	-100	-100
210	64	-100	-100
210	225	-100	-100
210	170	-100	-100
210	153	-100	-100
210	90	-100	-100
210	52	-100	-100
210	121	-100	-100
210	262	-100	-100
210	437	-100	-100
210	232	-100	-100
210	190	-100	-100
210	381	-100	-100
210	65	-100	-100
210	123	-100	-100
210	99	-100	-100
210	417	-100	-100
210	173	-100	-100
210	497	-100	-100
210	54	-100	-100
210	344	-100	-100
210	328	-100	-100
210	229	-100	-100
210	314	-100	-100
210	287	-100	-100
210	188	-100	-100
210	150	-100	-100
210	222	-100	-100
210	457	-100	-100
210	460	-100	-100
210	486	-100	-100
210	491	-100	-100
210	424	-100	-100
210	482	-100	-100
210	160	-100	-100
210	415	-100	-100
210	73	-100	-100
210	469	-100	-100
210	207	-100	-100
210	110	-100	-100
210	146	-100	-100
210	155	-100	-100
210	221	-100	-100
210	159	-100	-100
210	106	-100	-100
210	240	-100	-100
210	25	-100	-100
210	85	-100	-100
210	333	-100	-100
210	46	-100	-100
210	440	-100	-100
210	419	-100	-100
210	485	-100	-100
210	63	-100	-100
210	292	-100	-100
210	401	-100	-100
210	267	-100	-100
210	191	-100	-100
210	143	-100	-100
210	426	-100	-100
210	15	-100	-100
210	109	-100	-100
210	122	-100	-100
210	220	-100	-100
210	36	-100	-100
210	321	-100	-100
210	442	-100	-100
210	365	-100	-100
210	302	-100	-100
210	112	-100	-100
210	326	-100	-100
210	311	-100	-100
210	324	-100	-100
210	479	-100	-100
210	396	-100	-100
210	370	-100	-100
210	304	-100	-100
210	364	-100	-100
210	91	-100	-100
210	296	-100	-100
210	250	-100	-100
210	484	-100	-100
210	349	-100	-100
210	498	-100	-100
210	183	-100	-100
210	455	-100	-100
210	174	-100	-100
210	411	-100	-100
210	182	-100	-100
210	227	-100	-100
210	216	-100	-100
210	38	-100	-100
210	376	-100	-100
210	158	-100	-100
210	468	-100	-100
210	93	-100	-100
210	270	-100	-100
210	284	-100	-100
210	268	-100	-100
210	108	-100	-100
210	243	-100	-100
210	37	-100	-100
210	382	-100	-100
210	75	-100	-100
210	418	-100	-100
210	318	-100	-100
210	291	-100	-100
210	431	-100	-100
210	214	-100	-100
210	28	-100	-100
210	213	-100	-100
210	463	-100	-100
210	86	-100	-100
210	367	-100	-100
210	273	-100	-100
210	134	-100	-100
210	361	-100	-100
210	169	-100	-100
210	133	-100	-100
210	105	-100	-100
210	233	-100	-100
210	257	-100	-100
210	378	-100	-100
210	53	-100	-100
210	84	-100	-100
210	80	-100	-100
210	385	-100	-100
210	388	-100	-100
210	206	-100	-100
210	30	-100	-100
210	406	-100	-100
210	454	-100	-100
210	41	-100	-100
210	237	-100	-100
210	74	-100	-100
210	195	-100	-100
210	103	-100	-100
210	164	-100	-100
210	149	-100	-100
210	215	-100	-100
210	212	-100	-100
210	403	-100	-100
210	89	-100	-100
210	282	-100	-100
210	384	-100	-100
210	211	-100	-100
210	425	-100	-100
210	420	-100	-100
210	79	-100	-100
210	404	-100	-100
210	444	-100	-100
210	264	-100	-100
210	412	-100	-100
210	248	-100	-100
210	147	-100	-100
210	172	-100	-100
210	51	-100	-100
210	234	-100	-100
210	32	-100	-100
210	301	-100	-100
210	322	-100	-100
210	315	-100	-100
210	488	-100	-100
210	88	-100	-100
210	357	-100	-100
210	356	-100	-100
226	232	-100	-100
33	196	-100	-100
177	235	-100	-100
310	212	-100	-100
146	48	-100	-100
22	18	-100	-100
191	341	-100	-100
212	108	-100	-100
108	92	-100	-100
325	383	-100	-100
235	98	-100	-100
447	234	-100	-100
140	470	-100	-100
140	131	-100	-100
369	247	-100	-100
369	102	-100	-100
107	330	-100	-100
107	241	-100	-100
488	272	-100	-100
90	307	-100	-100
115	491	-100	-100
321	81	-100	-100
73	167	-100	-100
491	101	-100	-100
341	322	-100	-100
59	295	-100	-100
316	280	-100	-100
136	126	-100	-100
305	231	-100	-100
218	394	-100	-100
479	239	-100	-100
209	481	-100	-100
297	30	-100	-100
375	352	-100	-100
104	178	-100	-100
82	134	-100	-100
329	352	-100	-100
89	94	-100	-100
461	465	-100	-100
499	260	-100	-100
134	475	-100	-100
363	293	-100	-100
220	150	-100	-100
428	345	-100	-100
9	135	-100	-100
75	251	-100	-100
312	249	-100	-100
294	284	-100	-100
216	135	-100	-100
147	180	-100	-100
410	339	-100	-100
441	302	-100	-100
97	187	-100	-100
377	96	-100	-100
23	123	-100	-100
127	145	-100	-100
373	358	-100	-100
376	228	-100	-100
201	165	-100	-100
174	464	-100	-100
335	180	-100	-100
480	168	-100	-100
362	176	-100	-100
408	15	-100	-100
314	198	-100	-100
31	454	-100	-100
466	267	-100	-100
40	456	-100	-100
202	161	-100	-100
298	309	-100	-100
396	148	-100	-100
392	419	-100	-100
120	342	-100	-100
246	425	-100	-100
389	490	-100	-100
456	119	-100	-100
450	25	-100	-100
66	292	-100	-100
194	175	-100	-100
277	432	-100	-100
71	493	-100	-100
413	13	-100	-100
253	261	-100	-100
83	204	-100	-100
166	494	-100	-100
371	198	-100	-100
161	476	-100	-100
366	55	-100	-100
187	228	-100	-100
85	118	-100	-100
219	398	-100	-100
152	342	-100	-100
206	224	-100	-100
26	68	-100	-100
224	287	-100	-100
452	458	-100	-100
287	495	-100	-100
400	462	-100	-100
230	435	-100	-100
398	19	-100	-100
435	358	-100	-100
259	254	-100	-100
273	50	-100	-100
254	288	-100	-100
476	473	-100	-100
238	472	-100	-100
494	11	-100	-100
125	271	-100	-100
29	495	-100	-100
30	288	-100	-100
25	472	-100	-100
271	47	-100	-100
495	47	-100	-100
47	35	-100	-100
35	258	-100	-100
35	37	-100	-100
162	232	-100	-100
296	344	-100	-100
445	128	-100	-100
387	126	-100	-100
459	151	-100	-100
451	379	-100	-100
100	114	-100	-100
365	484	-100	-100
299	163	-100	-100
142	20	-100	-100
160	81	-100	-100
248	421	-100	-100
263	105	-100	-100
279	252	-100	-100
200	133	-100	-100
