500
2105
2
1	2	2	5
1	3	6	4
1	4	6	2
1	5	9	7
1	6	7	9
1	7	9	3
1	8	7	4
1	9	8	4
1	10	5	3
1	11	8	2
1	12	3	2
1	13	8	10
1	14	8	1
1	15	1	5
1	16	8	2
1	17	1	2
1	18	10	8
1	19	5	1
1	20	6	8
1	21	7	8
1	22	3	9
1	23	2	7
1	24	7	6
1	25	10	8
1	26	8	4
1	27	5	9
1	28	9	2
1	29	1	8
1	30	1	9
1	31	9	4
1	32	5	10
1	33	9	5
1	34	3	7
1	35	8	3
1	36	7	8
1	37	9	6
1	38	3	10
1	39	10	9
1	40	5	2
1	41	9	3
1	42	4	6
1	43	3	2
1	44	7	1
1	45	10	3
1	46	9	7
1	47	10	9
1	48	2	3
1	49	5	3
1	50	7	2
1	51	4	1
1	52	6	3
1	53	6	8
1	54	6	3
1	55	6	7
1	56	8	2
1	57	9	7
1	58	2	9
1	59	7	6
1	60	6	1
1	61	9	5
1	62	7	4
1	63	1	2
1	64	10	7
1	65	1	6
1	66	7	5
1	67	1	10
1	68	9	6
1	69	10	1
1	70	10	4
1	71	2	8
1	72	6	7
2	73	8	7
2	74	9	10
2	75	8	3
2	76	4	10
2	77	3	2
2	78	3	5
2	79	7	10
3	80	10	7
3	81	1	9
3	82	6	7
3	83	4	10
3	84	9	6
3	85	1	6
3	86	10	3
3	87	1	5
3	88	1	8
3	89	6	5
3	90	10	7
3	91	3	8
3	92	9	3
3	93	7	6
3	94	2	3
3	95	2	3
3	96	10	1
3	97	2	5
3	98	9	4
3	99	5	4
3	100	8	5
3	101	3	4
3	102	9	6
3	103	9	10
3	104	2	5
3	105	6	9
3	106	6	1
3	107	7	2
3	108	9	2
3	109	3	5
3	110	6	9
3	111	3	9
3	112	2	3
3	113	6	5
3	114	5	3
3	115	8	9
3	116	6	1
3	117	7	1
3	118	4	2
3	119	4	9
3	120	2	9
3	121	5	6
3	122	6	9
3	123	9	7
3	124	4	1
3	125	4	5
3	126	6	1
3	127	10	5
3	128	7	6
3	129	8	10
3	130	2	9
3	131	7	10
3	132	3	9
3	133	9	3
3	134	4	6
3	135	1	8
3	136	2	1
3	137	4	6
3	138	7	1
3	139	3	7
3	140	1	4
3	141	6	10
3	142	5	1
3	143	1	6
3	144	6	5
3	145	3	4
3	146	5	9
3	147	3	9
3	148	4	1
3	149	10	6
3	150	5	1
3	151	2	6
3	152	8	4
3	153	10	1
3	154	4	6
3	155	8	5
3	156	2	7
3	157	8	9
3	158	10	9
3	159	9	5
3	160	5	1
3	161	6	7
3	162	4	5
3	163	7	4
3	164	4	10
3	165	4	9
3	166	7	8
3	167	3	9
3	168	2	6
3	169	5	10
4	170	4	2
4	171	10	2
4	172	10	2
4	173	4	3
4	174	8	3
4	175	7	1
4	176	2	9
4	177	7	4
4	178	1	7
4	179	1	7
4	180	6	3
4	181	6	5
4	182	1	5
4	183	1	6
4	184	8	6
4	185	3	2
4	186	5	6
4	187	6	1
4	188	2	8
4	189	3	8
4	190	8	10
4	191	8	10
4	192	7	4
4	193	1	8
4	194	7	4
4	195	3	1
4	196	4	5
4	197	5	4
4	198	4	2
4	199	2	8
4	200	9	2
4	201	1	3
4	202	8	1
4	203	1	5
4	204	3	6
4	205	9	5
5	206	2	8
5	207	1	7
5	208	5	3
5	209	6	7
5	210	8	6
5	211	9	3
5	212	8	3
5	213	9	2
5	214	6	4
5	215	3	7
5	216	5	8
5	217	3	10
5	218	5	10
5	219	4	10
5	220	8	1
5	221	6	2
5	222	2	6
5	223	4	8
5	224	1	7
5	225	2	3
5	226	1	6
5	227	2	7
5	228	6	7
5	229	10	1
5	230	2	4
5	231	5	9
5	232	9	6
5	233	10	7
5	234	10	8
5	235	9	5
5	236	7	3
5	237	4	3
5	238	5	1
5	239	3	7
5	240	6	7
5	241	6	8
5	242	3	7
5	243	1	5
5	244	10	2
5	245	4	5
5	246	5	4
5	33	1	3
5	247	4	1
5	248	4	5
5	249	5	9
5	250	8	4
5	251	2	10
5	252	5	1
5	253	5	2
5	254	2	3
5	255	5	2
5	256	8	6
5	257	5	6
5	258	2	10
5	259	6	8
5	260	5	7
5	261	10	2
5	262	8	6
5	263	2	5
5	264	7	3
5	265	6	4
5	266	7	9
5	267	6	3
5	268	7	5
5	269	7	10
5	270	8	2
5	271	2	6
5	272	2	6
5	273	8	3
5	274	9	8
5	275	2	3
5	276	5	8
5	277	2	6
5	278	5	10
5	279	5	4
5	280	5	3
5	281	9	1
5	282	10	3
5	283	5	9
5	284	2	1
5	285	5	6
5	286	6	1
5	287	7	4
6	288	6	3
6	289	4	10
6	290	1	6
6	291	4	6
6	292	1	2
6	293	2	8
6	294	2	10
6	295	4	8
6	296	6	7
6	297	10	9
6	298	2	8
6	299	4	1
6	300	6	8
6	301	6	1
6	302	8	3
6	303	2	3
6	304	8	9
6	305	8	1
6	306	2	8
6	307	4	5
6	308	8	5
6	309	10	9
6	310	2	3
6	311	1	8
6	312	3	10
6	313	2	1
6	314	1	8
6	315	2	8
6	316	10	4
6	317	7	8
6	318	10	5
6	319	1	7
6	320	5	1
6	321	5	8
6	322	2	3
6	323	7	5
6	324	6	8
6	325	6	5
6	326	6	4
6	327	10	2
6	328	9	10
6	329	4	2
6	330	2	9
6	8	3	8
6	331	5	4
6	332	6	3
6	333	10	3
6	334	9	2
6	335	7	3
6	336	10	8
6	337	6	2
6	10	2	1
6	338	6	7
6	339	7	4
6	340	6	4
6	341	3	7
6	342	9	7
6	343	7	1
6	344	5	8
6	345	8	7
6	346	9	6
6	347	2	10
6	348	8	9
6	349	8	7
6	350	4	3
6	351	10	5
6	14	3	5
6	352	8	4
6	353	10	3
6	354	6	3
6	355	2	7
6	356	5	10
6	357	10	6
6	358	9	5
6	179	6	10
6	359	9	3
6	360	10	5
6	361	2	6
6	362	10	8
6	363	9	7
6	364	1	4
6	239	10	6
6	365	2	1
6	366	1	7
6	367	4	2
6	368	8	9
6	369	6	10
6	22	1	2
6	370	9	1
6	371	7	1
6	372	9	5
6	373	8	1
6	374	6	10
6	375	5	4
6	376	8	5
6	377	1	2
6	378	6	4
6	379	3	7
6	380	3	8
6	381	10	1
6	382	4	9
6	383	2	5
6	384	7	3
6	242	5	7
6	385	2	1
6	386	10	8
6	387	10	1
6	388	10	4
6	389	9	4
6	390	5	4
6	391	9	5
6	33	6	7
6	392	2	4
6	393	7	3
6	394	3	5
6	395	1	10
6	396	3	4
6	397	6	8
6	398	6	4
6	399	2	4
6	400	7	10
6	401	9	2
6	402	2	7
6	403	9	2
6	404	5	8
6	405	8	5
6	406	8	10
6	407	2	6
6	408	7	2
6	42	1	5
6	409	2	6
6	410	2	8
6	411	1	5
6	412	6	3
6	413	3	8
6	414	6	9
6	415	2	3
6	416	5	1
6	43	6	2
6	417	5	9
6	418	8	10
6	419	8	1
6	420	3	10
6	421	8	4
6	422	8	6
6	423	3	5
6	424	6	3
6	425	1	7
6	426	8	1
6	427	8	1
6	428	2	1
6	429	7	3
6	430	5	9
6	431	1	4
6	432	8	10
6	433	1	6
6	434	8	7
6	435	9	8
6	436	8	5
6	437	10	7
6	438	8	7
6	439	2	9
6	440	5	10
6	441	9	5
6	442	4	5
6	443	6	8
6	444	7	8
6	445	6	1
6	446	5	3
6	447	1	7
6	448	3	4
6	449	7	5
6	450	2	7
6	451	4	6
7	452	6	2
7	453	1	5
7	454	8	6
7	455	7	8
7	456	3	4
7	457	2	7
7	458	3	8
7	459	10	1
7	460	6	1
7	461	7	4
7	462	2	7
7	463	10	3
7	464	2	10
7	33	8	9
7	465	5	4
7	466	4	9
7	467	6	2
7	56	6	7
7	468	3	2
7	469	3	1
7	470	8	3
7	471	6	7
8	472	10	7
8	473	3	7
8	474	10	7
8	475	5	1
8	476	7	4
8	477	9	2
8	478	9	2
8	479	7	8
8	480	4	7
8	481	1	7
8	482	10	9
8	483	8	3
8	484	3	8
8	485	10	8
8	486	3	8
8	487	1	9
8	488	4	2
8	489	1	6
8	490	5	2
8	491	2	3
8	492	9	1
8	493	5	4
8	494	4	2
8	221	7	2
8	495	8	4
8	496	2	5
8	497	3	4
8	498	9	3
8	499	6	7
8	500	10	5
3	172	-100	-100
6	219	-100	-100
6	24	-100	-100
6	17	-100	-100
6	464	-100	-100
6	178	-100	-100
6	475	-100	-100
6	268	-100	-100
6	458	-100	-100
6	277	-100	-100
6	222	-100	-100
6	9	-100	-100
6	126	-100	-100
6	151	-100	-100
6	100	-100	-100
6	47	-100	-100
6	4	-100	-100
6	280	-100	-100
6	205	-100	-100
6	93	-100	-100
6	287	-100	-100
6	51	-100	-100
6	35	-100	-100
6	26	-100	-100
6	191	-100	-100
6	468	-100	-100
6	483	-100	-100
6	192	-100	-100
6	121	-100	-100
6	251	-100	-100
6	141	-100	-100
6	227	-100	-100
6	117	-100	-100
6	153	-100	-100
6	172	-100	-100
6	493	-100	-100
6	258	-100	-100
6	210	-100	-100
6	37	-100	-100
6	145	-100	-100
6	195	-100	-100
6	190	-100	-100
6	269	-100	-100
6	159	-100	-100
6	164	-100	-100
6	130	-100	-100
6	119	-100	-100
6	54	-100	-100
6	272	-100	-100
6	83	-100	-100
6	496	-100	-100
6	207	-100	-100
6	225	-100	-100
6	202	-100	-100
6	221	-100	-100
6	471	-100	-100
6	59	-100	-100
6	84	-100	-100
6	65	-100	-100
6	284	-100	-100
6	30	-100	-100
6	49	-100	-100
6	234	-100	-100
6	476	-100	-100
6	45	-100	-100
6	500	-100	-100
6	238	-100	-100
6	78	-100	-100
6	99	-100	-100
6	485	-100	-100
6	453	-100	-100
6	499	-100	-100
6	170	-100	-100
6	197	-100	-100
6	261	-100	-100
6	98	-100	-100
6	247	-100	-100
6	185	-100	-100
6	80	-100	-100
6	223	-100	-100
6	478	-100	-100
6	160	-100	-100
6	15	-100	-100
6	82	-100	-100
3	12	-100	-100
3	486	-100	-100
3	330	-100	-100
3	448	-100	-100
3	22	-100	-100
3	228	-100	-100
3	226	-100	-100
3	498	-100	-100
3	424	-100	-100
3	249	-100	-100
3	479	-100	-100
3	432	-100	-100
3	77	-100	-100
3	194	-100	-100
3	325	-100	-100
3	419	-100	-100
3	219	-100	-100
3	484	-100	-100
3	453	-100	-100
3	281	-100	-100
3	472	-100	-100
3	204	-100	-100
3	230	-100	-100
3	224	-100	-100
3	309	-100	-100
3	452	-100	-100
3	366	-100	-100
3	247	-100	-100
3	381	-100	-100
3	274	-100	-100
3	494	-100	-100
3	324	-100	-100
3	189	-100	-100
3	467	-100	-100
3	358	-100	-100
3	68	-100	-100
3	251	-100	-100
3	396	-100	-100
3	368	-100	-100
3	241	-100	-100
3	196	-100	-100
3	214	-100	-100
3	439	-100	-100
3	477	-100	-100
3	270	-100	-100
3	359	-100	-100
3	233	-100	-100
3	24	-100	-100
3	362	-100	-100
3	372	-100	-100
3	418	-100	-100
3	485	-100	-100
3	429	-100	-100
3	223	-100	-100
3	41	-100	-100
3	347	-100	-100
3	473	-100	-100
3	57	-100	-100
3	487	-100	-100
3	405	-100	-100
3	319	-100	-100
3	50	-100	-100
3	243	-100	-100
3	329	-100	-100
3	367	-100	-100
3	423	-100	-100
3	492	-100	-100
3	78	-100	-100
3	34	-100	-100
3	199	-100	-100
3	431	-100	-100
3	184	-100	-100
3	489	-100	-100
3	315	-100	-100
3	446	-100	-100
3	352	-100	-100
3	239	-100	-100
3	27	-100	-100
3	259	-100	-100
3	267	-100	-100
3	320	-100	-100
3	370	-100	-100
3	399	-100	-100
3	238	-100	-100
3	271	-100	-100
3	447	-100	-100
3	79	-100	-100
3	279	-100	-100
3	332	-100	-100
3	250	-100	-100
3	268	-100	-100
3	371	-100	-100
3	17	-100	-100
3	286	-100	-100
3	174	-100	-100
3	67	-100	-100
3	282	-100	-100
3	177	-100	-100
3	296	-100	-100
3	2	-100	-100
3	308	-100	-100
3	197	-100	-100
3	445	-100	-100
3	443	-100	-100
3	345	-100	-100
3	42	-100	-100
3	275	-100	-100
3	21	-100	-100
3	497	-100	-100
3	39	-100	-100
3	191	-100	-100
3	377	-100	-100
3	265	-100	-100
3	231	-100	-100
3	170	-100	-100
3	305	-100	-100
3	475	-100	-100
3	408	-100	-100
3	44	-100	-100
3	269	-100	-100
3	181	-100	-100
3	192	-100	-100
3	407	-100	-100
3	47	-100	-100
3	248	-100	-100
3	406	-100	-100
3	297	-100	-100
3	354	-100	-100
3	383	-100	-100
3	222	-100	-100
3	412	-100	-100
3	390	-100	-100
3	53	-100	-100
3	49	-100	-100
3	310	-100	-100
3	395	-100	-100
3	417	-100	-100
3	440	-100	-100
3	293	-100	-100
3	411	-100	-100
3	351	-100	-100
3	70	-100	-100
3	217	-100	-100
3	205	-100	-100
3	183	-100	-100
3	7	-100	-100
3	19	-100	-100
3	364	-100	-100
3	37	-100	-100
3	218	-100	-100
3	427	-100	-100
3	373	-100	-100
3	313	-100	-100
3	356	-100	-100
3	232	-100	-100
3	52	-100	-100
3	380	-100	-100
3	33	-100	-100
3	51	-100	-100
3	454	-100	-100
3	428	-100	-100
3	298	-100	-100
3	236	-100	-100
3	403	-100	-100
3	210	-100	-100
3	195	-100	-100
5	358	-100	-100
5	301	-100	-100
5	4	-100	-100
5	91	-100	-100
5	415	-100	-100
5	201	-100	-100
5	59	-100	-100
5	110	-100	-100
5	319	-100	-100
5	53	-100	-100
5	157	-100	-100
5	45	-100	-100
5	322	-100	-100
5	68	-100	-100
5	24	-100	-100
5	397	-100	-100
5	50	-100	-100
5	476	-100	-100
5	355	-100	-100
5	57	-100	-100
5	396	-100	-100
5	37	-100	-100
5	381	-100	-100
5	300	-100	-100
5	84	-100	-100
5	182	-100	-100
5	64	-100	-100
5	42	-100	-100
5	151	-100	-100
5	349	-100	-100
5	380	-100	-100
5	13	-100	-100
5	394	-100	-100
5	498	-100	-100
5	116	-100	-100
5	75	-100	-100
5	466	-100	-100
5	111	-100	-100
5	469	-100	-100
5	409	-100	-100
5	383	-100	-100
5	408	-100	-100
5	392	-100	-100
5	384	-100	-100
5	177	-100	-100
5	460	-100	-100
5	295	-100	-100
5	312	-100	-100
5	401	-100	-100
5	154	-100	-100
5	379	-100	-100
5	338	-100	-100
5	342	-100	-100
5	2	-100	-100
5	77	-100	-100
5	373	-100	-100
5	138	-100	-100
5	412	-100	-100
5	431	-100	-100
5	296	-100	-100
5	126	-100	-100
5	449	-100	-100
5	307	-100	-100
5	480	-100	-100
5	377	-100	-100
5	180	-100	-100
5	203	-100	-100
5	198	-100	-100
5	387	-100	-100
5	406	-100	-100
5	184	-100	-100
5	400	-100	-100
5	333	-100	-100
5	407	-100	-100
5	386	-100	-100
5	403	-100	-100
5	479	-100	-100
5	429	-100	-100
5	472	-100	-100
5	309	-100	-100
5	92	-100	-100
5	457	-100	-100
5	330	-100	-100
5	500	-100	-100
5	391	-100	-100
5	145	-100	-100
5	298	-100	-100
5	414	-100	-100
5	121	-100	-100
5	26	-100	-100
5	169	-100	-100
5	467	-100	-100
5	25	-100	-100
5	204	-100	-100
5	399	-100	-100
5	85	-100	-100
5	440	-100	-100
5	94	-100	-100
5	316	-100	-100
5	119	-100	-100
5	390	-100	-100
5	424	-100	-100
5	159	-100	-100
5	67	-100	-100
5	27	-100	-100
5	103	-100	-100
5	359	-100	-100
5	337	-100	-100
5	181	-100	-100
5	334	-100	-100
5	114	-100	-100
5	496	-100	-100
5	450	-100	-100
5	186	-100	-100
5	419	-100	-100
5	433	-100	-100
5	425	-100	-100
5	314	-100	-100
5	167	-100	-100
5	331	-100	-100
5	306	-100	-100
5	446	-100	-100
5	56	-100	-100
5	87	-100	-100
5	483	-100	-100
5	346	-100	-100
5	452	-100	-100
5	23	-100	-100
5	54	-100	-100
5	332	-100	-100
5	293	-100	-100
5	441	-100	-100
5	318	-100	-100
5	90	-100	-100
5	155	-100	-100
5	304	-100	-100
5	196	-100	-100
5	80	-100	-100
5	325	-100	-100
5	52	-100	-100
5	16	-100	-100
5	305	-100	-100
5	402	-100	-100
5	62	-100	-100
5	438	-100	-100
5	320	-100	-100
5	463	-100	-100
5	340	-100	-100
5	113	-100	-100
5	351	-100	-100
5	475	-100	-100
5	31	-100	-100
5	47	-100	-100
5	135	-100	-100
5	190	-100	-100
5	360	-100	-100
5	302	-100	-100
5	488	-100	-100
5	149	-100	-100
5	478	-100	-100
5	38	-100	-100
5	44	-100	-100
5	345	-100	-100
5	374	-100	-100
5	32	-100	-100
5	140	-100	-100
5	308	-100	-100
5	368	-100	-100
5	327	-100	-100
5	78	-100	-100
5	179	-100	-100
5	357	-100	-100
5	417	-100	-100
5	364	-100	-100
1	187	-100	-100
1	251	-100	-100
1	268	-100	-100
1	172	-100	-100
1	207	-100	-100
1	396	-100	-100
1	171	-100	-100
1	198	-100	-100
1	249	-100	-100
1	192	-100	-100
1	444	-100	-100
1	332	-100	-100
1	253	-100	-100
1	151	-100	-100
1	492	-100	-100
1	91	-100	-100
1	498	-100	-100
1	388	-100	-100
1	318	-100	-100
1	323	-100	-100
1	121	-100	-100
1	166	-100	-100
1	397	-100	-100
1	275	-100	-100
1	227	-100	-100
1	368	-100	-100
1	104	-100	-100
1	423	-100	-100
1	124	-100	-100
1	451	-100	-100
1	401	-100	-100
1	162	-100	-100
1	85	-100	-100
1	295	-100	-100
1	244	-100	-100
1	271	-100	-100
1	232	-100	-100
1	389	-100	-100
1	427	-100	-100
1	224	-100	-100
1	280	-100	-100
1	230	-100	-100
1	277	-100	-100
1	381	-100	-100
1	183	-100	-100
1	325	-100	-100
1	174	-100	-100
1	217	-100	-100
1	105	-100	-100
1	181	-100	-100
1	435	-100	-100
1	474	-100	-100
1	333	-100	-100
1	455	-100	-100
1	204	-100	-100
1	339	-100	-100
1	115	-100	-100
1	193	-100	-100
1	127	-100	-100
1	154	-100	-100
1	264	-100	-100
1	100	-100	-100
1	342	-100	-100
1	120	-100	-100
1	453	-100	-100
1	363	-100	-100
1	478	-100	-100
1	410	-100	-100
1	243	-100	-100
1	454	-100	-100
1	477	-100	-100
1	307	-100	-100
1	360	-100	-100
1	145	-100	-100
1	157	-100	-100
1	117	-100	-100
1	140	-100	-100
1	315	-100	-100
1	426	-100	-100
1	287	-100	-100
1	334	-100	-100
1	428	-100	-100
1	178	-100	-100
1	114	-100	-100
1	384	-100	-100
1	267	-100	-100
1	471	-100	-100
1	139	-100	-100
1	222	-100	-100
1	107	-100	-100
1	147	-100	-100
1	248	-100	-100
1	289	-100	-100
1	357	-100	-100
1	487	-100	-100
1	279	-100	-100
1	138	-100	-100
1	74	-100	-100
1	436	-100	-100
1	470	-100	-100
1	405	-100	-100
1	262	-100	-100
1	191	-100	-100
1	358	-100	-100
1	464	-100	-100
1	285	-100	-100
1	467	-100	-100
1	235	-100	-100
1	386	-100	-100
1	341	-100	-100
1	237	-100	-100
1	340	-100	-100
1	226	-100	-100
1	369	-100	-100
1	493	-100	-100
1	463	-100	-100
1	228	-100	-100
1	429	-100	-100
1	372	-100	-100
1	488	-100	-100
1	293	-100	-100
1	303	-100	-100
1	392	-100	-100
1	331	-100	-100
1	301	-100	-100
1	284	-100	-100
1	278	-100	-100
1	135	-100	-100
1	442	-100	-100
1	304	-100	-100
1	430	-100	-100
1	351	-100	-100
1	102	-100	-100
1	116	-100	-100
1	101	-100	-100
1	106	-100	-100
1	375	-100	-100
1	148	-100	-100
1	90	-100	-100
1	236	-100	-100
1	177	-100	-100
1	109	-100	-100
1	229	-100	-100
1	309	-100	-100
1	367	-100	-100
1	131	-100	-100
1	214	-100	-100
1	465	-100	-100
1	457	-100	-100
1	257	-100	-100
1	311	-100	-100
1	254	-100	-100
1	256	-100	-100
1	176	-100	-100
1	299	-100	-100
1	132	-100	-100
1	136	-100	-100
1	219	-100	-100
1	447	-100	-100
1	462	-100	-100
1	480	-100	-100
1	103	-100	-100
1	189	-100	-100
1	500	-100	-100
1	329	-100	-100
1	186	-100	-100
1	378	-100	-100
1	216	-100	-100
1	142	-100	-100
1	195	-100	-100
1	175	-100	-100
1	269	-100	-100
1	321	-100	-100
1	361	-100	-100
1	77	-100	-100
1	297	-100	-100
1	129	-100	-100
1	170	-100	-100
1	458	-100	-100
1	82	-100	-100
1	255	-100	-100
1	238	-100	-100
1	416	-100	-100
1	395	-100	-100
1	348	-100	-100
1	146	-100	-100
1	210	-100	-100
4	97	-100	-100
4	142	-100	-100
4	480	-100	-100
4	8	-100	-100
4	44	-100	-100
4	312	-100	-100
4	345	-100	-100
4	115	-100	-100
4	374	-100	-100
4	218	-100	-100
4	109	-100	-100
4	397	-100	-100
4	17	-100	-100
4	474	-100	-100
4	153	-100	-100
4	121	-100	-100
4	43	-100	-100
4	329	-100	-100
4	350	-100	-100
4	65	-100	-100
4	422	-100	-100
4	341	-100	-100
4	45	-100	-100
4	254	-100	-100
4	50	-100	-100
4	370	-100	-100
4	287	-100	-100
4	298	-100	-100
4	443	-100	-100
4	305	-100	-100
4	302	-100	-100
4	98	-100	-100
4	257	-100	-100
4	338	-100	-100
4	133	-100	-100
4	213	-100	-100
4	291	-100	-100
4	492	-100	-100
4	342	-100	-100
4	101	-100	-100
4	398	-100	-100
4	475	-100	-100
4	211	-100	-100
4	279	-100	-100
4	476	-100	-100
4	96	-100	-100
4	94	-100	-100
4	394	-100	-100
4	440	-100	-100
4	137	-100	-100
4	224	-100	-100
4	285	-100	-100
4	230	-100	-100
4	470	-100	-100
4	355	-100	-100
4	265	-100	-100
4	481	-100	-100
4	36	-100	-100
4	431	-100	-100
4	255	-100	-100
4	79	-100	-100
4	453	-100	-100
4	306	-100	-100
4	405	-100	-100
4	140	-100	-100
4	499	-100	-100
4	295	-100	-100
4	103	-100	-100
4	361	-100	-100
4	129	-100	-100
4	64	-100	-100
4	323	-100	-100
4	482	-100	-100
4	270	-100	-100
4	54	-100	-100
4	24	-100	-100
4	393	-100	-100
4	147	-100	-100
4	60	-100	-100
4	252	-100	-100
4	429	-100	-100
4	19	-100	-100
4	263	-100	-100
4	212	-100	-100
4	56	-100	-100
4	311	-100	-100
4	281	-100	-100
4	437	-100	-100
4	38	-100	-100
4	48	-100	-100
4	425	-100	-100
4	41	-100	-100
4	78	-100	-100
4	354	-100	-100
4	214	-100	-100
4	442	-100	-100
4	449	-100	-100
4	84	-100	-100
4	18	-100	-100
4	16	-100	-100
4	51	-100	-100
4	316	-100	-100
4	351	-100	-100
4	62	-100	-100
4	15	-100	-100
4	106	-100	-100
4	368	-100	-100
4	390	-100	-100
4	276	-100	-100
4	37	-100	-100
4	130	-100	-100
4	77	-100	-100
4	343	-100	-100
4	237	-100	-100
4	417	-100	-100
4	337	-100	-100
4	418	-100	-100
4	408	-100	-100
4	119	-100	-100
4	123	-100	-100
4	63	-100	-100
4	436	-100	-100
4	467	-100	-100
4	122	-100	-100
4	356	-100	-100
4	407	-100	-100
4	400	-100	-100
4	498	-100	-100
4	286	-100	-100
4	127	-100	-100
4	40	-100	-100
4	438	-100	-100
4	88	-100	-100
4	452	-100	-100
4	469	-100	-100
4	267	-100	-100
4	313	-100	-100
4	326	-100	-100
4	58	-100	-100
4	85	-100	-100
4	228	-100	-100
4	325	-100	-100
4	315	-100	-100
4	25	-100	-100
4	13	-100	-100
4	20	-100	-100
4	234	-100	-100
4	384	-100	-100
4	59	-100	-100
4	165	-100	-100
4	461	-100	-100
4	242	-100	-100
4	125	-100	-100
4	308	-100	-100
4	451	-100	-100
4	149	-100	-100
4	348	-100	-100
4	486	-100	-100
4	12	-100	-100
4	392	-100	-100
4	432	-100	-100
4	471	-100	-100
4	280	-100	-100
4	462	-100	-100
4	150	-100	-100
4	221	-100	-100
4	26	-100	-100
4	216	-100	-100
4	377	-100	-100
4	278	-100	-100
4	275	-100	-100
4	284	-100	-100
4	496	-100	-100
4	409	-100	-100
4	27	-100	-100
4	131	-100	-100
4	9	-100	-100
4	360	-100	-100
4	157	-100	-100
4	69	-100	-100
4	29	-100	-100
4	439	-100	-100
4	460	-100	-100
4	411	-100	-100
4	328	-100	-100
4	456	-100	-100
4	340	-100	-100
4	100	-100	-100
4	83	-100	-100
4	102	-100	-100
4	23	-100	-100
4	359	-100	-100
4	42	-100	-100
4	292	-100	-100
4	381	-100	-100
4	290	-100	-100
4	457	-100	-100
4	497	-100	-100
4	32	-100	-100
4	406	-100	-100
4	74	-100	-100
4	145	-100	-100
4	317	-100	-100
4	68	-100	-100
4	322	-100	-100
4	441	-100	-100
4	272	-100	-100
4	450	-100	-100
4	28	-100	-100
4	320	-100	-100
4	491	-100	-100
4	151	-100	-100
4	404	-100	-100
4	110	-100	-100
4	207	-100	-100
4	372	-100	-100
4	309	-100	-100
4	304	-100	-100
4	402	-100	-100
8	451	-100	-100
8	192	-100	-100
8	139	-100	-100
8	57	-100	-100
8	264	-100	-100
8	250	-100	-100
8	315	-100	-100
8	16	-100	-100
8	336	-100	-100
8	450	-100	-100
8	241	-100	-100
8	187	-100	-100
8	274	-100	-100
8	19	-100	-100
8	390	-100	-100
8	183	-100	-100
8	234	-100	-100
8	290	-100	-100
8	167	-100	-100
8	141	-100	-100
8	428	-100	-100
8	198	-100	-100
8	158	-100	-100
8	101	-100	-100
8	191	-100	-100
8	44	-100	-100
8	308	-100	-100
8	404	-100	-100
8	147	-100	-100
8	307	-100	-100
8	87	-100	-100
8	176	-100	-100
8	211	-100	-100
8	77	-100	-100
8	75	-100	-100
8	181	-100	-100
8	330	-100	-100
8	293	-100	-100
8	284	-100	-100
8	469	-100	-100
8	123	-100	-100
8	269	-100	-100
8	171	-100	-100
8	276	-100	-100
8	109	-100	-100
8	329	-100	-100
8	185	-100	-100
8	291	-100	-100
8	130	-100	-100
8	26	-100	-100
8	168	-100	-100
8	260	-100	-100
8	299	-100	-100
8	339	-100	-100
8	122	-100	-100
8	277	-100	-100
8	42	-100	-100
8	63	-100	-100
8	406	-100	-100
8	79	-100	-100
8	394	-100	-100
8	348	-100	-100
8	371	-100	-100
8	317	-100	-100
8	231	-100	-100
8	76	-100	-100
8	301	-100	-100
8	322	-100	-100
8	237	-100	-100
8	300	-100	-100
8	287	-100	-100
8	369	-100	-100
8	401	-100	-100
8	25	-100	-100
8	332	-100	-100
8	303	-100	-100
8	150	-100	-100
8	178	-100	-100
8	136	-100	-100
8	236	-100	-100
8	126	-100	-100
8	405	-100	-100
8	391	-100	-100
8	460	-100	-100
8	321	-100	-100
8	37	-100	-100
8	351	-100	-100
8	364	-100	-100
8	58	-100	-100
8	408	-100	-100
8	179	-100	-100
8	419	-100	-100
8	206	-100	-100
8	18	-100	-100
8	325	-100	-100
8	239	-100	-100
8	104	-100	-100
8	418	-100	-100
8	146	-100	-100
8	89	-100	-100
8	255	-100	-100
8	343	-100	-100
8	429	-100	-100
8	444	-100	-100
8	233	-100	-100
8	452	-100	-100
8	361	-100	-100
8	399	-100	-100
8	124	-100	-100
8	285	-100	-100
8	71	-100	-100
8	455	-100	-100
8	386	-100	-100
8	313	-100	-100
8	350	-100	-100
8	62	-100	-100
8	15	-100	-100
8	381	-100	-100
8	384	-100	-100
8	210	-100	-100
8	49	-100	-100
8	426	-100	-100
8	449	-100	-100
8	334	-100	-100
8	246	-100	-100
8	433	-100	-100
8	327	-100	-100
8	397	-100	-100
8	97	-100	-100
8	50	-100	-100
8	2	-100	-100
8	254	-100	-100
8	225	-100	-100
8	278	-100	-100
8	17	-100	-100
8	173	-100	-100
8	197	-100	-100
8	396	-100	-100
8	152	-100	-100
8	13	-100	-100
8	56	-100	-100
8	424	-100	-100
8	140	-100	-100
8	445	-100	-100
8	34	-100	-100
8	304	-100	-100
8	180	-100	-100
8	262	-100	-100
8	443	-100	-100
8	72	-100	-100
8	251	-100	-100
8	465	-100	-100
8	420	-100	-100
8	242	-100	-100
8	92	-100	-100
8	270	-100	-100
8	232	-100	-100
8	281	-100	-100
8	55	-100	-100
8	324	-100	-100
8	202	-100	-100
8	298	-100	-100
8	59	-100	-100
8	341	-100	-100
8	245	-100	-100
8	265	-100	-100
8	69	-100	-100
8	358	-100	-100
8	175	-100	-100
8	283	-100	-100
8	24	-100	-100
8	112	-100	-100
8	93	-100	-100
8	382	-100	-100
8	258	-100	-100
8	468	-100	-100
8	365	-100	-100
8	30	-100	-100
8	259	-100	-100
8	22	-100	-100
8	413	-100	-100
8	345	-100	-100
8	45	-100	-100
8	266	-100	-100
8	195	-100	-100
8	230	-100	-100
8	119	-100	-100
8	103	-100	-100
8	199	-100	-100
8	121	-100	-100
8	148	-100	-100
8	323	-100	-100
8	155	-100	-100
8	131	-100	-100
8	84	-100	-100
8	400	-100	-100
8	14	-100	-100
8	373	-100	-100
8	309	-100	-100
8	137	-100	-100
8	219	-100	-100
8	95	-100	-100
8	383	-100	-100
8	306	-100	-100
8	340	-100	-100
8	182	-100	-100
8	186	-100	-100
8	253	-100	-100
8	40	-100	-100
8	471	-100	-100
8	320	-100	-100
8	120	-100	-100
8	240	-100	-100
8	462	-100	-100
8	297	-100	-100
8	412	-100	-100
8	272	-100	-100
8	402	-100	-100
8	344	-100	-100
8	189	-100	-100
8	73	-100	-100
8	314	-100	-100
8	305	-100	-100
8	256	-100	-100
8	156	-100	-100
7	486	-100	-100
7	169	-100	-100
7	191	-100	-100
7	353	-100	-100
7	194	-100	-100
7	44	-100	-100
7	360	-100	-100
7	308	-100	-100
7	366	-100	-100
7	202	-100	-100
7	173	-100	-100
7	333	-100	-100
7	425	-100	-100
7	132	-100	-100
7	183	-100	-100
7	86	-100	-100
7	433	-100	-100
7	45	-100	-100
7	107	-100	-100
7	493	-100	-100
7	131	-100	-100
7	232	-100	-100
7	440	-100	-100
7	311	-100	-100
7	220	-100	-100
7	104	-100	-100
7	363	-100	-100
7	373	-100	-100
7	265	-100	-100
7	168	-100	-100
7	359	-100	-100
7	352	-100	-100
7	151	-100	-100
7	176	-100	-100
7	298	-100	-100
7	301	-100	-100
7	212	-100	-100
7	150	-100	-100
7	400	-100	-100
7	282	-100	-100
7	356	-100	-100
7	101	-100	-100
7	317	-100	-100
7	361	-100	-100
7	415	-100	-100
7	20	-100	-100
7	289	-100	-100
7	52	-100	-100
7	405	-100	-100
7	276	-100	-100
7	136	-100	-100
7	251	-100	-100
7	82	-100	-100
7	184	-100	-100
7	412	-100	-100
7	293	-100	-100
7	240	-100	-100
7	23	-100	-100
7	203	-100	-100
7	102	-100	-100
7	167	-100	-100
7	27	-100	-100
7	261	-100	-100
7	272	-100	-100
7	346	-100	-100
7	25	-100	-100
7	438	-100	-100
7	362	-100	-100
7	340	-100	-100
7	253	-100	-100
7	429	-100	-100
7	499	-100	-100
7	226	-100	-100
7	87	-100	-100
7	487	-100	-100
7	178	-100	-100
7	96	-100	-100
7	188	-100	-100
7	12	-100	-100
7	97	-100	-100
7	325	-100	-100
7	241	-100	-100
7	88	-100	-100
7	494	-100	-100
7	119	-100	-100
7	313	-100	-100
7	279	-100	-100
7	371	-100	-100
7	407	-100	-100
7	130	-100	-100
7	374	-100	-100
7	115	-100	-100
7	105	-100	-100
7	129	-100	-100
7	260	-100	-100
7	233	-100	-100
7	409	-100	-100
7	53	-100	-100
7	335	-100	-100
7	498	-100	-100
7	89	-100	-100
7	445	-100	-100
7	406	-100	-100
7	481	-100	-100
7	11	-100	-100
7	63	-100	-100
7	500	-100	-100
7	297	-100	-100
7	472	-100	-100
7	336	-100	-100
7	149	-100	-100
7	94	-100	-100
7	62	-100	-100
7	288	-100	-100
7	68	-100	-100
7	271	-100	-100
7	474	-100	-100
7	392	-100	-100
7	164	-100	-100
7	451	-100	-100
7	143	-100	-100
7	214	-100	-100
7	477	-100	-100
7	444	-100	-100
7	117	-100	-100
7	124	-100	-100
7	450	-100	-100
7	411	-100	-100
7	476	-100	-100
7	381	-100	-100
7	291	-100	-100
7	277	-100	-100
7	234	-100	-100
7	211	-100	-100
7	399	-100	-100
7	442	-100	-100
7	166	-100	-100
7	170	-100	-100
7	246	-100	-100
7	109	-100	-100
7	263	-100	-100
7	386	-100	-100
7	69	-100	-100
7	397	-100	-100
7	231	-100	-100
7	93	-100	-100
7	46	-100	-100
7	121	-100	-100
7	290	-100	-100
7	201	-100	-100
7	413	-100	-100
7	259	-100	-100
7	135	-100	-100
7	435	-100	-100
7	162	-100	-100
7	126	-100	-100
7	38	-100	-100
7	369	-100	-100
7	103	-100	-100
7	66	-100	-100
7	491	-100	-100
7	51	-100	-100
7	485	-100	-100
7	141	-100	-100
7	247	-100	-100
7	50	-100	-100
7	28	-100	-100
7	140	-100	-100
7	2	-100	-100
7	424	-100	-100
7	31	-100	-100
7	138	-100	-100
7	414	-100	-100
7	24	-100	-100
7	83	-100	-100
7	319	-100	-100
7	185	-100	-100
7	17	-100	-100
7	300	-100	-100
7	147	-100	-100
7	123	-100	-100
7	90	-100	-100
7	391	-100	-100
7	42	-100	-100
7	139	-100	-100
7	219	-100	-100
7	351	-100	-100
7	383	-100	-100
7	60	-100	-100
7	216	-100	-100
7	244	-100	-100
7	355	-100	-100
7	199	-100	-100
7	402	-100	-100
7	142	-100	-100
7	266	-100	-100
7	258	-100	-100
7	218	-100	-100
7	417	-100	-100
7	350	-100	-100
7	306	-100	-100
7	75	-100	-100
7	198	-100	-100
7	403	-100	-100
7	364	-100	-100
7	95	-100	-100
7	296	-100	-100
7	330	-100	-100
7	228	-100	-100
7	15	-100	-100
7	388	-100	-100
7	284	-100	-100
7	113	-100	-100
7	312	-100	-100
7	10	-100	-100
7	155	-100	-100
7	242	-100	-100
7	447	-100	-100
7	378	-100	-100
7	192	-100	-100
7	100	-100	-100
7	344	-100	-100
7	304	-100	-100
7	443	-100	-100
7	213	-100	-100
7	331	-100	-100
7	14	-100	-100
7	146	-100	-100
7	125	-100	-100
7	394	-100	-100
7	382	-100	-100
7	303	-100	-100
7	285	-100	-100
7	22	-100	-100
2	398	-100	-100
2	478	-100	-100
2	83	-100	-100
2	49	-100	-100
2	346	-100	-100
2	206	-100	-100
2	487	-100	-100
2	89	-100	-100
2	473	-100	-100
2	298	-100	-100
2	91	-100	-100
2	39	-100	-100
2	451	-100	-100
2	123	-100	-100
2	292	-100	-100
2	288	-100	-100
2	305	-100	-100
2	457	-100	-100
2	246	-100	-100
2	213	-100	-100
2	22	-100	-100
2	108	-100	-100
2	476	-100	-100
2	21	-100	-100
2	458	-100	-100
2	100	-100	-100
2	202	-100	-100
2	496	-100	-100
2	179	-100	-100
2	96	-100	-100
2	234	-100	-100
2	331	-100	-100
2	109	-100	-100
2	354	-100	-100
2	33	-100	-100
2	214	-100	-100
2	351	-100	-100
2	481	-100	-100
2	455	-100	-100
2	252	-100	-100
2	465	-100	-100
2	302	-100	-100
2	320	-100	-100
2	242	-100	-100
2	18	-100	-100
2	428	-100	-100
2	352	-100	-100
2	85	-100	-100
2	426	-100	-100
2	19	-100	-100
2	205	-100	-100
2	325	-100	-100
2	411	-100	-100
2	329	-100	-100
2	59	-100	-100
2	87	-100	-100
2	377	-100	-100
2	415	-100	-100
2	32	-100	-100
2	390	-100	-100
2	137	-100	-100
2	400	-100	-100
2	441	-100	-100
2	284	-100	-100
2	186	-100	-100
2	283	-100	-100
2	92	-100	-100
2	485	-100	-100
2	452	-100	-100
2	296	-100	-100
2	414	-100	-100
2	437	-100	-100
2	158	-100	-100
2	140	-100	-100
2	127	-100	-100
2	342	-100	-100
2	13	-100	-100
2	41	-100	-100
2	401	-100	-100
2	46	-100	-100
2	431	-100	-100
2	191	-100	-100
2	337	-100	-100
2	175	-100	-100
2	499	-100	-100
2	181	-100	-100
2	125	-100	-100
2	464	-100	-100
2	207	-100	-100
2	281	-100	-100
2	278	-100	-100
2	165	-100	-100
2	14	-100	-100
2	161	-100	-100
2	88	-100	-100
2	11	-100	-100
2	131	-100	-100
2	456	-100	-100
2	231	-100	-100
2	467	-100	-100
2	416	-100	-100
2	177	-100	-100
2	219	-100	-100
2	93	-100	-100
2	201	-100	-100
2	323	-100	-100
2	114	-100	-100
2	386	-100	-100
2	66	-100	-100
2	409	-100	-100
2	383	-100	-100
2	164	-100	-100
2	64	-100	-100
2	122	-100	-100
2	427	-100	-100
2	461	-100	-100
2	418	-100	-100
2	483	-100	-100
2	56	-100	-100
2	225	-100	-100
2	361	-100	-100
2	129	-100	-100
2	71	-100	-100
2	391	-100	-100
2	227	-100	-100
2	267	-100	-100
2	42	-100	-100
2	54	-100	-100
2	294	-100	-100
2	271	-100	-100
2	276	-100	-100
2	260	-100	-100
2	376	-100	-100
2	367	-100	-100
2	182	-100	-100
2	99	-100	-100
2	40	-100	-100
2	256	-100	-100
2	24	-100	-100
2	10	-100	-100
2	308	-100	-100
2	63	-100	-100
2	209	-100	-100
2	317	-100	-100
2	479	-100	-100
2	375	-100	-100
2	107	-100	-100
2	474	-100	-100
2	373	-100	-100
2	369	-100	-100
2	318	-100	-100
2	29	-100	-100
2	339	-100	-100
2	392	-100	-100
2	309	-100	-100
2	420	-100	-100
2	184	-100	-100
2	150	-100	-100
2	480	-100	-100
2	389	-100	-100
2	413	-100	-100
2	460	-100	-100
2	371	-100	-100
2	307	-100	-100
2	300	-100	-100
2	277	-100	-100
2	193	-100	-100
2	360	-100	-100
2	106	-100	-100
2	130	-100	-100
2	385	-100	-100
2	266	-100	-100
2	349	-100	-100
2	470	-100	-100
2	69	-100	-100
2	155	-100	-100
2	384	-100	-100
2	491	-100	-100
2	60	-100	-100
2	406	-100	-100
2	425	-100	-100
2	357	-100	-100
2	238	-100	-100
2	168	-100	-100
2	311	-100	-100
2	35	-100	-100
2	350	-100	-100
2	439	-100	-100
2	270	-100	-100
2	156	-100	-100
2	299	-100	-100
2	45	-100	-100
2	81	-100	-100
2	345	-100	-100
2	380	-100	-100
2	332	-100	-100
2	43	-100	-100
2	197	-100	-100
2	185	-100	-100
2	445	-100	-100
2	440	-100	-100
2	404	-100	-100
2	151	-100	-100
2	211	-100	-100
2	105	-100	-100
2	113	-100	-100
2	12	-100	-100
2	149	-100	-100
2	210	-100	-100
2	334	-100	-100
2	394	-100	-100
2	30	-100	-100
2	187	-100	-100
2	248	-100	-100
2	444	-100	-100
2	469	-100	-100
2	408	-100	-100
2	232	-100	-100
2	327	-100	-100
2	51	-100	-100
2	258	-100	-100
2	310	-100	-100
2	348	-100	-100
2	250	-100	-100
2	31	-100	-100
2	301	-100	-100
2	493	-100	-100
2	208	-100	-100
2	393	-100	-100
2	364	-100	-100
2	447	-100	-100
2	134	-100	-100
2	121	-100	-100
2	388	-100	-100
2	57	-100	-100
2	450	-100	-100
2	47	-100	-100
2	466	-100	-100
2	336	-100	-100
2	279	-100	-100
2	241	-100	-100
2	70	-100	-100
2	442	-100	-100
2	9	-100	-100
2	412	-100	-100
2	84	-100	-100
308	209	-100	-100
191	455	-100	-100
298	382	-100	-100
301	90	-100	-100
33	229	-100	-100
51	375	-100	-100
394	137	-100	-100
345	73	-100	-100
304	202	-100	-100
100	422	-100	-100
185	327	-100	-100
399	117	-100	-100
129	342	-100	-100
470	433	-100	-100
82	248	-100	-100
124	410	-100	-100
256	235	-100	-100
204	347	-100	-100
18	410	-100	-100
492	257	-100	-100
88	209	-100	-100
319	268	-100	-100
97	209	-100	-100
135	138	-100	-100
224	196	-100	-100
486	171	-100	-100
419	30	-100	-100
233	165	-100	-100
175	106	-100	-100
31	247	-100	-100
226	262	-100	-100
125	223	-100	-100
235	148	-100	-100
212	36	-100	-100
21	200	-100	-100
240	76	-100	-100
289	349	-100	-100
152	215	-100	-100
482	326	-100	-100
294	160	-100	-100
335	81	-100	-100
48	459	-100	-100
55	200	-100	-100
434	144	-100	-100
118	421	-100	-100
490	128	-100	-100
495	273	-100	-100
61	163	-100	-100
