500
4197
2
1	2	2	5
1	3	6	4
1	4	6	2
1	5	9	7
1	6	7	9
1	7	9	3
1	8	7	4
1	9	8	4
1	10	5	3
1	11	8	2
1	12	3	2
1	13	8	10
1	14	8	1
1	15	1	5
1	16	8	2
1	17	1	2
1	18	10	8
1	19	5	1
1	20	6	8
1	21	7	8
1	22	3	9
1	23	2	7
1	24	7	6
1	25	10	8
1	26	8	4
1	27	5	9
1	28	9	2
1	29	1	8
1	30	1	9
1	31	9	4
1	32	5	10
1	33	9	5
1	34	3	7
1	35	8	3
1	36	7	8
1	37	9	6
1	38	3	10
1	39	10	9
1	40	5	2
1	41	9	3
1	42	4	6
1	43	3	2
1	44	7	1
1	45	10	3
1	46	9	7
1	47	10	9
1	48	2	3
1	49	5	3
1	50	7	2
1	51	4	1
1	52	6	3
1	53	6	8
1	54	6	3
1	55	6	7
1	56	8	2
1	57	9	7
1	58	2	9
1	59	7	6
1	60	6	1
1	61	9	5
1	62	7	4
1	63	1	2
1	64	10	7
1	65	1	6
1	66	7	5
1	67	1	10
1	68	9	6
1	69	10	1
1	70	10	4
1	71	2	8
1	72	6	7
2	73	8	7
2	74	9	10
2	75	8	3
2	76	4	10
2	77	3	2
2	78	3	5
2	79	7	10
3	80	10	7
3	81	1	9
3	82	6	7
3	83	4	10
3	84	9	6
3	85	1	6
3	86	10	3
3	87	1	5
3	88	1	8
3	89	6	5
3	90	10	7
3	91	3	8
3	92	9	3
3	93	7	6
3	94	2	3
3	95	2	3
3	96	10	1
3	97	2	5
3	98	9	4
3	99	5	4
3	100	8	5
3	101	3	4
3	102	9	6
3	103	9	10
3	104	2	5
3	105	6	9
3	106	6	1
3	107	7	2
3	108	9	2
3	109	3	5
3	110	6	9
3	111	3	9
3	112	2	3
3	113	6	5
3	114	5	3
3	115	8	9
3	116	6	1
3	117	7	1
3	118	4	2
3	119	4	9
3	120	2	9
3	121	5	6
3	122	6	9
3	123	9	7
3	124	4	1
3	125	4	5
3	126	6	1
3	127	10	5
3	128	7	6
3	129	8	10
3	130	2	9
3	131	7	10
3	132	3	9
3	133	9	3
3	134	4	6
3	135	1	8
3	136	2	1
3	137	4	6
3	138	7	1
3	139	3	7
3	140	1	4
3	141	6	10
3	142	5	1
3	143	1	6
3	144	6	5
3	145	3	4
3	146	5	9
3	147	3	9
3	148	4	1
3	149	10	6
3	150	5	1
3	151	2	6
3	152	8	4
3	153	10	1
3	154	4	6
3	155	8	5
3	156	2	7
3	157	8	9
3	158	10	9
3	159	9	5
3	160	5	1
3	161	6	7
3	162	4	5
3	163	7	4
3	164	4	10
3	165	4	9
3	166	7	8
3	167	3	9
3	168	2	6
3	169	5	10
4	170	4	2
4	171	10	2
4	172	10	2
4	173	4	3
4	174	8	3
4	175	7	1
4	176	2	9
4	177	7	4
4	178	1	7
4	179	1	7
4	180	6	3
4	181	6	5
4	182	1	5
4	183	1	6
4	184	8	6
4	185	3	2
4	186	5	6
4	187	6	1
4	188	2	8
4	189	3	8
4	190	8	10
4	191	8	10
4	192	7	4
4	193	1	8
4	194	7	4
4	195	3	1
4	196	4	5
4	197	5	4
4	198	4	2
4	199	2	8
4	200	9	2
4	201	1	3
4	202	8	1
4	203	1	5
4	204	3	6
4	205	9	5
5	206	2	8
5	207	1	7
5	208	5	3
5	209	6	7
5	210	8	6
5	211	9	3
5	212	8	3
5	213	9	2
5	214	6	4
5	215	3	7
5	216	5	8
5	217	3	10
5	218	5	10
5	219	4	10
5	220	8	1
5	221	6	2
5	222	2	6
5	223	4	8
5	224	1	7
5	225	2	3
5	226	1	6
5	227	2	7
5	228	6	7
5	229	10	1
5	230	2	4
5	231	5	9
5	232	9	6
5	233	10	7
5	234	10	8
5	235	9	5
5	236	7	3
5	237	4	3
5	238	5	1
5	239	3	7
5	240	6	7
5	241	6	8
5	242	3	7
5	243	1	5
5	244	10	2
5	245	4	5
5	246	5	4
5	33	1	3
5	247	4	1
5	248	4	5
5	249	5	9
5	250	8	4
5	251	2	10
5	252	5	1
5	253	5	2
5	254	2	3
5	255	5	2
5	256	8	6
5	257	5	6
5	258	2	10
5	259	6	8
5	260	5	7
5	261	10	2
5	262	8	6
5	263	2	5
5	264	7	3
5	265	6	4
5	266	7	9
5	267	6	3
5	268	7	5
5	269	7	10
5	270	8	2
5	271	2	6
5	272	2	6
5	273	8	3
5	274	9	8
5	275	2	3
5	276	5	8
5	277	2	6
5	278	5	10
5	279	5	4
5	280	5	3
5	281	9	1
5	282	10	3
5	283	5	9
5	284	2	1
5	285	5	6
5	286	6	1
5	287	7	4
6	288	6	3
6	289	4	10
6	290	1	6
6	291	4	6
6	292	1	2
6	293	2	8
6	294	2	10
6	295	4	8
6	296	6	7
6	297	10	9
6	298	2	8
6	299	4	1
6	300	6	8
6	301	6	1
6	302	8	3
6	303	2	3
6	304	8	9
6	305	8	1
6	306	2	8
6	307	4	5
6	308	8	5
6	309	10	9
6	310	2	3
6	311	1	8
6	312	3	10
6	313	2	1
6	314	1	8
6	315	2	8
6	316	10	4
6	317	7	8
6	318	10	5
6	319	1	7
6	320	5	1
6	321	5	8
6	322	2	3
6	323	7	5
6	324	6	8
6	325	6	5
6	326	6	4
6	327	10	2
6	328	9	10
6	329	4	2
6	330	2	9
6	8	3	8
6	331	5	4
6	332	6	3
6	333	10	3
6	334	9	2
6	335	7	3
6	336	10	8
6	337	6	2
6	10	2	1
6	338	6	7
6	339	7	4
6	340	6	4
6	341	3	7
6	342	9	7
6	343	7	1
6	344	5	8
6	345	8	7
6	346	9	6
6	347	2	10
6	348	8	9
6	349	8	7
6	350	4	3
6	351	10	5
6	14	3	5
6	352	8	4
6	353	10	3
6	354	6	3
6	355	2	7
6	356	5	10
6	357	10	6
6	358	9	5
6	179	6	10
6	359	9	3
6	360	10	5
6	361	2	6
6	362	10	8
6	363	9	7
6	364	1	4
6	239	10	6
6	365	2	1
6	366	1	7
6	367	4	2
6	368	8	9
6	369	6	10
6	22	1	2
6	370	9	1
6	371	7	1
6	372	9	5
6	373	8	1
6	374	6	10
6	375	5	4
6	376	8	5
6	377	1	2
6	378	6	4
6	379	3	7
6	380	3	8
6	381	10	1
6	382	4	9
6	383	2	5
6	384	7	3
6	242	5	7
6	385	2	1
6	386	10	8
6	387	10	1
6	388	10	4
6	389	9	4
6	390	5	4
6	391	9	5
6	33	6	7
6	392	2	4
6	393	7	3
6	394	3	5
6	395	1	10
6	396	3	4
6	397	6	8
6	398	6	4
6	399	2	4
6	400	7	10
6	401	9	2
6	402	2	7
6	403	9	2
6	404	5	8
6	405	8	5
6	406	8	10
6	407	2	6
6	408	7	2
6	42	1	5
6	409	2	6
6	410	2	8
6	411	1	5
6	412	6	3
6	413	3	8
6	414	6	9
6	415	2	3
6	416	5	1
6	43	6	2
6	417	5	9
6	418	8	10
6	419	8	1
6	420	3	10
6	421	8	4
6	422	8	6
6	423	3	5
6	424	6	3
6	425	1	7
6	426	8	1
6	427	8	1
6	428	2	1
6	429	7	3
6	430	5	9
6	431	1	4
6	432	8	10
6	433	1	6
6	434	8	7
6	435	9	8
6	436	8	5
6	437	10	7
6	438	8	7
6	439	2	9
6	440	5	10
6	441	9	5
6	442	4	5
6	443	6	8
6	444	7	8
6	445	6	1
6	446	5	3
6	447	1	7
6	448	3	4
6	449	7	5
6	450	2	7
6	451	4	6
7	452	6	2
7	453	1	5
7	454	8	6
7	455	7	8
7	456	3	4
7	457	2	7
7	458	3	8
7	459	10	1
7	460	6	1
7	461	7	4
7	462	2	7
7	463	10	3
7	464	2	10
7	33	8	9
7	465	5	4
7	466	4	9
7	467	6	2
7	56	6	7
7	468	3	2
7	469	3	1
7	470	8	3
7	471	6	7
8	472	10	7
8	473	3	7
8	474	10	7
8	475	5	1
8	476	7	4
8	477	9	2
8	478	9	2
8	479	7	8
8	480	4	7
8	481	1	7
8	482	10	9
8	483	8	3
8	484	3	8
8	485	10	8
8	486	3	8
8	487	1	9
8	488	4	2
8	489	1	6
8	490	5	2
8	491	2	3
8	492	9	1
8	493	5	4
8	494	4	2
8	221	7	2
8	495	8	4
8	496	2	5
8	497	3	4
8	498	9	3
8	499	6	7
8	500	10	5
3	172	-100	-100
6	219	-100	-100
6	24	-100	-100
6	17	-100	-100
6	464	-100	-100
6	178	-100	-100
6	475	-100	-100
6	268	-100	-100
6	458	-100	-100
6	277	-100	-100
6	222	-100	-100
6	9	-100	-100
6	126	-100	-100
6	151	-100	-100
6	100	-100	-100
6	47	-100	-100
6	4	-100	-100
6	280	-100	-100
6	205	-100	-100
6	93	-100	-100
6	287	-100	-100
6	51	-100	-100
6	35	-100	-100
6	26	-100	-100
6	191	-100	-100
6	468	-100	-100
6	483	-100	-100
6	192	-100	-100
6	121	-100	-100
6	251	-100	-100
6	141	-100	-100
6	227	-100	-100
6	117	-100	-100
6	153	-100	-100
6	172	-100	-100
6	493	-100	-100
6	258	-100	-100
6	210	-100	-100
6	37	-100	-100
6	145	-100	-100
6	195	-100	-100
6	190	-100	-100
6	269	-100	-100
6	159	-100	-100
6	164	-100	-100
6	130	-100	-100
6	119	-100	-100
6	54	-100	-100
6	272	-100	-100
6	83	-100	-100
6	496	-100	-100
6	207	-100	-100
6	225	-100	-100
6	202	-100	-100
6	221	-100	-100
6	471	-100	-100
6	59	-100	-100
6	84	-100	-100
6	65	-100	-100
6	284	-100	-100
6	30	-100	-100
6	49	-100	-100
6	234	-100	-100
6	476	-100	-100
6	45	-100	-100
6	500	-100	-100
6	238	-100	-100
6	78	-100	-100
6	99	-100	-100
6	485	-100	-100
6	453	-100	-100
6	499	-100	-100
6	170	-100	-100
6	197	-100	-100
6	261	-100	-100
6	98	-100	-100
6	247	-100	-100
6	185	-100	-100
6	80	-100	-100
6	223	-100	-100
6	478	-100	-100
6	160	-100	-100
6	15	-100	-100
6	82	-100	-100
3	12	-100	-100
3	486	-100	-100
3	330	-100	-100
3	448	-100	-100
3	22	-100	-100
3	228	-100	-100
3	226	-100	-100
3	498	-100	-100
3	424	-100	-100
3	249	-100	-100
3	479	-100	-100
3	432	-100	-100
3	77	-100	-100
3	194	-100	-100
3	325	-100	-100
3	419	-100	-100
3	219	-100	-100
3	484	-100	-100
3	453	-100	-100
3	281	-100	-100
3	472	-100	-100
3	204	-100	-100
3	230	-100	-100
3	224	-100	-100
3	309	-100	-100
3	452	-100	-100
3	366	-100	-100
3	247	-100	-100
3	381	-100	-100
3	274	-100	-100
3	494	-100	-100
3	324	-100	-100
3	189	-100	-100
3	467	-100	-100
3	358	-100	-100
3	68	-100	-100
3	251	-100	-100
3	396	-100	-100
3	368	-100	-100
3	241	-100	-100
3	196	-100	-100
3	214	-100	-100
3	439	-100	-100
3	477	-100	-100
3	270	-100	-100
3	359	-100	-100
3	233	-100	-100
3	24	-100	-100
3	362	-100	-100
3	372	-100	-100
3	418	-100	-100
3	485	-100	-100
3	429	-100	-100
3	223	-100	-100
3	41	-100	-100
3	347	-100	-100
3	473	-100	-100
3	57	-100	-100
3	487	-100	-100
3	405	-100	-100
3	319	-100	-100
3	50	-100	-100
3	243	-100	-100
3	329	-100	-100
3	367	-100	-100
3	423	-100	-100
3	492	-100	-100
3	78	-100	-100
3	34	-100	-100
3	199	-100	-100
3	431	-100	-100
3	184	-100	-100
3	489	-100	-100
3	315	-100	-100
3	446	-100	-100
3	352	-100	-100
3	239	-100	-100
3	27	-100	-100
3	259	-100	-100
3	267	-100	-100
3	320	-100	-100
3	370	-100	-100
3	399	-100	-100
3	238	-100	-100
3	271	-100	-100
3	447	-100	-100
3	79	-100	-100
3	279	-100	-100
3	332	-100	-100
3	250	-100	-100
3	268	-100	-100
3	371	-100	-100
3	17	-100	-100
3	286	-100	-100
3	174	-100	-100
3	67	-100	-100
3	282	-100	-100
3	177	-100	-100
3	296	-100	-100
3	2	-100	-100
3	308	-100	-100
3	197	-100	-100
3	445	-100	-100
3	443	-100	-100
3	345	-100	-100
3	42	-100	-100
3	275	-100	-100
3	21	-100	-100
3	497	-100	-100
3	39	-100	-100
3	191	-100	-100
3	377	-100	-100
3	265	-100	-100
3	231	-100	-100
3	170	-100	-100
3	305	-100	-100
3	475	-100	-100
3	408	-100	-100
3	44	-100	-100
3	269	-100	-100
3	181	-100	-100
3	192	-100	-100
3	407	-100	-100
3	47	-100	-100
3	248	-100	-100
3	406	-100	-100
3	297	-100	-100
3	354	-100	-100
3	383	-100	-100
3	222	-100	-100
3	412	-100	-100
3	390	-100	-100
3	53	-100	-100
3	49	-100	-100
3	310	-100	-100
3	395	-100	-100
3	417	-100	-100
3	440	-100	-100
3	293	-100	-100
3	411	-100	-100
3	351	-100	-100
3	70	-100	-100
3	217	-100	-100
3	205	-100	-100
3	183	-100	-100
3	7	-100	-100
3	19	-100	-100
3	364	-100	-100
3	37	-100	-100
3	218	-100	-100
3	427	-100	-100
3	373	-100	-100
3	313	-100	-100
3	356	-100	-100
3	232	-100	-100
3	52	-100	-100
3	380	-100	-100
3	33	-100	-100
3	51	-100	-100
3	454	-100	-100
3	428	-100	-100
3	298	-100	-100
3	236	-100	-100
3	403	-100	-100
3	210	-100	-100
3	195	-100	-100
5	358	-100	-100
5	301	-100	-100
5	4	-100	-100
5	91	-100	-100
5	415	-100	-100
5	201	-100	-100
5	59	-100	-100
5	110	-100	-100
5	319	-100	-100
5	53	-100	-100
5	157	-100	-100
5	45	-100	-100
5	322	-100	-100
5	68	-100	-100
5	24	-100	-100
5	397	-100	-100
5	50	-100	-100
5	476	-100	-100
5	355	-100	-100
5	57	-100	-100
5	396	-100	-100
5	37	-100	-100
5	381	-100	-100
5	300	-100	-100
5	84	-100	-100
5	182	-100	-100
5	64	-100	-100
5	42	-100	-100
5	151	-100	-100
5	349	-100	-100
5	380	-100	-100
5	13	-100	-100
5	394	-100	-100
5	498	-100	-100
5	116	-100	-100
5	75	-100	-100
5	466	-100	-100
5	111	-100	-100
5	469	-100	-100
5	409	-100	-100
5	383	-100	-100
5	408	-100	-100
5	392	-100	-100
5	384	-100	-100
5	177	-100	-100
5	460	-100	-100
5	295	-100	-100
5	312	-100	-100
5	401	-100	-100
5	154	-100	-100
5	379	-100	-100
5	338	-100	-100
5	342	-100	-100
5	2	-100	-100
5	77	-100	-100
5	373	-100	-100
5	138	-100	-100
5	412	-100	-100
5	431	-100	-100
5	296	-100	-100
5	126	-100	-100
5	449	-100	-100
5	307	-100	-100
5	480	-100	-100
5	377	-100	-100
5	180	-100	-100
5	203	-100	-100
5	198	-100	-100
5	387	-100	-100
5	406	-100	-100
5	184	-100	-100
5	400	-100	-100
5	333	-100	-100
5	407	-100	-100
5	386	-100	-100
5	403	-100	-100
5	479	-100	-100
5	429	-100	-100
5	472	-100	-100
5	309	-100	-100
5	92	-100	-100
5	457	-100	-100
5	330	-100	-100
5	500	-100	-100
5	391	-100	-100
5	145	-100	-100
5	298	-100	-100
5	414	-100	-100
5	121	-100	-100
5	26	-100	-100
5	169	-100	-100
5	467	-100	-100
5	25	-100	-100
5	204	-100	-100
5	399	-100	-100
5	85	-100	-100
5	440	-100	-100
5	94	-100	-100
5	316	-100	-100
5	119	-100	-100
5	390	-100	-100
5	424	-100	-100
5	159	-100	-100
5	67	-100	-100
5	27	-100	-100
5	103	-100	-100
5	359	-100	-100
5	337	-100	-100
5	181	-100	-100
5	334	-100	-100
5	114	-100	-100
5	496	-100	-100
5	450	-100	-100
5	186	-100	-100
5	419	-100	-100
5	433	-100	-100
5	425	-100	-100
5	314	-100	-100
5	167	-100	-100
5	331	-100	-100
5	306	-100	-100
5	446	-100	-100
5	56	-100	-100
5	87	-100	-100
5	483	-100	-100
5	346	-100	-100
5	452	-100	-100
5	23	-100	-100
5	54	-100	-100
5	332	-100	-100
5	293	-100	-100
5	441	-100	-100
5	318	-100	-100
5	90	-100	-100
5	155	-100	-100
5	304	-100	-100
5	196	-100	-100
5	80	-100	-100
5	325	-100	-100
5	52	-100	-100
5	16	-100	-100
5	305	-100	-100
5	402	-100	-100
5	62	-100	-100
5	438	-100	-100
5	320	-100	-100
5	463	-100	-100
5	340	-100	-100
5	113	-100	-100
5	351	-100	-100
5	475	-100	-100
5	31	-100	-100
5	47	-100	-100
5	135	-100	-100
5	190	-100	-100
5	360	-100	-100
5	302	-100	-100
5	488	-100	-100
5	149	-100	-100
5	478	-100	-100
5	38	-100	-100
5	44	-100	-100
5	345	-100	-100
5	374	-100	-100
5	32	-100	-100
5	140	-100	-100
5	308	-100	-100
5	368	-100	-100
5	327	-100	-100
5	78	-100	-100
5	179	-100	-100
5	357	-100	-100
5	417	-100	-100
5	364	-100	-100
1	187	-100	-100
1	251	-100	-100
1	268	-100	-100
1	172	-100	-100
1	207	-100	-100
1	396	-100	-100
1	171	-100	-100
1	198	-100	-100
1	249	-100	-100
1	192	-100	-100
1	444	-100	-100
1	332	-100	-100
1	253	-100	-100
1	151	-100	-100
1	492	-100	-100
1	91	-100	-100
1	498	-100	-100
1	388	-100	-100
1	318	-100	-100
1	323	-100	-100
1	121	-100	-100
1	166	-100	-100
1	397	-100	-100
1	275	-100	-100
1	227	-100	-100
1	368	-100	-100
1	104	-100	-100
1	423	-100	-100
1	124	-100	-100
1	451	-100	-100
1	401	-100	-100
1	162	-100	-100
1	85	-100	-100
1	295	-100	-100
1	244	-100	-100
1	271	-100	-100
1	232	-100	-100
1	389	-100	-100
1	427	-100	-100
1	224	-100	-100
1	280	-100	-100
1	230	-100	-100
1	277	-100	-100
1	381	-100	-100
1	183	-100	-100
1	325	-100	-100
1	174	-100	-100
1	217	-100	-100
1	105	-100	-100
1	181	-100	-100
1	435	-100	-100
1	474	-100	-100
1	333	-100	-100
1	455	-100	-100
1	204	-100	-100
1	339	-100	-100
1	115	-100	-100
1	193	-100	-100
1	127	-100	-100
1	154	-100	-100
1	264	-100	-100
1	100	-100	-100
1	342	-100	-100
1	120	-100	-100
1	453	-100	-100
1	363	-100	-100
1	478	-100	-100
1	410	-100	-100
1	243	-100	-100
1	454	-100	-100
1	477	-100	-100
1	307	-100	-100
1	360	-100	-100
1	145	-100	-100
1	157	-100	-100
1	117	-100	-100
1	140	-100	-100
1	315	-100	-100
1	426	-100	-100
1	287	-100	-100
1	334	-100	-100
1	428	-100	-100
1	178	-100	-100
1	114	-100	-100
1	384	-100	-100
1	267	-100	-100
1	471	-100	-100
1	139	-100	-100
1	222	-100	-100
1	107	-100	-100
1	147	-100	-100
1	248	-100	-100
1	289	-100	-100
1	357	-100	-100
1	487	-100	-100
1	279	-100	-100
1	138	-100	-100
1	74	-100	-100
1	436	-100	-100
1	470	-100	-100
1	405	-100	-100
1	262	-100	-100
1	191	-100	-100
1	358	-100	-100
1	464	-100	-100
1	285	-100	-100
1	467	-100	-100
1	235	-100	-100
1	386	-100	-100
1	341	-100	-100
1	237	-100	-100
1	340	-100	-100
1	226	-100	-100
1	369	-100	-100
1	493	-100	-100
1	463	-100	-100
1	228	-100	-100
1	429	-100	-100
1	372	-100	-100
1	488	-100	-100
1	293	-100	-100
1	303	-100	-100
1	392	-100	-100
1	331	-100	-100
1	301	-100	-100
1	284	-100	-100
1	278	-100	-100
1	135	-100	-100
1	442	-100	-100
1	304	-100	-100
1	430	-100	-100
1	351	-100	-100
1	102	-100	-100
1	116	-100	-100
1	101	-100	-100
1	106	-100	-100
1	375	-100	-100
1	148	-100	-100
1	90	-100	-100
1	236	-100	-100
1	177	-100	-100
1	109	-100	-100
1	229	-100	-100
1	309	-100	-100
1	367	-100	-100
1	131	-100	-100
1	214	-100	-100
1	465	-100	-100
1	457	-100	-100
1	257	-100	-100
1	311	-100	-100
1	254	-100	-100
1	256	-100	-100
1	176	-100	-100
1	299	-100	-100
1	132	-100	-100
1	136	-100	-100
1	219	-100	-100
1	447	-100	-100
1	462	-100	-100
1	480	-100	-100
1	103	-100	-100
1	189	-100	-100
1	500	-100	-100
1	329	-100	-100
1	186	-100	-100
1	378	-100	-100
1	216	-100	-100
1	142	-100	-100
1	195	-100	-100
1	175	-100	-100
1	269	-100	-100
1	321	-100	-100
1	361	-100	-100
1	77	-100	-100
1	297	-100	-100
1	129	-100	-100
1	170	-100	-100
1	458	-100	-100
1	82	-100	-100
1	255	-100	-100
1	238	-100	-100
1	416	-100	-100
1	395	-100	-100
1	348	-100	-100
1	146	-100	-100
1	210	-100	-100
4	97	-100	-100
4	142	-100	-100
4	480	-100	-100
4	8	-100	-100
4	44	-100	-100
4	312	-100	-100
4	345	-100	-100
4	115	-100	-100
4	374	-100	-100
4	218	-100	-100
4	109	-100	-100
4	397	-100	-100
4	17	-100	-100
4	474	-100	-100
4	153	-100	-100
4	121	-100	-100
4	43	-100	-100
4	329	-100	-100
4	350	-100	-100
4	65	-100	-100
4	422	-100	-100
4	341	-100	-100
4	45	-100	-100
4	254	-100	-100
4	50	-100	-100
4	370	-100	-100
4	287	-100	-100
4	298	-100	-100
4	443	-100	-100
4	305	-100	-100
4	302	-100	-100
4	98	-100	-100
4	257	-100	-100
4	338	-100	-100
4	133	-100	-100
4	213	-100	-100
4	291	-100	-100
4	492	-100	-100
4	342	-100	-100
4	101	-100	-100
4	398	-100	-100
4	475	-100	-100
4	211	-100	-100
4	279	-100	-100
4	476	-100	-100
4	96	-100	-100
4	94	-100	-100
4	394	-100	-100
4	440	-100	-100
4	137	-100	-100
4	224	-100	-100
4	285	-100	-100
4	230	-100	-100
4	470	-100	-100
4	355	-100	-100
4	265	-100	-100
4	481	-100	-100
4	36	-100	-100
4	431	-100	-100
4	255	-100	-100
4	79	-100	-100
4	453	-100	-100
4	306	-100	-100
4	405	-100	-100
4	140	-100	-100
4	499	-100	-100
4	295	-100	-100
4	103	-100	-100
4	361	-100	-100
4	129	-100	-100
4	64	-100	-100
4	323	-100	-100
4	482	-100	-100
4	270	-100	-100
4	54	-100	-100
4	24	-100	-100
4	393	-100	-100
4	147	-100	-100
4	60	-100	-100
4	252	-100	-100
4	429	-100	-100
4	19	-100	-100
4	263	-100	-100
4	212	-100	-100
4	56	-100	-100
4	311	-100	-100
4	281	-100	-100
4	437	-100	-100
4	38	-100	-100
4	48	-100	-100
4	425	-100	-100
4	41	-100	-100
4	78	-100	-100
4	354	-100	-100
4	214	-100	-100
4	442	-100	-100
4	449	-100	-100
4	84	-100	-100
4	18	-100	-100
4	16	-100	-100
4	51	-100	-100
4	316	-100	-100
4	351	-100	-100
4	62	-100	-100
4	15	-100	-100
4	106	-100	-100
4	368	-100	-100
4	390	-100	-100
4	276	-100	-100
4	37	-100	-100
4	130	-100	-100
4	77	-100	-100
4	343	-100	-100
4	237	-100	-100
4	417	-100	-100
4	337	-100	-100
4	418	-100	-100
4	408	-100	-100
4	119	-100	-100
4	123	-100	-100
4	63	-100	-100
4	436	-100	-100
4	467	-100	-100
4	122	-100	-100
4	356	-100	-100
4	407	-100	-100
4	400	-100	-100
4	498	-100	-100
4	286	-100	-100
4	127	-100	-100
4	40	-100	-100
4	438	-100	-100
4	88	-100	-100
4	452	-100	-100
4	469	-100	-100
4	267	-100	-100
4	313	-100	-100
4	326	-100	-100
4	58	-100	-100
4	85	-100	-100
4	228	-100	-100
4	325	-100	-100
4	315	-100	-100
4	25	-100	-100
4	13	-100	-100
4	20	-100	-100
4	234	-100	-100
4	384	-100	-100
4	59	-100	-100
4	165	-100	-100
4	461	-100	-100
4	242	-100	-100
4	125	-100	-100
4	308	-100	-100
4	451	-100	-100
4	149	-100	-100
4	348	-100	-100
4	486	-100	-100
4	12	-100	-100
4	392	-100	-100
4	432	-100	-100
4	471	-100	-100
4	280	-100	-100
4	462	-100	-100
4	150	-100	-100
4	221	-100	-100
4	26	-100	-100
4	216	-100	-100
4	377	-100	-100
4	278	-100	-100
4	275	-100	-100
4	284	-100	-100
4	496	-100	-100
4	409	-100	-100
4	27	-100	-100
4	131	-100	-100
4	9	-100	-100
4	360	-100	-100
4	157	-100	-100
4	69	-100	-100
4	29	-100	-100
4	439	-100	-100
4	460	-100	-100
4	411	-100	-100
4	328	-100	-100
4	456	-100	-100
4	340	-100	-100
4	100	-100	-100
4	83	-100	-100
4	102	-100	-100
4	23	-100	-100
4	359	-100	-100
4	42	-100	-100
4	292	-100	-100
4	381	-100	-100
4	290	-100	-100
4	457	-100	-100
4	497	-100	-100
4	32	-100	-100
4	406	-100	-100
4	74	-100	-100
4	145	-100	-100
4	317	-100	-100
4	68	-100	-100
4	322	-100	-100
4	441	-100	-100
4	272	-100	-100
4	450	-100	-100
4	28	-100	-100
4	320	-100	-100
4	491	-100	-100
4	151	-100	-100
4	404	-100	-100
4	110	-100	-100
4	207	-100	-100
4	372	-100	-100
4	309	-100	-100
4	304	-100	-100
4	402	-100	-100
8	451	-100	-100
8	192	-100	-100
8	139	-100	-100
8	57	-100	-100
8	264	-100	-100
8	250	-100	-100
8	315	-100	-100
8	16	-100	-100
8	336	-100	-100
8	450	-100	-100
8	241	-100	-100
8	187	-100	-100
8	274	-100	-100
8	19	-100	-100
8	390	-100	-100
8	183	-100	-100
8	234	-100	-100
8	290	-100	-100
8	167	-100	-100
8	141	-100	-100
8	428	-100	-100
8	198	-100	-100
8	158	-100	-100
8	101	-100	-100
8	191	-100	-100
8	44	-100	-100
8	308	-100	-100
8	404	-100	-100
8	147	-100	-100
8	307	-100	-100
8	87	-100	-100
8	176	-100	-100
8	211	-100	-100
8	77	-100	-100
8	75	-100	-100
8	181	-100	-100
8	330	-100	-100
8	293	-100	-100
8	284	-100	-100
8	469	-100	-100
8	123	-100	-100
8	269	-100	-100
8	171	-100	-100
8	276	-100	-100
8	109	-100	-100
8	329	-100	-100
8	185	-100	-100
8	291	-100	-100
8	130	-100	-100
8	26	-100	-100
8	168	-100	-100
8	260	-100	-100
8	299	-100	-100
8	339	-100	-100
8	122	-100	-100
8	277	-100	-100
8	42	-100	-100
8	63	-100	-100
8	406	-100	-100
8	79	-100	-100
8	394	-100	-100
8	348	-100	-100
8	371	-100	-100
8	317	-100	-100
8	231	-100	-100
8	76	-100	-100
8	301	-100	-100
8	322	-100	-100
8	237	-100	-100
8	300	-100	-100
8	287	-100	-100
8	369	-100	-100
8	401	-100	-100
8	25	-100	-100
8	332	-100	-100
8	303	-100	-100
8	150	-100	-100
8	178	-100	-100
8	136	-100	-100
8	236	-100	-100
8	126	-100	-100
8	405	-100	-100
8	391	-100	-100
8	460	-100	-100
8	321	-100	-100
8	37	-100	-100
8	351	-100	-100
8	364	-100	-100
8	58	-100	-100
8	408	-100	-100
8	179	-100	-100
8	419	-100	-100
8	206	-100	-100
8	18	-100	-100
8	325	-100	-100
8	239	-100	-100
8	104	-100	-100
8	418	-100	-100
8	146	-100	-100
8	89	-100	-100
8	255	-100	-100
8	343	-100	-100
8	429	-100	-100
8	444	-100	-100
8	233	-100	-100
8	452	-100	-100
8	361	-100	-100
8	399	-100	-100
8	124	-100	-100
8	285	-100	-100
8	71	-100	-100
8	455	-100	-100
8	386	-100	-100
8	313	-100	-100
8	350	-100	-100
8	62	-100	-100
8	15	-100	-100
8	381	-100	-100
8	384	-100	-100
8	210	-100	-100
8	49	-100	-100
8	426	-100	-100
8	449	-100	-100
8	334	-100	-100
8	246	-100	-100
8	433	-100	-100
8	327	-100	-100
8	397	-100	-100
8	97	-100	-100
8	50	-100	-100
8	2	-100	-100
8	254	-100	-100
8	225	-100	-100
8	278	-100	-100
8	17	-100	-100
8	173	-100	-100
8	197	-100	-100
8	396	-100	-100
8	152	-100	-100
8	13	-100	-100
8	56	-100	-100
8	424	-100	-100
8	140	-100	-100
8	445	-100	-100
8	34	-100	-100
8	304	-100	-100
8	180	-100	-100
8	262	-100	-100
8	443	-100	-100
8	72	-100	-100
8	251	-100	-100
8	465	-100	-100
8	420	-100	-100
8	242	-100	-100
8	92	-100	-100
8	270	-100	-100
8	232	-100	-100
8	281	-100	-100
8	55	-100	-100
8	324	-100	-100
8	202	-100	-100
8	298	-100	-100
8	59	-100	-100
8	341	-100	-100
8	245	-100	-100
8	265	-100	-100
8	69	-100	-100
8	358	-100	-100
8	175	-100	-100
8	283	-100	-100
8	24	-100	-100
8	112	-100	-100
8	93	-100	-100
8	382	-100	-100
8	258	-100	-100
8	468	-100	-100
8	365	-100	-100
8	30	-100	-100
8	259	-100	-100
8	22	-100	-100
8	413	-100	-100
8	345	-100	-100
8	45	-100	-100
8	266	-100	-100
8	195	-100	-100
8	230	-100	-100
8	119	-100	-100
8	103	-100	-100
8	199	-100	-100
8	121	-100	-100
8	148	-100	-100
8	323	-100	-100
8	155	-100	-100
8	131	-100	-100
8	84	-100	-100
8	400	-100	-100
8	14	-100	-100
8	373	-100	-100
8	309	-100	-100
8	137	-100	-100
8	219	-100	-100
8	95	-100	-100
8	383	-100	-100
8	306	-100	-100
8	340	-100	-100
8	182	-100	-100
8	186	-100	-100
8	253	-100	-100
8	40	-100	-100
8	471	-100	-100
8	320	-100	-100
8	120	-100	-100
8	240	-100	-100
8	462	-100	-100
8	297	-100	-100
8	412	-100	-100
8	272	-100	-100
8	402	-100	-100
8	344	-100	-100
8	189	-100	-100
8	73	-100	-100
8	314	-100	-100
8	305	-100	-100
8	256	-100	-100
8	156	-100	-100
7	486	-100	-100
7	169	-100	-100
7	191	-100	-100
7	353	-100	-100
7	194	-100	-100
7	44	-100	-100
7	360	-100	-100
7	308	-100	-100
7	366	-100	-100
7	202	-100	-100
7	173	-100	-100
7	333	-100	-100
7	425	-100	-100
7	132	-100	-100
7	183	-100	-100
7	86	-100	-100
7	433	-100	-100
7	45	-100	-100
7	107	-100	-100
7	493	-100	-100
7	131	-100	-100
7	232	-100	-100
7	440	-100	-100
7	311	-100	-100
7	220	-100	-100
7	104	-100	-100
7	363	-100	-100
7	373	-100	-100
7	265	-100	-100
7	168	-100	-100
7	359	-100	-100
7	352	-100	-100
7	151	-100	-100
7	176	-100	-100
7	298	-100	-100
7	301	-100	-100
7	212	-100	-100
7	150	-100	-100
7	400	-100	-100
7	282	-100	-100
7	356	-100	-100
7	101	-100	-100
7	317	-100	-100
7	361	-100	-100
7	415	-100	-100
7	20	-100	-100
7	289	-100	-100
7	52	-100	-100
7	405	-100	-100
7	276	-100	-100
7	136	-100	-100
7	251	-100	-100
7	82	-100	-100
7	184	-100	-100
7	412	-100	-100
7	293	-100	-100
7	240	-100	-100
7	23	-100	-100
7	203	-100	-100
7	102	-100	-100
7	167	-100	-100
7	27	-100	-100
7	261	-100	-100
7	272	-100	-100
7	346	-100	-100
7	25	-100	-100
7	438	-100	-100
7	362	-100	-100
7	340	-100	-100
7	253	-100	-100
7	429	-100	-100
7	499	-100	-100
7	226	-100	-100
7	87	-100	-100
7	487	-100	-100
7	178	-100	-100
7	96	-100	-100
7	188	-100	-100
7	12	-100	-100
7	97	-100	-100
7	325	-100	-100
7	241	-100	-100
7	88	-100	-100
7	494	-100	-100
7	119	-100	-100
7	313	-100	-100
7	279	-100	-100
7	371	-100	-100
7	407	-100	-100
7	130	-100	-100
7	374	-100	-100
7	115	-100	-100
7	105	-100	-100
7	129	-100	-100
7	260	-100	-100
7	233	-100	-100
7	409	-100	-100
7	53	-100	-100
7	335	-100	-100
7	498	-100	-100
7	89	-100	-100
7	445	-100	-100
7	406	-100	-100
7	481	-100	-100
7	11	-100	-100
7	63	-100	-100
7	500	-100	-100
7	297	-100	-100
7	472	-100	-100
7	336	-100	-100
7	149	-100	-100
7	94	-100	-100
7	62	-100	-100
7	288	-100	-100
7	68	-100	-100
7	271	-100	-100
7	474	-100	-100
7	392	-100	-100
7	164	-100	-100
7	451	-100	-100
7	143	-100	-100
7	214	-100	-100
7	477	-100	-100
7	444	-100	-100
7	117	-100	-100
7	124	-100	-100
7	450	-100	-100
7	411	-100	-100
7	476	-100	-100
7	381	-100	-100
7	291	-100	-100
7	277	-100	-100
7	234	-100	-100
7	211	-100	-100
7	399	-100	-100
7	442	-100	-100
7	166	-100	-100
7	170	-100	-100
7	246	-100	-100
7	109	-100	-100
7	263	-100	-100
7	386	-100	-100
7	69	-100	-100
7	397	-100	-100
7	231	-100	-100
7	93	-100	-100
7	46	-100	-100
7	121	-100	-100
7	290	-100	-100
7	201	-100	-100
7	413	-100	-100
7	259	-100	-100
7	135	-100	-100
7	435	-100	-100
7	162	-100	-100
7	126	-100	-100
7	38	-100	-100
7	369	-100	-100
7	103	-100	-100
7	66	-100	-100
7	491	-100	-100
7	51	-100	-100
7	485	-100	-100
7	141	-100	-100
7	247	-100	-100
7	50	-100	-100
7	28	-100	-100
7	140	-100	-100
7	2	-100	-100
7	424	-100	-100
7	31	-100	-100
7	138	-100	-100
7	414	-100	-100
7	24	-100	-100
7	83	-100	-100
7	319	-100	-100
7	185	-100	-100
7	17	-100	-100
7	300	-100	-100
7	147	-100	-100
7	123	-100	-100
7	90	-100	-100
7	391	-100	-100
7	42	-100	-100
7	139	-100	-100
7	219	-100	-100
7	351	-100	-100
7	383	-100	-100
7	60	-100	-100
7	216	-100	-100
7	244	-100	-100
7	355	-100	-100
7	199	-100	-100
7	402	-100	-100
7	142	-100	-100
7	266	-100	-100
7	258	-100	-100
7	218	-100	-100
7	417	-100	-100
7	350	-100	-100
7	306	-100	-100
7	75	-100	-100
7	198	-100	-100
7	403	-100	-100
7	364	-100	-100
7	95	-100	-100
7	296	-100	-100
7	330	-100	-100
7	228	-100	-100
7	15	-100	-100
7	388	-100	-100
7	284	-100	-100
7	113	-100	-100
7	312	-100	-100
7	10	-100	-100
7	155	-100	-100
7	242	-100	-100
7	447	-100	-100
7	378	-100	-100
7	192	-100	-100
7	100	-100	-100
7	344	-100	-100
7	304	-100	-100
7	443	-100	-100
7	213	-100	-100
7	331	-100	-100
7	14	-100	-100
7	146	-100	-100
7	125	-100	-100
7	394	-100	-100
7	382	-100	-100
7	303	-100	-100
7	285	-100	-100
7	22	-100	-100
2	398	-100	-100
2	478	-100	-100
2	83	-100	-100
2	49	-100	-100
2	346	-100	-100
2	206	-100	-100
2	487	-100	-100
2	89	-100	-100
2	473	-100	-100
2	298	-100	-100
2	91	-100	-100
2	39	-100	-100
2	451	-100	-100
2	123	-100	-100
2	292	-100	-100
2	288	-100	-100
2	305	-100	-100
2	457	-100	-100
2	246	-100	-100
2	213	-100	-100
2	22	-100	-100
2	108	-100	-100
2	476	-100	-100
2	21	-100	-100
2	458	-100	-100
2	100	-100	-100
2	202	-100	-100
2	496	-100	-100
2	179	-100	-100
2	96	-100	-100
2	234	-100	-100
2	331	-100	-100
2	109	-100	-100
2	354	-100	-100
2	33	-100	-100
2	214	-100	-100
2	351	-100	-100
2	481	-100	-100
2	455	-100	-100
2	252	-100	-100
2	465	-100	-100
2	302	-100	-100
2	320	-100	-100
2	242	-100	-100
2	18	-100	-100
2	428	-100	-100
2	352	-100	-100
2	85	-100	-100
2	426	-100	-100
2	19	-100	-100
2	205	-100	-100
2	325	-100	-100
2	411	-100	-100
2	329	-100	-100
2	59	-100	-100
2	87	-100	-100
2	377	-100	-100
2	415	-100	-100
2	32	-100	-100
2	390	-100	-100
2	137	-100	-100
2	400	-100	-100
2	441	-100	-100
2	284	-100	-100
2	186	-100	-100
2	283	-100	-100
2	92	-100	-100
2	485	-100	-100
2	452	-100	-100
2	296	-100	-100
2	414	-100	-100
2	437	-100	-100
2	158	-100	-100
2	140	-100	-100
2	127	-100	-100
2	342	-100	-100
2	13	-100	-100
2	41	-100	-100
2	401	-100	-100
2	46	-100	-100
2	431	-100	-100
2	191	-100	-100
2	337	-100	-100
2	175	-100	-100
2	499	-100	-100
2	181	-100	-100
2	125	-100	-100
2	464	-100	-100
2	207	-100	-100
2	281	-100	-100
2	278	-100	-100
2	165	-100	-100
2	14	-100	-100
2	161	-100	-100
2	88	-100	-100
2	11	-100	-100
2	131	-100	-100
2	456	-100	-100
2	231	-100	-100
2	467	-100	-100
2	416	-100	-100
2	177	-100	-100
2	219	-100	-100
2	93	-100	-100
2	201	-100	-100
2	323	-100	-100
2	114	-100	-100
2	386	-100	-100
2	66	-100	-100
2	409	-100	-100
2	383	-100	-100
2	164	-100	-100
2	64	-100	-100
2	122	-100	-100
2	427	-100	-100
2	461	-100	-100
2	418	-100	-100
2	483	-100	-100
2	56	-100	-100
2	225	-100	-100
2	361	-100	-100
2	129	-100	-100
2	71	-100	-100
2	391	-100	-100
2	227	-100	-100
2	267	-100	-100
2	42	-100	-100
2	54	-100	-100
2	294	-100	-100
2	271	-100	-100
2	276	-100	-100
2	260	-100	-100
2	376	-100	-100
2	367	-100	-100
2	182	-100	-100
2	99	-100	-100
2	40	-100	-100
2	256	-100	-100
2	24	-100	-100
2	10	-100	-100
2	308	-100	-100
2	63	-100	-100
2	209	-100	-100
2	317	-100	-100
2	479	-100	-100
2	375	-100	-100
2	107	-100	-100
2	474	-100	-100
2	373	-100	-100
2	369	-100	-100
2	318	-100	-100
2	29	-100	-100
2	339	-100	-100
2	392	-100	-100
2	309	-100	-100
2	420	-100	-100
2	184	-100	-100
2	150	-100	-100
2	480	-100	-100
2	389	-100	-100
2	413	-100	-100
2	460	-100	-100
2	371	-100	-100
2	307	-100	-100
2	300	-100	-100
2	277	-100	-100
2	193	-100	-100
2	360	-100	-100
2	106	-100	-100
2	130	-100	-100
2	385	-100	-100
2	266	-100	-100
2	349	-100	-100
2	470	-100	-100
2	69	-100	-100
2	155	-100	-100
2	384	-100	-100
2	491	-100	-100
2	60	-100	-100
2	406	-100	-100
2	425	-100	-100
2	357	-100	-100
2	238	-100	-100
2	168	-100	-100
2	311	-100	-100
2	35	-100	-100
2	350	-100	-100
2	439	-100	-100
2	270	-100	-100
2	156	-100	-100
2	299	-100	-100
2	45	-100	-100
2	81	-100	-100
2	345	-100	-100
2	380	-100	-100
2	332	-100	-100
2	43	-100	-100
2	197	-100	-100
2	185	-100	-100
2	445	-100	-100
2	440	-100	-100
2	404	-100	-100
2	151	-100	-100
2	211	-100	-100
2	105	-100	-100
2	113	-100	-100
2	12	-100	-100
2	149	-100	-100
2	210	-100	-100
2	334	-100	-100
2	394	-100	-100
2	30	-100	-100
2	187	-100	-100
2	248	-100	-100
2	444	-100	-100
2	469	-100	-100
2	408	-100	-100
2	232	-100	-100
2	327	-100	-100
2	51	-100	-100
2	258	-100	-100
2	310	-100	-100
2	348	-100	-100
2	250	-100	-100
2	31	-100	-100
2	301	-100	-100
2	493	-100	-100
2	208	-100	-100
2	393	-100	-100
2	364	-100	-100
2	447	-100	-100
2	134	-100	-100
2	121	-100	-100
2	388	-100	-100
2	57	-100	-100
2	450	-100	-100
2	47	-100	-100
2	466	-100	-100
2	336	-100	-100
2	279	-100	-100
2	241	-100	-100
2	70	-100	-100
2	442	-100	-100
2	9	-100	-100
2	412	-100	-100
2	84	-100	-100
24	207	-100	-100
24	404	-100	-100
24	282	-100	-100
24	98	-100	-100
24	139	-100	-100
24	109	-100	-100
24	422	-100	-100
24	342	-100	-100
24	326	-100	-100
24	464	-100	-100
24	305	-100	-100
24	104	-100	-100
24	309	-100	-100
24	321	-100	-100
24	306	-100	-100
24	246	-100	-100
24	102	-100	-100
24	314	-100	-100
24	327	-100	-100
24	19	-100	-100
24	474	-100	-100
24	388	-100	-100
24	339	-100	-100
24	447	-100	-100
24	449	-100	-100
24	361	-100	-100
24	434	-100	-100
24	18	-100	-100
24	375	-100	-100
24	260	-100	-100
24	356	-100	-100
24	22	-100	-100
24	475	-100	-100
24	92	-100	-100
24	255	-100	-100
24	88	-100	-100
24	187	-100	-100
24	496	-100	-100
24	82	-100	-100
24	278	-100	-100
24	95	-100	-100
24	372	-100	-100
24	12	-100	-100
24	448	-100	-100
24	85	-100	-100
24	261	-100	-100
24	472	-100	-100
24	355	-100	-100
24	463	-100	-100
24	65	-100	-100
24	324	-100	-100
24	445	-100	-100
24	340	-100	-100
24	371	-100	-100
24	195	-100	-100
24	209	-100	-100
24	156	-100	-100
24	232	-100	-100
24	91	-100	-100
24	111	-100	-100
24	39	-100	-100
24	223	-100	-100
24	414	-100	-100
24	459	-100	-100
24	42	-100	-100
24	162	-100	-100
24	164	-100	-100
24	51	-100	-100
24	415	-100	-100
24	294	-100	-100
24	419	-100	-100
24	482	-100	-100
24	489	-100	-100
24	222	-100	-100
24	484	-100	-100
24	63	-100	-100
24	147	-100	-100
24	441	-100	-100
24	373	-100	-100
24	99	-100	-100
24	45	-100	-100
24	273	-100	-100
24	72	-100	-100
24	304	-100	-100
24	262	-100	-100
24	493	-100	-100
24	483	-100	-100
24	289	-100	-100
24	454	-100	-100
24	476	-100	-100
24	323	-100	-100
24	257	-100	-100
24	152	-100	-100
24	154	-100	-100
24	83	-100	-100
24	77	-100	-100
24	134	-100	-100
24	172	-100	-100
24	219	-100	-100
24	148	-100	-100
24	473	-100	-100
24	168	-100	-100
24	279	-100	-100
24	435	-100	-100
24	86	-100	-100
24	177	-100	-100
24	481	-100	-100
24	224	-100	-100
24	64	-100	-100
24	71	-100	-100
24	253	-100	-100
24	478	-100	-100
24	430	-100	-100
24	468	-100	-100
24	199	-100	-100
24	131	-100	-100
24	78	-100	-100
24	344	-100	-100
24	358	-100	-100
24	146	-100	-100
24	208	-100	-100
24	47	-100	-100
24	298	-100	-100
24	436	-100	-100
24	36	-100	-100
24	274	-100	-100
24	113	-100	-100
24	15	-100	-100
24	235	-100	-100
24	455	-100	-100
24	181	-100	-100
24	114	-100	-100
24	252	-100	-100
24	389	-100	-100
24	69	-100	-100
24	243	-100	-100
24	48	-100	-100
24	288	-100	-100
24	432	-100	-100
24	425	-100	-100
24	399	-100	-100
24	87	-100	-100
24	149	-100	-100
24	450	-100	-100
24	151	-100	-100
24	491	-100	-100
24	81	-100	-100
24	160	-100	-100
24	500	-100	-100
24	280	-100	-100
24	248	-100	-100
24	438	-100	-100
24	26	-100	-100
24	31	-100	-100
24	297	-100	-100
24	437	-100	-100
24	320	-100	-100
24	110	-100	-100
24	285	-100	-100
24	205	-100	-100
24	443	-100	-100
24	494	-100	-100
24	277	-100	-100
24	453	-100	-100
24	299	-100	-100
24	317	-100	-100
24	46	-100	-100
24	488	-100	-100
24	145	-100	-100
24	397	-100	-100
24	238	-100	-100
24	328	-100	-100
24	429	-100	-100
24	231	-100	-100
24	303	-100	-100
24	212	-100	-100
24	193	-100	-100
24	385	-100	-100
24	272	-100	-100
24	142	-100	-100
24	200	-100	-100
24	392	-100	-100
24	158	-100	-100
24	122	-100	-100
24	360	-100	-100
24	439	-100	-100
24	186	-100	-100
24	227	-100	-100
24	301	-100	-100
24	176	-100	-100
24	89	-100	-100
24	409	-100	-100
24	121	-100	-100
24	105	-100	-100
24	428	-100	-100
24	16	-100	-100
24	234	-100	-100
24	153	-100	-100
24	161	-100	-100
24	127	-100	-100
24	462	-100	-100
24	182	-100	-100
24	485	-100	-100
24	118	-100	-100
24	103	-100	-100
24	215	-100	-100
24	38	-100	-100
24	136	-100	-100
24	369	-100	-100
24	211	-100	-100
24	411	-100	-100
24	40	-100	-100
24	194	-100	-100
24	400	-100	-100
24	247	-100	-100
24	144	-100	-100
24	276	-100	-100
24	391	-100	-100
24	191	-100	-100
24	210	-100	-100
24	138	-100	-100
24	202	-100	-100
24	173	-100	-100
24	35	-100	-100
24	132	-100	-100
24	198	-100	-100
24	351	-100	-100
24	183	-100	-100
24	9	-100	-100
24	395	-100	-100
24	259	-100	-100
24	349	-100	-100
24	470	-100	-100
24	190	-100	-100
24	403	-100	-100
24	204	-100	-100
24	167	-100	-100
24	180	-100	-100
24	346	-100	-100
24	433	-100	-100
24	354	-100	-100
24	203	-100	-100
24	60	-100	-100
24	310	-100	-100
24	367	-100	-100
24	410	-100	-100
24	30	-100	-100
24	165	-100	-100
24	150	-100	-100
24	452	-100	-100
121	397	-100	-100
121	106	-100	-100
121	169	-100	-100
121	472	-100	-100
121	134	-100	-100
121	481	-100	-100
121	274	-100	-100
121	488	-100	-100
121	238	-100	-100
121	415	-100	-100
121	315	-100	-100
121	413	-100	-100
121	115	-100	-100
121	15	-100	-100
121	151	-100	-100
121	153	-100	-100
121	296	-100	-100
121	150	-100	-100
121	483	-100	-100
121	420	-100	-100
121	201	-100	-100
121	400	-100	-100
121	275	-100	-100
121	188	-100	-100
121	473	-100	-100
121	384	-100	-100
121	205	-100	-100
121	62	-100	-100
121	120	-100	-100
121	257	-100	-100
121	268	-100	-100
121	112	-100	-100
121	38	-100	-100
121	456	-100	-100
121	311	-100	-100
121	467	-100	-100
121	222	-100	-100
121	139	-100	-100
121	245	-100	-100
121	469	-100	-100
121	161	-100	-100
121	312	-100	-100
121	104	-100	-100
121	114	-100	-100
121	109	-100	-100
121	389	-100	-100
121	176	-100	-100
121	269	-100	-100
121	79	-100	-100
121	122	-100	-100
121	494	-100	-100
121	283	-100	-100
121	306	-100	-100
121	482	-100	-100
121	129	-100	-100
121	322	-100	-100
121	82	-100	-100
121	73	-100	-100
121	123	-100	-100
121	76	-100	-100
121	376	-100	-100
121	190	-100	-100
121	404	-100	-100
121	294	-100	-100
121	372	-100	-100
121	318	-100	-100
121	125	-100	-100
121	240	-100	-100
121	52	-100	-100
121	430	-100	-100
121	281	-100	-100
121	398	-100	-100
121	475	-100	-100
121	410	-100	-100
121	71	-100	-100
121	231	-100	-100
121	387	-100	-100
121	237	-100	-100
121	212	-100	-100
121	411	-100	-100
121	282	-100	-100
121	102	-100	-100
121	96	-100	-100
121	159	-100	-100
121	356	-100	-100
121	449	-100	-100
121	63	-100	-100
121	265	-100	-100
121	394	-100	-100
121	375	-100	-100
121	46	-100	-100
121	94	-100	-100
121	91	-100	-100
121	407	-100	-100
121	303	-100	-100
121	319	-100	-100
121	465	-100	-100
121	86	-100	-100
121	347	-100	-100
121	23	-100	-100
121	30	-100	-100
121	405	-100	-100
121	470	-100	-100
121	378	-100	-100
121	431	-100	-100
121	107	-100	-100
121	499	-100	-100
121	67	-100	-100
121	166	-100	-100
121	474	-100	-100
121	334	-100	-100
121	93	-100	-100
121	353	-100	-100
121	16	-100	-100
121	69	-100	-100
121	374	-100	-100
121	460	-100	-100
121	300	-100	-100
121	31	-100	-100
121	223	-100	-100
121	298	-100	-100
121	53	-100	-100
121	36	-100	-100
121	185	-100	-100
121	177	-100	-100
121	433	-100	-100
121	142	-100	-100
121	239	-100	-100
121	101	-100	-100
121	273	-100	-100
121	149	-100	-100
121	54	-100	-100
121	215	-100	-100
121	484	-100	-100
121	59	-100	-100
121	49	-100	-100
121	39	-100	-100
121	337	-100	-100
121	448	-100	-100
121	57	-100	-100
121	18	-100	-100
121	181	-100	-100
121	466	-100	-100
121	50	-100	-100
121	428	-100	-100
121	253	-100	-100
121	168	-100	-100
121	216	-100	-100
121	242	-100	-100
121	97	-100	-100
121	414	-100	-100
121	293	-100	-100
121	217	-100	-100
121	143	-100	-100
121	478	-100	-100
121	331	-100	-100
121	369	-100	-100
121	64	-100	-100
121	317	-100	-100
121	426	-100	-100
121	186	-100	-100
121	266	-100	-100
121	480	-100	-100
121	192	-100	-100
121	170	-100	-100
121	335	-100	-100
121	368	-100	-100
121	241	-100	-100
121	446	-100	-100
121	173	-100	-100
121	339	-100	-100
121	355	-100	-100
121	371	-100	-100
121	330	-100	-100
121	41	-100	-100
121	193	-100	-100
121	156	-100	-100
121	259	-100	-100
121	461	-100	-100
121	360	-100	-100
121	180	-100	-100
121	187	-100	-100
121	128	-100	-100
121	246	-100	-100
121	183	-100	-100
121	154	-100	-100
121	145	-100	-100
121	313	-100	-100
121	486	-100	-100
121	98	-100	-100
121	406	-100	-100
121	113	-100	-100
121	477	-100	-100
121	297	-100	-100
121	12	-100	-100
121	305	-100	-100
121	244	-100	-100
121	131	-100	-100
121	391	-100	-100
121	21	-100	-100
121	235	-100	-100
121	452	-100	-100
121	126	-100	-100
121	464	-100	-100
121	221	-100	-100
121	445	-100	-100
121	487	-100	-100
121	196	-100	-100
121	427	-100	-100
121	344	-100	-100
121	351	-100	-100
121	272	-100	-100
121	333	-100	-100
121	309	-100	-100
121	280	-100	-100
121	329	-100	-100
121	447	-100	-100
121	160	-100	-100
121	302	-100	-100
121	435	-100	-100
121	88	-100	-100
121	277	-100	-100
121	421	-100	-100
121	270	-100	-100
121	135	-100	-100
121	346	-100	-100
121	66	-100	-100
121	61	-100	-100
121	260	-100	-100
121	364	-100	-100
121	234	-100	-100
121	500	-100	-100
121	80	-100	-100
121	189	-100	-100
121	141	-100	-100
121	495	-100	-100
121	363	-100	-100
121	365	-100	-100
121	226	-100	-100
121	258	-100	-100
121	348	-100	-100
121	34	-100	-100
121	416	-100	-100
121	209	-100	-100
121	492	-100	-100
121	148	-100	-100
121	342	-100	-100
121	175	-100	-100
121	10	-100	-100
351	151	-100	-100
351	291	-100	-100
351	258	-100	-100
351	410	-100	-100
351	343	-100	-100
351	202	-100	-100
351	315	-100	-100
351	331	-100	-100
351	80	-100	-100
351	173	-100	-100
351	268	-100	-100
351	382	-100	-100
351	224	-100	-100
351	277	-100	-100
351	192	-100	-100
351	444	-100	-100
351	28	-100	-100
351	63	-100	-100
351	334	-100	-100
351	458	-100	-100
351	274	-100	-100
351	484	-100	-100
351	50	-100	-100
351	389	-100	-100
351	390	-100	-100
351	304	-100	-100
351	371	-100	-100
351	89	-100	-100
351	397	-100	-100
351	106	-100	-100
351	462	-100	-100
351	122	-100	-100
351	309	-100	-100
351	147	-100	-100
351	145	-100	-100
351	135	-100	-100
351	256	-100	-100
351	311	-100	-100
351	427	-100	-100
351	209	-100	-100
351	289	-100	-100
351	482	-100	-100
351	464	-100	-100
351	380	-100	-100
351	152	-100	-100
351	183	-100	-100
351	276	-100	-100
351	53	-100	-100
351	404	-100	-100
351	391	-100	-100
351	123	-100	-100
351	228	-100	-100
351	491	-100	-100
351	378	-100	-100
351	146	-100	-100
351	486	-100	-100
351	157	-100	-100
351	360	-100	-100
351	82	-100	-100
351	481	-100	-100
351	441	-100	-100
351	57	-100	-100
351	140	-100	-100
351	23	-100	-100
351	193	-100	-100
351	485	-100	-100
351	287	-100	-100
351	499	-100	-100
351	317	-100	-100
351	170	-100	-100
351	242	-100	-100
351	346	-100	-100
351	282	-100	-100
351	125	-100	-100
351	271	-100	-100
351	40	-100	-100
351	385	-100	-100
351	474	-100	-100
351	438	-100	-100
351	61	-100	-100
351	413	-100	-100
351	208	-100	-100
351	104	-100	-100
351	30	-100	-100
351	174	-100	-100
351	132	-100	-100
351	214	-100	-100
351	299	-100	-100
351	169	-100	-100
351	133	-100	-100
351	18	-100	-100
351	130	-100	-100
351	453	-100	-100
351	180	-100	-100
351	442	-100	-100
351	118	-100	-100
351	237	-100	-100
351	55	-100	-100
351	320	-100	-100
351	238	-100	-100
351	126	-100	-100
351	402	-100	-100
351	196	-100	-100
351	489	-100	-100
351	116	-100	-100
351	246	-100	-100
351	399	-100	-100
351	365	-100	-100
351	46	-100	-100
351	139	-100	-100
351	310	-100	-100
351	62	-100	-100
351	381	-100	-100
351	269	-100	-100
351	70	-100	-100
351	403	-100	-100
351	105	-100	-100
351	39	-100	-100
351	22	-100	-100
351	112	-100	-100
351	101	-100	-100
351	487	-100	-100
351	185	-100	-100
351	58	-100	-100
351	437	-100	-100
351	102	-100	-100
351	279	-100	-100
351	416	-100	-100
351	43	-100	-100
351	195	-100	-100
351	67	-100	-100
351	479	-100	-100
351	339	-100	-100
351	233	-100	-100
351	409	-100	-100
351	496	-100	-100
351	298	-100	-100
351	83	-100	-100
351	124	-100	-100
351	93	-100	-100
351	16	-100	-100
351	383	-100	-100
351	430	-100	-100
351	182	-100	-100
351	115	-100	-100
351	243	-100	-100
351	153	-100	-100
351	69	-100	-100
351	495	-100	-100
351	318	-100	-100
351	33	-100	-100
351	303	-100	-100
351	72	-100	-100
351	221	-100	-100
351	92	-100	-100
351	42	-100	-100
351	11	-100	-100
351	191	-100	-100
351	207	-100	-100
351	284	-100	-100
351	251	-100	-100
351	114	-100	-100
351	352	-100	-100
351	177	-100	-100
351	330	-100	-100
351	79	-100	-100
351	363	-100	-100
351	206	-100	-100
351	488	-100	-100
351	188	-100	-100
351	326	-100	-100
351	184	-100	-100
351	172	-100	-100
351	417	-100	-100
351	377	-100	-100
351	263	-100	-100
351	443	-100	-100
351	325	-100	-100
351	95	-100	-100
351	415	-100	-100
351	400	-100	-100
351	333	-100	-100
351	156	-100	-100
351	288	-100	-100
351	52	-100	-100
351	56	-100	-100
351	327	-100	-100
351	201	-100	-100
351	218	-100	-100
351	460	-100	-100
351	392	-100	-100
351	244	-100	-100
351	131	-100	-100
351	136	-100	-100
351	446	-100	-100
351	41	-100	-100
351	142	-100	-100
351	475	-100	-100
351	167	-100	-100
351	300	-100	-100
351	78	-100	-100
351	81	-100	-100
351	128	-100	-100
351	107	-100	-100
351	432	-100	-100
351	236	-100	-100
351	433	-100	-100
351	393	-100	-100
351	344	-100	-100
351	429	-100	-100
351	275	-100	-100
351	27	-100	-100
351	109	-100	-100
351	405	-100	-100
351	149	-100	-100
351	394	-100	-100
351	247	-100	-100
351	312	-100	-100
351	424	-100	-100
351	398	-100	-100
351	418	-100	-100
351	364	-100	-100
351	103	-100	-100
351	428	-100	-100
351	60	-100	-100
351	321	-100	-100
351	388	-100	-100
351	314	-100	-100
351	426	-100	-100
351	267	-100	-100
351	323	-100	-100
351	459	-100	-100
351	227	-100	-100
351	301	-100	-100
351	340	-100	-100
351	467	-100	-100
351	215	-100	-100
351	66	-100	-100
351	99	-100	-100
351	10	-100	-100
351	159	-100	-100
351	255	-100	-100
351	308	-100	-100
351	285	-100	-100
351	186	-100	-100
351	372	-100	-100
351	85	-100	-100
351	87	-100	-100
298	341	-100	-100
298	303	-100	-100
298	227	-100	-100
298	435	-100	-100
298	173	-100	-100
298	214	-100	-100
298	275	-100	-100
298	297	-100	-100
298	335	-100	-100
298	207	-100	-100
298	353	-100	-100
298	386	-100	-100
298	377	-100	-100
298	371	-100	-100
298	165	-100	-100
298	218	-100	-100
298	29	-100	-100
298	453	-100	-100
298	333	-100	-100
298	144	-100	-100
298	356	-100	-100
298	59	-100	-100
298	79	-100	-100
298	105	-100	-100
298	309	-100	-100
298	352	-100	-100
298	359	-100	-100
298	485	-100	-100
298	106	-100	-100
298	408	-100	-100
298	169	-100	-100
298	391	-100	-100
298	396	-100	-100
298	81	-100	-100
298	441	-100	-100
298	34	-100	-100
298	398	-100	-100
298	430	-100	-100
298	263	-100	-100
298	300	-100	-100
298	74	-100	-100
298	35	-100	-100
298	304	-100	-100
298	392	-100	-100
298	462	-100	-100
298	161	-100	-100
298	102	-100	-100
298	368	-100	-100
298	474	-100	-100
298	422	-100	-100
298	282	-100	-100
298	195	-100	-100
298	46	-100	-100
298	500	-100	-100
298	166	-100	-100
298	423	-100	-100
298	63	-100	-100
298	41	-100	-100
298	189	-100	-100
298	494	-100	-100
298	287	-100	-100
298	167	-100	-100
298	152	-100	-100
298	83	-100	-100
298	467	-100	-100
298	160	-100	-100
298	57	-100	-100
298	476	-100	-100
298	138	-100	-100
298	45	-100	-100
298	331	-100	-100
298	21	-100	-100
298	486	-100	-100
298	265	-100	-100
298	217	-100	-100
298	15	-100	-100
298	192	-100	-100
298	253	-100	-100
298	446	-100	-100
298	56	-100	-100
298	64	-100	-100
298	358	-100	-100
298	268	-100	-100
298	357	-100	-100
298	51	-100	-100
298	316	-100	-100
298	85	-100	-100
298	113	-100	-100
298	237	-100	-100
298	36	-100	-100
298	233	-100	-100
298	404	-100	-100
298	406	-100	-100
298	348	-100	-100
298	269	-100	-100
298	140	-100	-100
298	330	-100	-100
298	71	-100	-100
298	156	-100	-100
298	379	-100	-100
298	48	-100	-100
298	112	-100	-100
298	103	-100	-100
298	52	-100	-100
298	451	-100	-100
298	126	-100	-100
298	270	-100	-100
298	200	-100	-100
298	314	-100	-100
298	141	-100	-100
298	382	-100	-100
298	380	-100	-100
298	179	-100	-100
298	369	-100	-100
298	458	-100	-100
298	127	-100	-100
298	191	-100	-100
298	43	-100	-100
298	258	-100	-100
298	53	-100	-100
298	366	-100	-100
298	384	-100	-100
298	477	-100	-100
298	266	-100	-100
298	325	-100	-100
298	97	-100	-100
298	461	-100	-100
298	209	-100	-100
298	238	-100	-100
298	98	-100	-100
298	193	-100	-100
298	184	-100	-100
298	429	-100	-100
298	385	-100	-100
298	452	-100	-100
298	460	-100	-100
298	482	-100	-100
298	254	-100	-100
298	310	-100	-100
298	77	-100	-100
298	262	-100	-100
298	242	-100	-100
298	346	-100	-100
298	198	-100	-100
298	498	-100	-100
298	23	-100	-100
298	481	-100	-100
298	390	-100	-100
298	264	-100	-100
298	471	-100	-100
298	60	-100	-100
298	496	-100	-100
298	150	-100	-100
298	220	-100	-100
298	176	-100	-100
298	347	-100	-100
298	285	-100	-100
298	28	-100	-100
298	373	-100	-100
298	114	-100	-100
298	243	-100	-100
298	383	-100	-100
298	249	-100	-100
298	147	-100	-100
298	225	-100	-100
298	123	-100	-100
298	407	-100	-100
298	231	-100	-100
298	405	-100	-100
298	222	-100	-100
298	280	-100	-100
298	248	-100	-100
298	332	-100	-100
298	73	-100	-100
298	32	-100	-100
298	311	-100	-100
298	459	-100	-100
298	122	-100	-100
298	250	-100	-100
298	361	-100	-100
298	421	-100	-100
298	163	-100	-100
298	296	-100	-100
298	484	-100	-100
298	443	-100	-100
298	489	-100	-100
298	142	-100	-100
298	120	-100	-100
298	215	-100	-100
298	414	-100	-100
298	394	-100	-100
298	151	-100	-100
298	495	-100	-100
298	66	-100	-100
298	273	-100	-100
298	393	-100	-100
298	159	-100	-100
298	324	-100	-100
298	88	-100	-100
298	490	-100	-100
298	219	-100	-100
298	464	-100	-100
298	101	-100	-100
298	84	-100	-100
298	305	-100	-100
298	256	-100	-100
298	72	-100	-100
298	413	-100	-100
298	420	-100	-100
298	301	-100	-100
298	67	-100	-100
298	12	-100	-100
298	25	-100	-100
298	475	-100	-100
298	417	-100	-100
298	295	-100	-100
298	139	-100	-100
298	180	-100	-100
298	20	-100	-100
298	466	-100	-100
298	260	-100	-100
298	202	-100	-100
298	154	-100	-100
298	197	-100	-100
298	388	-100	-100
298	322	-100	-100
298	244	-100	-100
298	401	-100	-100
298	442	-100	-100
298	153	-100	-100
298	277	-100	-100
298	342	-100	-100
298	439	-100	-100
298	94	-100	-100
298	22	-100	-100
298	235	-100	-100
298	469	-100	-100
298	468	-100	-100
298	326	-100	-100
298	338	-100	-100
298	288	-100	-100
298	425	-100	-100
298	321	-100	-100
298	415	-100	-100
298	87	-100	-100
298	234	-100	-100
298	255	-100	-100
298	129	-100	-100
151	260	-100	-100
151	490	-100	-100
151	387	-100	-100
151	323	-100	-100
151	139	-100	-100
151	33	-100	-100
151	200	-100	-100
151	451	-100	-100
151	219	-100	-100
151	122	-100	-100
151	402	-100	-100
151	442	-100	-100
151	249	-100	-100
151	255	-100	-100
151	115	-100	-100
151	378	-100	-100
151	112	-100	-100
151	158	-100	-100
151	393	-100	-100
151	232	-100	-100
151	192	-100	-100
151	324	-100	-100
151	220	-100	-100
151	222	-100	-100
151	366	-100	-100
151	259	-100	-100
151	371	-100	-100
151	278	-100	-100
151	204	-100	-100
151	447	-100	-100
151	226	-100	-100
151	499	-100	-100
151	410	-100	-100
151	460	-100	-100
151	97	-100	-100
151	56	-100	-100
151	395	-100	-100
151	437	-100	-100
151	261	-100	-100
151	434	-100	-100
151	464	-100	-100
151	290	-100	-100
151	353	-100	-100
151	339	-100	-100
151	317	-100	-100
151	315	-100	-100
151	95	-100	-100
151	406	-100	-100
151	15	-100	-100
151	303	-100	-100
151	38	-100	-100
151	422	-100	-100
151	117	-100	-100
151	149	-100	-100
151	452	-100	-100
151	162	-100	-100
151	146	-100	-100
151	124	-100	-100
151	280	-100	-100
151	16	-100	-100
151	389	-100	-100
151	44	-100	-100
151	362	-100	-100
151	418	-100	-100
151	375	-100	-100
151	304	-100	-100
151	266	-100	-100
151	374	-100	-100
151	287	-100	-100
151	288	-100	-100
151	480	-100	-100
151	66	-100	-100
151	182	-100	-100
151	253	-100	-100
151	329	-100	-100
151	453	-100	-100
151	69	-100	-100
151	178	-100	-100
151	289	-100	-100
151	101	-100	-100
151	349	-100	-100
151	419	-100	-100
151	465	-100	-100
151	177	-100	-100
151	440	-100	-100
151	405	-100	-100
151	365	-100	-100
151	334	-100	-100
151	425	-100	-100
151	430	-100	-100
151	118	-100	-100
151	30	-100	-100
151	28	-100	-100
151	332	-100	-100
151	73	-100	-100
151	495	-100	-100
151	341	-100	-100
151	462	-100	-100
151	160	-100	-100
151	333	-100	-100
151	252	-100	-100
151	456	-100	-100
151	469	-100	-100
151	346	-100	-100
151	234	-100	-100
151	493	-100	-100
151	342	-100	-100
151	472	-100	-100
151	145	-100	-100
151	286	-100	-100
151	108	-100	-100
151	320	-100	-100
151	129	-100	-100
151	477	-100	-100
151	312	-100	-100
151	421	-100	-100
151	165	-100	-100
151	487	-100	-100
151	49	-100	-100
151	92	-100	-100
151	455	-100	-100
151	34	-100	-100
151	47	-100	-100
151	330	-100	-100
151	134	-100	-100
151	299	-100	-100
151	126	-100	-100
151	404	-100	-100
151	354	-100	-100
151	170	-100	-100
151	161	-100	-100
151	265	-100	-100
151	369	-100	-100
151	243	-100	-100
151	164	-100	-100
151	306	-100	-100
151	23	-100	-100
151	218	-100	-100
151	26	-100	-100
151	172	-100	-100
151	357	-100	-100
151	264	-100	-100
151	276	-100	-100
151	64	-100	-100
151	11	-100	-100
151	42	-100	-100
151	185	-100	-100
151	43	-100	-100
151	345	-100	-100
151	275	-100	-100
151	282	-100	-100
151	246	-100	-100
151	381	-100	-100
151	458	-100	-100
151	157	-100	-100
151	31	-100	-100
151	292	-100	-100
151	154	-100	-100
151	87	-100	-100
151	70	-100	-100
151	391	-100	-100
151	284	-100	-100
151	166	-100	-100
151	168	-100	-100
151	60	-100	-100
151	272	-100	-100
151	207	-100	-100
151	466	-100	-100
151	379	-100	-100
151	283	-100	-100
151	100	-100	-100
151	497	-100	-100
151	361	-100	-100
151	242	-100	-100
151	488	-100	-100
151	478	-100	-100
151	214	-100	-100
151	360	-100	-100
151	463	-100	-100
151	384	-100	-100
151	267	-100	-100
151	358	-100	-100
151	94	-100	-100
151	46	-100	-100
151	500	-100	-100
151	436	-100	-100
151	110	-100	-100
151	310	-100	-100
151	257	-100	-100
151	445	-100	-100
151	240	-100	-100
151	229	-100	-100
151	473	-100	-100
151	423	-100	-100
151	413	-100	-100
151	131	-100	-100
151	400	-100	-100
151	175	-100	-100
151	411	-100	-100
151	212	-100	-100
151	258	-100	-100
151	82	-100	-100
151	444	-100	-100
151	481	-100	-100
151	368	-100	-100
151	143	-100	-100
151	148	-100	-100
151	79	-100	-100
151	407	-100	-100
151	336	-100	-100
151	17	-100	-100
151	132	-100	-100
151	141	-100	-100
151	18	-100	-100
151	61	-100	-100
151	415	-100	-100
151	308	-100	-100
151	347	-100	-100
151	297	-100	-100
151	159	-100	-100
151	471	-100	-100
151	401	-100	-100
151	376	-100	-100
151	313	-100	-100
151	385	-100	-100
151	412	-100	-100
151	459	-100	-100
151	427	-100	-100
151	210	-100	-100
151	106	-100	-100
151	32	-100	-100
151	394	-100	-100
151	9	-100	-100
151	343	-100	-100
151	197	-100	-100
151	424	-100	-100
151	135	-100	-100
151	486	-100	-100
151	111	-100	-100
151	90	-100	-100
151	301	-100	-100
151	65	-100	-100
151	22	-100	-100
151	209	-100	-100
151	93	-100	-100
151	314	-100	-100
151	498	-100	-100
42	333	-100	-100
42	93	-100	-100
42	74	-100	-100
42	226	-100	-100
42	404	-100	-100
42	76	-100	-100
42	227	-100	-100
42	342	-100	-100
42	384	-100	-100
42	75	-100	-100
42	215	-100	-100
42	430	-100	-100
42	408	-100	-100
42	233	-100	-100
42	23	-100	-100
42	362	-100	-100
42	343	-100	-100
42	239	-100	-100
42	470	-100	-100
42	389	-100	-100
42	54	-100	-100
42	202	-100	-100
42	476	-100	-100
42	110	-100	-100
42	274	-100	-100
42	14	-100	-100
42	329	-100	-100
42	28	-100	-100
42	229	-100	-100
42	45	-100	-100
42	420	-100	-100
42	272	-100	-100
42	40	-100	-100
42	196	-100	-100
42	115	-100	-100
42	254	-100	-100
42	148	-100	-100
42	356	-100	-100
42	104	-100	-100
42	471	-100	-100
42	13	-100	-100
42	317	-100	-100
42	424	-100	-100
42	249	-100	-100
42	161	-100	-100
42	114	-100	-100
42	133	-100	-100
42	208	-100	-100
42	167	-100	-100
42	295	-100	-100
42	186	-100	-100
42	73	-100	-100
42	285	-100	-100
42	264	-100	-100
42	128	-100	-100
42	41	-100	-100
42	319	-100	-100
42	287	-100	-100
42	375	-100	-100
42	103	-100	-100
42	228	-100	-100
42	140	-100	-100
42	433	-100	-100
42	64	-100	-100
42	359	-100	-100
42	165	-100	-100
42	102	-100	-100
42	247	-100	-100
42	232	-100	-100
42	173	-100	-100
42	238	-100	-100
42	494	-100	-100
42	391	-100	-100
42	277	-100	-100
42	435	-100	-100
42	393	-100	-100
42	130	-100	-100
42	335	-100	-100
42	397	-100	-100
42	135	-100	-100
42	345	-100	-100
42	488	-100	-100
42	445	-100	-100
42	163	-100	-100
42	230	-100	-100
42	91	-100	-100
42	314	-100	-100
42	81	-100	-100
42	82	-100	-100
42	269	-100	-100
42	381	-100	-100
42	321	-100	-100
42	421	-100	-100
42	427	-100	-100
42	100	-100	-100
42	51	-100	-100
42	486	-100	-100
42	178	-100	-100
42	17	-100	-100
42	67	-100	-100
42	303	-100	-100
42	499	-100	-100
42	347	-100	-100
42	419	-100	-100
42	286	-100	-100
42	328	-100	-100
42	346	-100	-100
42	461	-100	-100
42	158	-100	-100
42	199	-100	-100
42	313	-100	-100
42	450	-100	-100
42	98	-100	-100
42	331	-100	-100
42	157	-100	-100
42	174	-100	-100
42	370	-100	-100
42	177	-100	-100
42	423	-100	-100
42	62	-100	-100
42	122	-100	-100
42	126	-100	-100
42	469	-100	-100
42	278	-100	-100
42	312	-100	-100
42	192	-100	-100
42	58	-100	-100
42	262	-100	-100
42	431	-100	-100
42	434	-100	-100
42	467	-100	-100
42	18	-100	-100
42	300	-100	-100
42	320	-100	-100
42	107	-100	-100
42	127	-100	-100
42	143	-100	-100
42	95	-100	-100
42	302	-100	-100
42	407	-100	-100
42	205	-100	-100
42	116	-100	-100
42	138	-100	-100
42	318	-100	-100
42	485	-100	-100
42	78	-100	-100
42	292	-100	-100
42	44	-100	-100
42	60	-100	-100
42	456	-100	-100
42	344	-100	-100
42	203	-100	-100
42	482	-100	-100
42	352	-100	-100
42	219	-100	-100
42	350	-100	-100
42	240	-100	-100
42	150	-100	-100
42	373	-100	-100
42	261	-100	-100
42	275	-100	-100
42	152	-100	-100
42	57	-100	-100
42	371	-100	-100
42	99	-100	-100
42	92	-100	-100
42	183	-100	-100
42	340	-100	-100
42	491	-100	-100
42	137	-100	-100
42	355	-100	-100
42	308	-100	-100
42	474	-100	-100
42	459	-100	-100
42	21	-100	-100
42	417	-100	-100
42	231	-100	-100
42	334	-100	-100
42	415	-100	-100
42	29	-100	-100
42	400	-100	-100
42	70	-100	-100
42	452	-100	-100
42	464	-100	-100
42	477	-100	-100
42	339	-100	-100
42	213	-100	-100
42	124	-100	-100
42	366	-100	-100
42	22	-100	-100
42	181	-100	-100
42	438	-100	-100
42	449	-100	-100
42	216	-100	-100
42	113	-100	-100
42	166	-100	-100
42	437	-100	-100
42	481	-100	-100
42	425	-100	-100
42	483	-100	-100
42	309	-100	-100
42	139	-100	-100
42	190	-100	-100
42	493	-100	-100
42	401	-100	-100
42	451	-100	-100
42	307	-100	-100
42	265	-100	-100
42	388	-100	-100
42	410	-100	-100
42	460	-100	-100
42	27	-100	-100
42	446	-100	-100
42	112	-100	-100
42	252	-100	-100
42	422	-100	-100
42	399	-100	-100
42	377	-100	-100
42	193	-100	-100
42	498	-100	-100
42	380	-100	-100
42	71	-100	-100
42	223	-100	-100
42	222	-100	-100
42	77	-100	-100
42	436	-100	-100
42	327	-100	-100
42	379	-100	-100
42	210	-100	-100
42	369	-100	-100
42	123	-100	-100
42	282	-100	-100
42	47	-100	-100
42	398	-100	-100
42	154	-100	-100
42	204	-100	-100
42	301	-100	-100
42	332	-100	-100
42	97	-100	-100
42	396	-100	-100
42	293	-100	-100
42	65	-100	-100
42	394	-100	-100
42	136	-100	-100
42	84	-100	-100
42	53	-100	-100
42	184	-100	-100
309	95	-100	-100
309	342	-100	-100
309	128	-100	-100
309	278	-100	-100
309	79	-100	-100
309	449	-100	-100
309	289	-100	-100
309	364	-100	-100
309	283	-100	-100
309	148	-100	-100
309	149	-100	-100
309	34	-100	-100
309	182	-100	-100
309	308	-100	-100
309	419	-100	-100
309	323	-100	-100
309	307	-100	-100
309	78	-100	-100
309	127	-100	-100
309	313	-100	-100
309	427	-100	-100
309	160	-100	-100
309	220	-100	-100
309	130	-100	-100
309	126	-100	-100
309	272	-100	-100
309	233	-100	-100
309	300	-100	-100
309	456	-100	-100
309	243	-100	-100
309	239	-100	-100
309	77	-100	-100
309	38	-100	-100
309	457	-100	-100
309	177	-100	-100
309	304	-100	-100
309	184	-100	-100
309	86	-100	-100
309	396	-100	-100
309	335	-100	-100
309	139	-100	-100
309	400	-100	-100
309	333	-100	-100
309	242	-100	-100
309	124	-100	-100
309	209	-100	-100
309	287	-100	-100
309	54	-100	-100
309	244	-100	-100
309	46	-100	-100
309	486	-100	-100
309	381	-100	-100
309	259	-100	-100
309	168	-100	-100
309	488	-100	-100
309	380	-100	-100
309	189	-100	-100
309	30	-100	-100
309	405	-100	-100
309	483	-100	-100
309	337	-100	-100
309	55	-100	-100
309	322	-100	-100
309	257	-100	-100
309	481	-100	-100
309	208	-100	-100
309	443	-100	-100
309	185	-100	-100
309	350	-100	-100
309	409	-100	-100
309	175	-100	-100
309	15	-100	-100
309	284	-100	-100
309	166	-100	-100
309	241	-100	-100
309	436	-100	-100
309	412	-100	-100
309	88	-100	-100
309	83	-100	-100
309	235	-100	-100
309	485	-100	-100
309	222	-100	-100
309	383	-100	-100
309	11	-100	-100
309	201	-100	-100
309	260	-100	-100
309	455	-100	-100
309	221	-100	-100
309	64	-100	-100
309	143	-100	-100
309	500	-100	-100
309	47	-100	-100
309	416	-100	-100
309	277	-100	-100
309	62	-100	-100
309	14	-100	-100
309	369	-100	-100
309	274	-100	-100
309	453	-100	-100
309	497	-100	-100
309	197	-100	-100
309	440	-100	-100
309	268	-100	-100
309	116	-100	-100
309	240	-100	-100
309	27	-100	-100
309	142	-100	-100
309	414	-100	-100
309	389	-100	-100
309	472	-100	-100
309	145	-100	-100
309	343	-100	-100
309	67	-100	-100
309	349	-100	-100
309	442	-100	-100
309	238	-100	-100
309	57	-100	-100
309	119	-100	-100
309	451	-100	-100
309	362	-100	-100
309	331	-100	-100
309	368	-100	-100
309	291	-100	-100
309	324	-100	-100
309	302	-100	-100
309	211	-100	-100
309	454	-100	-100
309	129	-100	-100
309	22	-100	-100
309	285	-100	-100
309	439	-100	-100
309	385	-100	-100
309	374	-100	-100
309	465	-100	-100
309	115	-100	-100
309	318	-100	-100
309	101	-100	-100
309	411	-100	-100
309	140	-100	-100
309	407	-100	-100
309	94	-100	-100
309	85	-100	-100
309	252	-100	-100
309	118	-100	-100
309	373	-100	-100
309	84	-100	-100
309	466	-100	-100
309	360	-100	-100
309	194	-100	-100
309	447	-100	-100
309	410	-100	-100
309	31	-100	-100
309	297	-100	-100
309	196	-100	-100
309	404	-100	-100
309	200	-100	-100
309	253	-100	-100
309	91	-100	-100
309	282	-100	-100
309	202	-100	-100
309	44	-100	-100
309	321	-100	-100
309	93	-100	-100
309	114	-100	-100
309	339	-100	-100
309	329	-100	-100
309	499	-100	-100
309	187	-100	-100
309	279	-100	-100
309	424	-100	-100
309	415	-100	-100
309	357	-100	-100
309	378	-100	-100
309	146	-100	-100
309	399	-100	-100
309	397	-100	-100
309	460	-100	-100
309	275	-100	-100
309	290	-100	-100
309	87	-100	-100
309	18	-100	-100
309	386	-100	-100
309	223	-100	-100
309	206	-100	-100
309	382	-100	-100
309	310	-100	-100
309	131	-100	-100
309	152	-100	-100
309	50	-100	-100
309	317	-100	-100
309	258	-100	-100
309	237	-100	-100
309	165	-100	-100
309	496	-100	-100
309	305	-100	-100
309	354	-100	-100
309	156	-100	-100
309	270	-100	-100
309	420	-100	-100
309	132	-100	-100
309	92	-100	-100
309	33	-100	-100
309	20	-100	-100
309	391	-100	-100
309	370	-100	-100
309	75	-100	-100
309	495	-100	-100
309	69	-100	-100
309	113	-100	-100
309	9	-100	-100
309	341	-100	-100
309	134	-100	-100
309	426	-100	-100
309	228	-100	-100
309	169	-100	-100
309	26	-100	-100
309	96	-100	-100
309	17	-100	-100
309	120	-100	-100
309	271	-100	-100
309	328	-100	-100
309	100	-100	-100
309	365	-100	-100
309	435	-100	-100
309	390	-100	-100
309	276	-100	-100
309	248	-100	-100
309	345	-100	-100
309	176	-100	-100
309	90	-100	-100
309	344	-100	-100
309	296	-100	-100
309	66	-100	-100
309	432	-100	-100
309	21	-100	-100
309	379	-100	-100
309	327	-100	-100
309	158	-100	-100
309	288	-100	-100
309	147	-100	-100
309	487	-100	-100
309	236	-100	-100
309	392	-100	-100
309	366	-100	-100
309	73	-100	-100
309	444	-100	-100
277	18	-100	-100
277	365	-100	-100
277	427	-100	-100
277	160	-100	-100
277	220	-100	-100
277	311	-100	-100
277	129	-100	-100
277	274	-100	-100
277	374	-100	-100
277	308	-100	-100
277	316	-100	-100
277	31	-100	-100
277	407	-100	-100
277	164	-100	-100
277	130	-100	-100
277	451	-100	-100
277	323	-100	-100
277	140	-100	-100
277	342	-100	-100
277	209	-100	-100
277	167	-100	-100
277	473	-100	-100
277	19	-100	-100
277	131	-100	-100
277	48	-100	-100
277	282	-100	-100
277	266	-100	-100
277	385	-100	-100
277	87	-100	-100
277	433	-100	-100
277	330	-100	-100
277	157	-100	-100
277	175	-100	-100
277	291	-100	-100
277	32	-100	-100
277	430	-100	-100
277	422	-100	-100
277	499	-100	-100
277	494	-100	-100
277	173	-100	-100
277	285	-100	-100
277	83	-100	-100
277	252	-100	-100
277	317	-100	-100
277	287	-100	-100
277	183	-100	-100
277	292	-100	-100
277	447	-100	-100
277	47	-100	-100
277	102	-100	-100
277	122	-100	-100
277	234	-100	-100
277	400	-100	-100
277	379	-100	-100
277	262	-100	-100
277	469	-100	-100
277	388	-100	-100
277	463	-100	-100
277	90	-100	-100
277	99	-100	-100
277	284	-100	-100
277	361	-100	-100
277	338	-100	-100
277	477	-100	-100
277	256	-100	-100
277	43	-100	-100
277	28	-100	-100
277	142	-100	-100
277	225	-100	-100
277	310	-100	-100
277	456	-100	-100
277	393	-100	-100
277	471	-100	-100
277	462	-100	-100
277	9	-100	-100
277	233	-100	-100
277	484	-100	-100
277	364	-100	-100
277	371	-100	-100
277	347	-100	-100
277	260	-100	-100
277	159	-100	-100
277	439	-100	-100
277	201	-100	-100
277	227	-100	-100
277	398	-100	-100
277	383	-100	-100
277	165	-100	-100
277	445	-100	-100
277	425	-100	-100
277	467	-100	-100
277	108	-100	-100
277	354	-100	-100
277	171	-100	-100
277	14	-100	-100
277	331	-100	-100
277	296	-100	-100
277	110	-100	-100
277	98	-100	-100
277	345	-100	-100
277	476	-100	-100
277	73	-100	-100
277	464	-100	-100
277	204	-100	-100
277	459	-100	-100
277	257	-100	-100
277	326	-100	-100
277	154	-100	-100
277	246	-100	-100
277	77	-100	-100
277	329	-100	-100
277	112	-100	-100
277	63	-100	-100
277	391	-100	-100
277	21	-100	-100
277	247	-100	-100
277	56	-100	-100
277	419	-100	-100
277	162	-100	-100
277	69	-100	-100
277	293	-100	-100
277	185	-100	-100
277	238	-100	-100
277	146	-100	-100
277	149	-100	-100
277	297	-100	-100
277	91	-100	-100
277	94	-100	-100
277	240	-100	-100
277	195	-100	-100
277	409	-100	-100
277	362	-100	-100
277	52	-100	-100
277	97	-100	-100
277	93	-100	-100
277	103	-100	-100
277	432	-100	-100
277	421	-100	-100
277	79	-100	-100
277	384	-100	-100
277	486	-100	-100
277	403	-100	-100
277	54	-100	-100
277	356	-100	-100
277	215	-100	-100
277	307	-100	-100
277	335	-100	-100
277	80	-100	-100
277	300	-100	-100
277	72	-100	-100
277	344	-100	-100
277	450	-100	-100
277	491	-100	-100
277	51	-100	-100
277	480	-100	-100
277	453	-100	-100
277	163	-100	-100
277	191	-100	-100
277	23	-100	-100
277	190	-100	-100
277	177	-100	-100
277	100	-100	-100
277	482	-100	-100
277	15	-100	-100
277	387	-100	-100
277	104	-100	-100
277	312	-100	-100
277	279	-100	-100
277	89	-100	-100
277	333	-100	-100
277	115	-100	-100
277	170	-100	-100
277	290	-100	-100
277	466	-100	-100
277	397	-100	-100
277	78	-100	-100
277	40	-100	-100
277	57	-100	-100
277	37	-100	-100
277	283	-100	-100
277	101	-100	-100
277	443	-100	-100
277	152	-100	-100
277	243	-100	-100
277	496	-100	-100
277	475	-100	-100
277	415	-100	-100
277	468	-100	-100
277	359	-100	-100
277	500	-100	-100
277	223	-100	-100
277	286	-100	-100
277	226	-100	-100
277	178	-100	-100
277	332	-100	-100
277	133	-100	-100
277	84	-100	-100
277	174	-100	-100
277	213	-100	-100
277	88	-100	-100
277	303	-100	-100
277	250	-100	-100
277	314	-100	-100
277	255	-100	-100
277	435	-100	-100
277	30	-100	-100
277	107	-100	-100
277	336	-100	-100
277	334	-100	-100
277	55	-100	-100
277	368	-100	-100
277	320	-100	-100
277	144	-100	-100
277	10	-100	-100
277	319	-100	-100
277	390	-100	-100
277	203	-100	-100
277	394	-100	-100
277	276	-100	-100
277	404	-100	-100
277	465	-100	-100
277	429	-100	-100
277	96	-100	-100
277	337	-100	-100
277	341	-100	-100
277	161	-100	-100
277	249	-100	-100
277	180	-100	-100
277	199	-100	-100
277	92	-100	-100
277	200	-100	-100
277	369	-100	-100
277	221	-100	-100
277	382	-100	-100
277	239	-100	-100
277	461	-100	-100
277	212	-100	-100
277	446	-100	-100
277	20	-100	-100
277	192	-100	-100
277	416	-100	-100
277	493	-100	-100
277	136	-100	-100
277	389	-100	-100
277	392	-100	-100
277	322	-100	-100
404	327	-100	-100
238	131	-100	-100
397	307	-100	-100
342	189	-100	-100
317	128	-100	-100
369	413	-100	-100
177	416	-100	-100
308	17	-100	-100
394	313	-100	-100
140	421	-100	-100
192	471	-100	-100
415	186	-100	-100
22	468	-100	-100
77	129	-100	-100
451	487	-100	-100
139	110	-100	-100
18	386	-100	-100
15	288	-100	-100
460	202	-100	-100
301	38	-100	-100
103	62	-100	-100
287	327	-100	-100
297	304	-100	-100
453	389	-100	-100
284	158	-100	-100
101	361	-100	-100
333	481	-100	-100
202	349	-100	-100
69	345	-100	-100
486	346	-100	-100
300	211	-100	-100
93	378	-100	-100
329	97	-100	-100
57	147	-100	-100
500	424	-100	-100
452	124	-100	-100
219	157	-100	-100
389	302	-100	-100
346	372	-100	-100
360	59	-100	-100
129	215	-100	-100
467	405	-100	-100
429	67	-100	-100
126	46	-100	-100
285	322	-100	-100
320	82	-100	-100
345	327	-100	-100
149	62	-100	-100
122	255	-100	-100
381	32	-100	-100
87	94	-100	-100
392	114	-100	-100
62	355	-100	-100
234	216	-100	-100
327	343	-100	-100
331	89	-100	-100
407	334	-100	-100
115	34	-100	-100
474	67	-100	-100
325	47	-100	-100
51	155	-100	-100
255	198	-100	-100
170	386	-100	-100
50	355	-100	-100
123	307	-100	-100
278	484	-100	-100
372	294	-100	-100
439	431	-100	-100
302	148	-100	-100
158	416	-100	-100
178	270	-100	-100
73	365	-100	-100
89	318	-100	-100
107	319	-100	-100
26	70	-100	-100
180	221	-100	-100
32	228	-100	-100
204	251	-100	-100
27	283	-100	-100
483	262	-100	-100
156	105	-100	-100
127	203	-100	-100
306	354	-100	-100
491	398	-100	-100
378	68	-100	-100
105	489	-100	-100
358	266	-100	-100
432	48	-100	-100
271	190	-100	-100
426	200	-100	-100
470	324	-100	-100
249	90	-100	-100
349	118	-100	-100
357	171	-100	-100
379	299	-100	-100
264	171	-100	-100
261	144	-100	-100
254	20	-100	-100
143	118	-100	-100
286	68	-100	-100
39	326	-100	-100
336	224	-100	-100
213	434	-100	-100
281	235	-100	-100
220	208	-100	-100
81	367	-100	-100
75	174	-100	-100
25	65	-100	-100
125	108	-100	-100
489	128	-100	-100
295	163	-100	-100
162	36	-100	-100
120	55	-100	-100
36	479	-100	-100
457	423	-100	-100
155	29	-100	-100
225	206	-100	-100
171	387	-100	-100
250	86	-100	-100
230	448	-100	-100
292	236	-100	-100
495	179	-100	-100
116	497	-100	-100
11	463	-100	-100
80	273	-100	-100
55	367	-100	-100
13	376	-100	-100
206	263	-100	-100
387	217	-100	-100
48	316	-100	-100
134	273	-100	-100
479	294	-100	-100
263	217	-100	-100
29	72	-100	-100
86	328	-100	-100
497	448	-100	-100
273	61	-100	-100
294	370	-100	-100
316	363	-100	-100
370	229	-100	-100
363	229	-100	-100
448	328	-100	-100
229	108	-100	-100
108	490	-100	-100
117	376	-100	-100
117	163	-100	-100
163	74	-100	-100
434	353	-100	-100
58	492	-100	-100
454	188	-100	-100
35	111	-100	-100
133	144	-100	-100
338	395	-100	-100
137	111	-100	-100
61	188	-100	-100
194	245	-100	-100
76	490	-100	-100
76	245	-100	-100
490	245	-100	-100
