500
2085
2
1	2	2	5
1	3	6	4
1	4	6	2
1	5	9	7
1	6	7	9
1	7	9	3
1	8	7	4
1	9	8	4
1	10	5	3
1	11	8	2
1	12	3	2
1	13	8	10
1	14	8	1
1	15	1	5
1	16	8	2
1	17	1	2
1	18	10	8
1	19	5	1
1	20	6	8
1	21	7	8
1	22	3	9
1	23	2	7
1	24	7	6
1	25	10	8
1	26	8	4
1	27	5	9
1	28	9	2
1	29	1	8
1	30	1	9
1	31	9	4
1	32	5	10
1	33	9	5
1	34	3	7
1	35	8	3
1	36	7	8
1	37	9	6
1	38	3	10
1	39	10	9
1	40	5	2
1	41	9	3
1	42	4	6
1	43	3	2
1	44	7	1
1	45	10	3
1	46	9	7
1	47	10	9
1	48	2	3
1	49	5	3
1	50	7	2
1	51	4	1
1	52	6	3
1	53	6	8
1	54	6	3
1	55	6	7
1	56	8	2
1	57	9	7
1	58	2	9
1	59	7	6
1	60	6	1
1	61	9	5
1	62	7	4
1	63	1	2
1	64	10	7
1	65	1	6
1	66	7	5
1	67	1	10
1	68	9	6
1	69	10	1
1	70	10	4
1	71	2	8
1	72	6	7
2	73	8	7
2	74	9	10
2	75	8	3
2	76	4	10
2	77	3	2
2	78	3	5
2	79	7	10
3	80	10	7
3	81	1	9
3	82	6	7
3	83	4	10
3	84	9	6
3	85	1	6
3	86	10	3
3	87	1	5
3	88	1	8
3	89	6	5
3	90	10	7
3	91	3	8
3	92	9	3
3	93	7	6
3	94	2	3
3	95	2	3
3	96	10	1
3	97	2	5
3	98	9	4
3	99	5	4
3	100	8	5
3	101	3	4
3	102	9	6
3	103	9	10
3	104	2	5
3	105	6	9
3	106	6	1
3	107	7	2
3	108	9	2
3	109	3	5
3	110	6	9
3	111	3	9
3	112	2	3
3	113	6	5
3	114	5	3
3	115	8	9
3	116	6	1
3	117	7	1
3	118	4	2
3	119	4	9
3	120	2	9
3	121	5	6
3	122	6	9
3	123	9	7
3	124	4	1
3	125	4	5
3	126	6	1
3	127	10	5
3	128	7	6
3	129	8	10
3	130	2	9
3	131	7	10
3	132	3	9
3	133	9	3
3	134	4	6
3	135	1	8
3	136	2	1
3	137	4	6
3	138	7	1
3	139	3	7
3	140	1	4
3	141	6	10
3	142	5	1
3	143	1	6
3	144	6	5
3	145	3	4
3	146	5	9
3	147	3	9
3	148	4	1
3	149	10	6
3	150	5	1
3	151	2	6
3	152	8	4
3	153	10	1
3	154	4	6
3	155	8	5
3	156	2	7
3	157	8	9
3	158	10	9
3	159	9	5
3	160	5	1
3	161	6	7
3	162	4	5
3	163	7	4
3	164	4	10
3	165	4	9
3	166	7	8
3	167	3	9
3	168	2	6
3	169	5	10
4	170	4	2
4	171	10	2
4	172	10	2
4	173	4	3
4	174	8	3
4	175	7	1
4	176	2	9
4	177	7	4
4	178	1	7
4	179	1	7
4	180	6	3
4	181	6	5
4	182	1	5
4	183	1	6
4	184	8	6
4	185	3	2
4	186	5	6
4	187	6	1
4	188	2	8
4	189	3	8
4	190	8	10
4	191	8	10
4	192	7	4
4	193	1	8
4	194	7	4
4	195	3	1
4	196	4	5
4	197	5	4
4	198	4	2
4	199	2	8
4	200	9	2
4	201	1	3
4	202	8	1
4	203	1	5
4	204	3	6
4	205	9	5
5	206	2	8
5	207	1	7
5	208	5	3
5	209	6	7
5	210	8	6
5	211	9	3
5	212	8	3
5	213	9	2
5	214	6	4
5	215	3	7
5	216	5	8
5	217	3	10
5	218	5	10
5	219	4	10
5	220	8	1
5	221	6	2
5	222	2	6
5	223	4	8
5	224	1	7
5	225	2	3
5	226	1	6
5	227	2	7
5	228	6	7
5	229	10	1
5	230	2	4
5	231	5	9
5	232	9	6
5	233	10	7
5	234	10	8
5	235	9	5
5	236	7	3
5	237	4	3
5	238	5	1
5	239	3	7
5	240	6	7
5	241	6	8
5	242	3	7
5	243	1	5
5	244	10	2
5	245	4	5
5	246	5	4
5	33	1	3
5	247	4	1
5	248	4	5
5	249	5	9
5	250	8	4
5	251	2	10
5	252	5	1
5	253	5	2
5	254	2	3
5	255	5	2
5	256	8	6
5	257	5	6
5	258	2	10
5	259	6	8
5	260	5	7
5	261	10	2
5	262	8	6
5	263	2	5
5	264	7	3
5	265	6	4
5	266	7	9
5	267	6	3
5	268	7	5
5	269	7	10
5	270	8	2
5	271	2	6
5	272	2	6
5	273	8	3
5	274	9	8
5	275	2	3
5	276	5	8
5	277	2	6
5	278	5	10
5	279	5	4
5	280	5	3
5	281	9	1
5	282	10	3
5	283	5	9
5	284	2	1
5	285	5	6
5	286	6	1
5	287	7	4
6	288	6	3
6	289	4	10
6	290	1	6
6	291	4	6
6	292	1	2
6	293	2	8
6	294	2	10
6	295	4	8
6	296	6	7
6	297	10	9
6	298	2	8
6	299	4	1
6	300	6	8
6	301	6	1
6	302	8	3
6	303	2	3
6	304	8	9
6	305	8	1
6	306	2	8
6	307	4	5
6	308	8	5
6	309	10	9
6	310	2	3
6	311	1	8
6	312	3	10
6	313	2	1
6	314	1	8
6	315	2	8
6	316	10	4
6	317	7	8
6	318	10	5
6	319	1	7
6	320	5	1
6	321	5	8
6	322	2	3
6	323	7	5
6	324	6	8
6	325	6	5
6	326	6	4
6	327	10	2
6	328	9	10
6	329	4	2
6	330	2	9
6	8	3	8
6	331	5	4
6	332	6	3
6	333	10	3
6	334	9	2
6	335	7	3
6	336	10	8
6	337	6	2
6	10	2	1
6	338	6	7
6	339	7	4
6	340	6	4
6	341	3	7
6	342	9	7
6	343	7	1
6	344	5	8
6	345	8	7
6	346	9	6
6	347	2	10
6	348	8	9
6	349	8	7
6	350	4	3
6	351	10	5
6	14	3	5
6	352	8	4
6	353	10	3
6	354	6	3
6	355	2	7
6	356	5	10
6	357	10	6
6	358	9	5
6	179	6	10
6	359	9	3
6	360	10	5
6	361	2	6
6	362	10	8
6	363	9	7
6	364	1	4
6	239	10	6
6	365	2	1
6	366	1	7
6	367	4	2
6	368	8	9
6	369	6	10
6	22	1	2
6	370	9	1
6	371	7	1
6	372	9	5
6	373	8	1
6	374	6	10
6	375	5	4
6	376	8	5
6	377	1	2
6	378	6	4
6	379	3	7
6	380	3	8
6	381	10	1
6	382	4	9
6	383	2	5
6	384	7	3
6	242	5	7
6	385	2	1
6	386	10	8
6	387	10	1
6	388	10	4
6	389	9	4
6	390	5	4
6	391	9	5
6	33	6	7
6	392	2	4
6	393	7	3
6	394	3	5
6	395	1	10
6	396	3	4
6	397	6	8
6	398	6	4
6	399	2	4
6	400	7	10
6	401	9	2
6	402	2	7
6	403	9	2
6	404	5	8
6	405	8	5
6	406	8	10
6	407	2	6
6	408	7	2
6	42	1	5
6	409	2	6
6	410	2	8
6	411	1	5
6	412	6	3
6	413	3	8
6	414	6	9
6	415	2	3
6	416	5	1
6	43	6	2
6	417	5	9
6	418	8	10
6	419	8	1
6	420	3	10
6	421	8	4
6	422	8	6
6	423	3	5
6	424	6	3
6	425	1	7
6	426	8	1
6	427	8	1
6	428	2	1
6	429	7	3
6	430	5	9
6	431	1	4
6	432	8	10
6	433	1	6
6	434	8	7
6	435	9	8
6	436	8	5
6	437	10	7
6	438	8	7
6	439	2	9
6	440	5	10
6	441	9	5
6	442	4	5
6	443	6	8
6	444	7	8
6	445	6	1
6	446	5	3
6	447	1	7
6	448	3	4
6	449	7	5
6	450	2	7
6	451	4	6
7	452	6	2
7	453	1	5
7	454	8	6
7	455	7	8
7	456	3	4
7	457	2	7
7	458	3	8
7	459	10	1
7	460	6	1
7	461	7	4
7	462	2	7
7	463	10	3
7	464	2	10
7	33	8	9
7	465	5	4
7	466	4	9
7	467	6	2
7	56	6	7
7	468	3	2
7	469	3	1
7	470	8	3
7	471	6	7
8	472	10	7
8	473	3	7
8	474	10	7
8	475	5	1
8	476	7	4
8	477	9	2
8	478	9	2
8	479	7	8
8	480	4	7
8	481	1	7
8	482	10	9
8	483	8	3
8	484	3	8
8	485	10	8
8	486	3	8
8	487	1	9
8	488	4	2
8	489	1	6
8	490	5	2
8	491	2	3
8	492	9	1
8	493	5	4
8	494	4	2
8	221	7	2
8	495	8	4
8	496	2	5
8	497	3	4
8	498	9	3
8	499	6	7
8	500	10	5
3	474	-100	-100
6	139	-100	-100
6	57	-100	-100
6	132	-100	-100
6	35	-100	-100
6	107	-100	-100
6	69	-100	-100
6	63	-100	-100
6	255	-100	-100
6	65	-100	-100
6	146	-100	-100
6	150	-100	-100
6	263	-100	-100
6	58	-100	-100
6	23	-100	-100
6	483	-100	-100
6	59	-100	-100
6	47	-100	-100
6	475	-100	-100
6	136	-100	-100
6	469	-100	-100
6	134	-100	-100
6	112	-100	-100
6	180	-100	-100
6	61	-100	-100
6	225	-100	-100
6	135	-100	-100
6	18	-100	-100
6	250	-100	-100
6	118	-100	-100
6	73	-100	-100
6	40	-100	-100
6	485	-100	-100
6	470	-100	-100
6	487	-100	-100
6	266	-100	-100
6	120	-100	-100
6	31	-100	-100
6	199	-100	-100
6	238	-100	-100
6	86	-100	-100
6	144	-100	-100
6	228	-100	-100
6	284	-100	-100
6	50	-100	-100
6	67	-100	-100
6	161	-100	-100
6	45	-100	-100
6	495	-100	-100
6	176	-100	-100
6	473	-100	-100
6	212	-100	-100
6	500	-100	-100
6	216	-100	-100
6	27	-100	-100
6	270	-100	-100
6	140	-100	-100
6	236	-100	-100
6	130	-100	-100
6	114	-100	-100
6	209	-100	-100
6	26	-100	-100
6	127	-100	-100
6	34	-100	-100
6	497	-100	-100
6	106	-100	-100
6	272	-100	-100
6	142	-100	-100
6	278	-100	-100
6	56	-100	-100
6	223	-100	-100
6	92	-100	-100
6	285	-100	-100
6	191	-100	-100
6	182	-100	-100
6	175	-100	-100
6	93	-100	-100
6	196	-100	-100
6	184	-100	-100
6	286	-100	-100
6	181	-100	-100
6	461	-100	-100
6	133	-100	-100
6	52	-100	-100
3	375	-100	-100
3	355	-100	-100
3	11	-100	-100
3	210	-100	-100
3	245	-100	-100
3	278	-100	-100
3	70	-100	-100
3	464	-100	-100
3	173	-100	-100
3	63	-100	-100
3	394	-100	-100
3	435	-100	-100
3	260	-100	-100
3	295	-100	-100
3	387	-100	-100
3	175	-100	-100
3	46	-100	-100
3	352	-100	-100
3	232	-100	-100
3	10	-100	-100
3	415	-100	-100
3	53	-100	-100
3	496	-100	-100
3	330	-100	-100
3	436	-100	-100
3	215	-100	-100
3	238	-100	-100
3	495	-100	-100
3	356	-100	-100
3	309	-100	-100
3	34	-100	-100
3	76	-100	-100
3	172	-100	-100
3	193	-100	-100
3	67	-100	-100
3	377	-100	-100
3	284	-100	-100
3	74	-100	-100
3	43	-100	-100
3	500	-100	-100
3	428	-100	-100
3	353	-100	-100
3	384	-100	-100
3	257	-100	-100
3	218	-100	-100
3	249	-100	-100
3	385	-100	-100
3	274	-100	-100
3	407	-100	-100
3	418	-100	-100
3	410	-100	-100
3	199	-100	-100
3	392	-100	-100
3	468	-100	-100
3	354	-100	-100
3	222	-100	-100
3	349	-100	-100
3	4	-100	-100
3	461	-100	-100
3	398	-100	-100
3	472	-100	-100
3	364	-100	-100
3	473	-100	-100
3	405	-100	-100
3	174	-100	-100
3	271	-100	-100
3	452	-100	-100
3	489	-100	-100
3	450	-100	-100
3	26	-100	-100
3	64	-100	-100
3	198	-100	-100
3	455	-100	-100
3	223	-100	-100
3	293	-100	-100
3	216	-100	-100
3	23	-100	-100
3	345	-100	-100
3	25	-100	-100
3	340	-100	-100
3	211	-100	-100
3	79	-100	-100
3	307	-100	-100
3	476	-100	-100
3	248	-100	-100
3	212	-100	-100
3	208	-100	-100
3	302	-100	-100
3	334	-100	-100
3	242	-100	-100
3	493	-100	-100
3	282	-100	-100
3	310	-100	-100
3	301	-100	-100
3	217	-100	-100
3	12	-100	-100
3	430	-100	-100
3	241	-100	-100
3	29	-100	-100
3	244	-100	-100
3	24	-100	-100
3	281	-100	-100
3	239	-100	-100
3	312	-100	-100
3	179	-100	-100
3	320	-100	-100
3	77	-100	-100
3	401	-100	-100
3	373	-100	-100
3	246	-100	-100
3	219	-100	-100
3	485	-100	-100
3	258	-100	-100
3	325	-100	-100
3	19	-100	-100
3	272	-100	-100
3	279	-100	-100
3	365	-100	-100
3	9	-100	-100
3	409	-100	-100
3	201	-100	-100
3	368	-100	-100
3	15	-100	-100
3	456	-100	-100
3	344	-100	-100
3	21	-100	-100
3	432	-100	-100
3	231	-100	-100
3	184	-100	-100
3	60	-100	-100
3	451	-100	-100
3	220	-100	-100
3	7	-100	-100
3	316	-100	-100
3	347	-100	-100
3	469	-100	-100
3	466	-100	-100
3	192	-100	-100
3	423	-100	-100
3	350	-100	-100
3	62	-100	-100
3	207	-100	-100
3	371	-100	-100
3	267	-100	-100
3	47	-100	-100
3	22	-100	-100
3	478	-100	-100
3	254	-100	-100
3	499	-100	-100
3	397	-100	-100
3	213	-100	-100
3	395	-100	-100
3	408	-100	-100
3	376	-100	-100
3	183	-100	-100
3	59	-100	-100
3	481	-100	-100
3	490	-100	-100
3	343	-100	-100
3	459	-100	-100
3	280	-100	-100
3	359	-100	-100
3	72	-100	-100
3	305	-100	-100
3	420	-100	-100
3	494	-100	-100
5	162	-100	-100
5	81	-100	-100
5	411	-100	-100
5	122	-100	-100
5	315	-100	-100
5	101	-100	-100
5	330	-100	-100
5	132	-100	-100
5	340	-100	-100
5	309	-100	-100
5	339	-100	-100
5	351	-100	-100
5	133	-100	-100
5	460	-100	-100
5	170	-100	-100
5	155	-100	-100
5	317	-100	-100
5	476	-100	-100
5	293	-100	-100
5	30	-100	-100
5	185	-100	-100
5	302	-100	-100
5	494	-100	-100
5	47	-100	-100
5	98	-100	-100
5	297	-100	-100
5	87	-100	-100
5	487	-100	-100
5	327	-100	-100
5	490	-100	-100
5	500	-100	-100
5	427	-100	-100
5	348	-100	-100
5	198	-100	-100
5	304	-100	-100
5	150	-100	-100
5	163	-100	-100
5	123	-100	-100
5	196	-100	-100
5	371	-100	-100
5	151	-100	-100
5	367	-100	-100
5	90	-100	-100
5	424	-100	-100
5	343	-100	-100
5	60	-100	-100
5	396	-100	-100
5	84	-100	-100
5	344	-100	-100
5	29	-100	-100
5	459	-100	-100
5	406	-100	-100
5	115	-100	-100
5	183	-100	-100
5	409	-100	-100
5	296	-100	-100
5	70	-100	-100
5	136	-100	-100
5	38	-100	-100
5	397	-100	-100
5	88	-100	-100
5	62	-100	-100
5	369	-100	-100
5	4	-100	-100
5	189	-100	-100
5	10	-100	-100
5	37	-100	-100
5	307	-100	-100
5	118	-100	-100
5	24	-100	-100
5	17	-100	-100
5	474	-100	-100
5	403	-100	-100
5	83	-100	-100
5	203	-100	-100
5	440	-100	-100
5	445	-100	-100
5	173	-100	-100
5	456	-100	-100
5	329	-100	-100
5	365	-100	-100
5	54	-100	-100
5	168	-100	-100
5	400	-100	-100
5	140	-100	-100
5	415	-100	-100
5	120	-100	-100
5	332	-100	-100
5	154	-100	-100
5	15	-100	-100
5	425	-100	-100
5	432	-100	-100
5	325	-100	-100
5	93	-100	-100
5	335	-100	-100
5	461	-100	-100
5	31	-100	-100
5	370	-100	-100
5	414	-100	-100
5	205	-100	-100
5	182	-100	-100
5	68	-100	-100
5	350	-100	-100
5	388	-100	-100
5	448	-100	-100
5	431	-100	-100
5	179	-100	-100
5	437	-100	-100
5	80	-100	-100
5	398	-100	-100
5	166	-100	-100
5	112	-100	-100
5	102	-100	-100
5	322	-100	-100
5	108	-100	-100
5	159	-100	-100
5	373	-100	-100
5	139	-100	-100
5	331	-100	-100
5	404	-100	-100
5	434	-100	-100
5	301	-100	-100
5	443	-100	-100
5	66	-100	-100
5	46	-100	-100
5	145	-100	-100
5	97	-100	-100
5	158	-100	-100
5	470	-100	-100
5	34	-100	-100
5	349	-100	-100
5	42	-100	-100
5	389	-100	-100
5	156	-100	-100
5	451	-100	-100
5	410	-100	-100
5	157	-100	-100
5	78	-100	-100
5	56	-100	-100
5	421	-100	-100
5	452	-100	-100
5	202	-100	-100
5	311	-100	-100
5	497	-100	-100
5	366	-100	-100
5	391	-100	-100
5	116	-100	-100
5	190	-100	-100
5	328	-100	-100
5	416	-100	-100
5	453	-100	-100
5	105	-100	-100
5	144	-100	-100
5	300	-100	-100
5	482	-100	-100
5	472	-100	-100
5	82	-100	-100
5	467	-100	-100
5	374	-100	-100
5	321	-100	-100
5	72	-100	-100
5	326	-100	-100
5	372	-100	-100
5	355	-100	-100
5	394	-100	-100
5	121	-100	-100
5	345	-100	-100
5	375	-100	-100
5	12	-100	-100
5	124	-100	-100
5	191	-100	-100
5	435	-100	-100
5	117	-100	-100
5	22	-100	-100
1	88	-100	-100
1	251	-100	-100
1	482	-100	-100
1	219	-100	-100
1	295	-100	-100
1	83	-100	-100
1	411	-100	-100
1	128	-100	-100
1	183	-100	-100
1	431	-100	-100
1	258	-100	-100
1	138	-100	-100
1	185	-100	-100
1	249	-100	-100
1	161	-100	-100
1	208	-100	-100
1	243	-100	-100
1	328	-100	-100
1	240	-100	-100
1	325	-100	-100
1	480	-100	-100
1	361	-100	-100
1	135	-100	-100
1	340	-100	-100
1	382	-100	-100
1	419	-100	-100
1	344	-100	-100
1	421	-100	-100
1	429	-100	-100
1	239	-100	-100
1	151	-100	-100
1	216	-100	-100
1	317	-100	-100
1	179	-100	-100
1	174	-100	-100
1	272	-100	-100
1	290	-100	-100
1	218	-100	-100
1	442	-100	-100
1	462	-100	-100
1	98	-100	-100
1	87	-100	-100
1	294	-100	-100
1	204	-100	-100
1	182	-100	-100
1	485	-100	-100
1	241	-100	-100
1	95	-100	-100
1	166	-100	-100
1	225	-100	-100
1	212	-100	-100
1	363	-100	-100
1	381	-100	-100
1	312	-100	-100
1	415	-100	-100
1	305	-100	-100
1	358	-100	-100
1	177	-100	-100
1	168	-100	-100
1	246	-100	-100
1	498	-100	-100
1	269	-100	-100
1	471	-100	-100
1	236	-100	-100
1	345	-100	-100
1	131	-100	-100
1	263	-100	-100
1	211	-100	-100
1	400	-100	-100
1	481	-100	-100
1	180	-100	-100
1	155	-100	-100
1	500	-100	-100
1	444	-100	-100
1	336	-100	-100
1	460	-100	-100
1	445	-100	-100
1	499	-100	-100
1	493	-100	-100
1	492	-100	-100
1	124	-100	-100
1	478	-100	-100
1	435	-100	-100
1	108	-100	-100
1	196	-100	-100
1	430	-100	-100
1	163	-100	-100
1	398	-100	-100
1	422	-100	-100
1	408	-100	-100
1	315	-100	-100
1	164	-100	-100
1	149	-100	-100
1	77	-100	-100
1	416	-100	-100
1	260	-100	-100
1	99	-100	-100
1	112	-100	-100
1	227	-100	-100
1	224	-100	-100
1	473	-100	-100
1	152	-100	-100
1	461	-100	-100
1	210	-100	-100
1	205	-100	-100
1	102	-100	-100
1	280	-100	-100
1	75	-100	-100
1	270	-100	-100
1	268	-100	-100
1	348	-100	-100
1	390	-100	-100
1	167	-100	-100
1	456	-100	-100
1	377	-100	-100
1	123	-100	-100
1	406	-100	-100
1	223	-100	-100
1	250	-100	-100
1	385	-100	-100
1	297	-100	-100
1	383	-100	-100
1	126	-100	-100
1	256	-100	-100
1	488	-100	-100
1	130	-100	-100
1	300	-100	-100
1	302	-100	-100
1	352	-100	-100
1	197	-100	-100
1	134	-100	-100
1	314	-100	-100
1	169	-100	-100
1	362	-100	-100
1	360	-100	-100
1	371	-100	-100
1	405	-100	-100
1	234	-100	-100
1	446	-100	-100
1	176	-100	-100
1	474	-100	-100
1	437	-100	-100
1	117	-100	-100
1	455	-100	-100
1	162	-100	-100
1	244	-100	-100
1	490	-100	-100
1	118	-100	-100
1	172	-100	-100
1	144	-100	-100
1	129	-100	-100
1	103	-100	-100
1	293	-100	-100
1	463	-100	-100
1	159	-100	-100
1	105	-100	-100
1	283	-100	-100
1	274	-100	-100
1	115	-100	-100
1	369	-100	-100
1	418	-100	-100
1	276	-100	-100
1	334	-100	-100
1	81	-100	-100
1	279	-100	-100
1	370	-100	-100
1	97	-100	-100
1	170	-100	-100
1	353	-100	-100
1	401	-100	-100
1	133	-100	-100
1	496	-100	-100
1	284	-100	-100
1	338	-100	-100
1	319	-100	-100
1	355	-100	-100
1	483	-100	-100
1	403	-100	-100
1	282	-100	-100
1	309	-100	-100
1	375	-100	-100
1	233	-100	-100
1	346	-100	-100
1	206	-100	-100
1	475	-100	-100
1	248	-100	-100
1	376	-100	-100
4	291	-100	-100
4	264	-100	-100
4	460	-100	-100
4	403	-100	-100
4	436	-100	-100
4	439	-100	-100
4	450	-100	-100
4	337	-100	-100
4	128	-100	-100
4	240	-100	-100
4	100	-100	-100
4	492	-100	-100
4	56	-100	-100
4	287	-100	-100
4	137	-100	-100
4	341	-100	-100
4	469	-100	-100
4	135	-100	-100
4	482	-100	-100
4	393	-100	-100
4	274	-100	-100
4	39	-100	-100
4	209	-100	-100
4	446	-100	-100
4	117	-100	-100
4	57	-100	-100
4	350	-100	-100
4	395	-100	-100
4	51	-100	-100
4	8	-100	-100
4	64	-100	-100
4	408	-100	-100
4	323	-100	-100
4	149	-100	-100
4	61	-100	-100
4	221	-100	-100
4	433	-100	-100
4	159	-100	-100
4	461	-100	-100
4	371	-100	-100
4	165	-100	-100
4	333	-100	-100
4	140	-100	-100
4	22	-100	-100
4	418	-100	-100
4	343	-100	-100
4	449	-100	-100
4	479	-100	-100
4	93	-100	-100
4	10	-100	-100
4	421	-100	-100
4	363	-100	-100
4	426	-100	-100
4	112	-100	-100
4	382	-100	-100
4	336	-100	-100
4	233	-100	-100
4	244	-100	-100
4	70	-100	-100
4	425	-100	-100
4	9	-100	-100
4	434	-100	-100
4	302	-100	-100
4	213	-100	-100
4	21	-100	-100
4	111	-100	-100
4	80	-100	-100
4	443	-100	-100
4	412	-100	-100
4	245	-100	-100
4	45	-100	-100
4	133	-100	-100
4	465	-100	-100
4	47	-100	-100
4	237	-100	-100
4	25	-100	-100
4	365	-100	-100
4	355	-100	-100
4	338	-100	-100
4	372	-100	-100
4	364	-100	-100
4	54	-100	-100
4	212	-100	-100
4	166	-100	-100
4	471	-100	-100
4	330	-100	-100
4	157	-100	-100
4	151	-100	-100
4	89	-100	-100
4	152	-100	-100
4	313	-100	-100
4	354	-100	-100
4	435	-100	-100
4	420	-100	-100
4	46	-100	-100
4	146	-100	-100
4	81	-100	-100
4	332	-100	-100
4	415	-100	-100
4	158	-100	-100
4	410	-100	-100
4	437	-100	-100
4	379	-100	-100
4	261	-100	-100
4	255	-100	-100
4	486	-100	-100
4	30	-100	-100
4	499	-100	-100
4	359	-100	-100
4	344	-100	-100
4	483	-100	-100
4	154	-100	-100
4	52	-100	-100
4	272	-100	-100
4	19	-100	-100
4	432	-100	-100
4	167	-100	-100
4	329	-100	-100
4	417	-100	-100
4	416	-100	-100
4	168	-100	-100
4	458	-100	-100
4	115	-100	-100
4	84	-100	-100
4	73	-100	-100
4	163	-100	-100
4	293	-100	-100
4	103	-100	-100
4	430	-100	-100
4	104	-100	-100
4	218	-100	-100
4	236	-100	-100
4	321	-100	-100
4	68	-100	-100
4	441	-100	-100
4	7	-100	-100
4	423	-100	-100
4	406	-100	-100
4	241	-100	-100
4	494	-100	-100
4	444	-100	-100
4	124	-100	-100
4	55	-100	-100
4	109	-100	-100
4	34	-100	-100
4	248	-100	-100
4	74	-100	-100
4	496	-100	-100
4	310	-100	-100
4	86	-100	-100
4	226	-100	-100
4	110	-100	-100
4	394	-100	-100
4	123	-100	-100
4	385	-100	-100
4	380	-100	-100
4	377	-100	-100
4	396	-100	-100
4	42	-100	-100
4	497	-100	-100
4	113	-100	-100
4	215	-100	-100
4	99	-100	-100
4	459	-100	-100
4	256	-100	-100
4	374	-100	-100
4	351	-100	-100
4	228	-100	-100
4	316	-100	-100
4	102	-100	-100
4	466	-100	-100
4	265	-100	-100
4	428	-100	-100
4	319	-100	-100
4	247	-100	-100
4	353	-100	-100
4	90	-100	-100
4	362	-100	-100
4	105	-100	-100
4	121	-100	-100
4	141	-100	-100
4	284	-100	-100
4	290	-100	-100
4	456	-100	-100
4	219	-100	-100
4	114	-100	-100
4	490	-100	-100
4	65	-100	-100
4	251	-100	-100
4	334	-100	-100
4	407	-100	-100
4	257	-100	-100
4	227	-100	-100
4	339	-100	-100
4	347	-100	-100
4	33	-100	-100
4	464	-100	-100
4	246	-100	-100
4	340	-100	-100
4	440	-100	-100
4	431	-100	-100
4	277	-100	-100
4	304	-100	-100
4	463	-100	-100
4	468	-100	-100
4	405	-100	-100
4	285	-100	-100
4	107	-100	-100
4	40	-100	-100
4	136	-100	-100
4	294	-100	-100
4	88	-100	-100
4	66	-100	-100
4	305	-100	-100
4	489	-100	-100
4	36	-100	-100
4	419	-100	-100
4	369	-100	-100
4	254	-100	-100
8	328	-100	-100
8	431	-100	-100
8	309	-100	-100
8	458	-100	-100
8	392	-100	-100
8	318	-100	-100
8	55	-100	-100
8	164	-100	-100
8	443	-100	-100
8	151	-100	-100
8	464	-100	-100
8	371	-100	-100
8	370	-100	-100
8	180	-100	-100
8	199	-100	-100
8	47	-100	-100
8	386	-100	-100
8	275	-100	-100
8	382	-100	-100
8	457	-100	-100
8	300	-100	-100
8	147	-100	-100
8	263	-100	-100
8	383	-100	-100
8	365	-100	-100
8	444	-100	-100
8	214	-100	-100
8	157	-100	-100
8	49	-100	-100
8	237	-100	-100
8	295	-100	-100
8	102	-100	-100
8	227	-100	-100
8	186	-100	-100
8	200	-100	-100
8	163	-100	-100
8	148	-100	-100
8	77	-100	-100
8	254	-100	-100
8	466	-100	-100
8	451	-100	-100
8	373	-100	-100
8	448	-100	-100
8	364	-100	-100
8	216	-100	-100
8	34	-100	-100
8	61	-100	-100
8	41	-100	-100
8	184	-100	-100
8	240	-100	-100
8	62	-100	-100
8	467	-100	-100
8	329	-100	-100
8	266	-100	-100
8	410	-100	-100
8	174	-100	-100
8	9	-100	-100
8	195	-100	-100
8	58	-100	-100
8	262	-100	-100
8	40	-100	-100
8	335	-100	-100
8	56	-100	-100
8	203	-100	-100
8	456	-100	-100
8	376	-100	-100
8	86	-100	-100
8	145	-100	-100
8	245	-100	-100
8	413	-100	-100
8	251	-100	-100
8	269	-100	-100
8	165	-100	-100
8	143	-100	-100
8	108	-100	-100
8	172	-100	-100
8	205	-100	-100
8	225	-100	-100
8	2	-100	-100
8	322	-100	-100
8	218	-100	-100
8	11	-100	-100
8	332	-100	-100
8	265	-100	-100
8	97	-100	-100
8	113	-100	-100
8	75	-100	-100
8	311	-100	-100
8	447	-100	-100
8	161	-100	-100
8	304	-100	-100
8	50	-100	-100
8	429	-100	-100
8	153	-100	-100
8	122	-100	-100
8	118	-100	-100
8	465	-100	-100
8	242	-100	-100
8	407	-100	-100
8	347	-100	-100
8	45	-100	-100
8	35	-100	-100
8	106	-100	-100
8	27	-100	-100
8	140	-100	-100
8	248	-100	-100
8	470	-100	-100
8	139	-100	-100
8	246	-100	-100
8	377	-100	-100
8	22	-100	-100
8	350	-100	-100
8	426	-100	-100
8	340	-100	-100
8	87	-100	-100
8	72	-100	-100
8	422	-100	-100
8	125	-100	-100
8	446	-100	-100
8	76	-100	-100
8	343	-100	-100
8	123	-100	-100
8	124	-100	-100
8	133	-100	-100
8	315	-100	-100
8	430	-100	-100
8	24	-100	-100
8	146	-100	-100
8	207	-100	-100
8	342	-100	-100
8	206	-100	-100
8	68	-100	-100
8	93	-100	-100
8	301	-100	-100
8	250	-100	-100
8	294	-100	-100
8	379	-100	-100
8	20	-100	-100
8	144	-100	-100
8	85	-100	-100
8	463	-100	-100
8	277	-100	-100
8	42	-100	-100
8	51	-100	-100
8	211	-100	-100
8	53	-100	-100
8	196	-100	-100
8	428	-100	-100
8	417	-100	-100
8	334	-100	-100
8	414	-100	-100
8	324	-100	-100
8	308	-100	-100
8	396	-100	-100
8	302	-100	-100
8	208	-100	-100
8	137	-100	-100
8	32	-100	-100
8	159	-100	-100
8	285	-100	-100
8	183	-100	-100
8	91	-100	-100
8	362	-100	-100
8	293	-100	-100
8	155	-100	-100
8	256	-100	-100
8	339	-100	-100
8	235	-100	-100
8	224	-100	-100
8	349	-100	-100
8	83	-100	-100
8	231	-100	-100
8	210	-100	-100
8	94	-100	-100
8	423	-100	-100
8	257	-100	-100
8	26	-100	-100
8	37	-100	-100
8	442	-100	-100
8	71	-100	-100
8	408	-100	-100
8	314	-100	-100
8	28	-100	-100
8	282	-100	-100
8	252	-100	-100
8	460	-100	-100
8	307	-100	-100
8	327	-100	-100
8	424	-100	-100
8	110	-100	-100
8	432	-100	-100
8	287	-100	-100
8	462	-100	-100
8	449	-100	-100
8	90	-100	-100
8	127	-100	-100
8	116	-100	-100
8	134	-100	-100
8	244	-100	-100
8	330	-100	-100
8	409	-100	-100
8	436	-100	-100
8	226	-100	-100
8	297	-100	-100
8	281	-100	-100
8	185	-100	-100
8	259	-100	-100
8	98	-100	-100
8	336	-100	-100
8	455	-100	-100
8	219	-100	-100
8	160	-100	-100
8	279	-100	-100
8	67	-100	-100
8	30	-100	-100
8	249	-100	-100
8	66	-100	-100
8	271	-100	-100
8	346	-100	-100
8	344	-100	-100
8	284	-100	-100
8	453	-100	-100
8	247	-100	-100
8	372	-100	-100
8	274	-100	-100
7	285	-100	-100
7	269	-100	-100
7	286	-100	-100
7	387	-100	-100
7	484	-100	-100
7	401	-100	-100
7	84	-100	-100
7	226	-100	-100
7	76	-100	-100
7	134	-100	-100
7	273	-100	-100
7	300	-100	-100
7	265	-100	-100
7	427	-100	-100
7	100	-100	-100
7	204	-100	-100
7	377	-100	-100
7	321	-100	-100
7	74	-100	-100
7	67	-100	-100
7	308	-100	-100
7	173	-100	-100
7	114	-100	-100
7	482	-100	-100
7	35	-100	-100
7	217	-100	-100
7	181	-100	-100
7	230	-100	-100
7	196	-100	-100
7	178	-100	-100
7	409	-100	-100
7	280	-100	-100
7	207	-100	-100
7	102	-100	-100
7	23	-100	-100
7	270	-100	-100
7	41	-100	-100
7	330	-100	-100
7	365	-100	-100
7	256	-100	-100
7	184	-100	-100
7	297	-100	-100
7	395	-100	-100
7	417	-100	-100
7	333	-100	-100
7	396	-100	-100
7	158	-100	-100
7	315	-100	-100
7	216	-100	-100
7	219	-100	-100
7	358	-100	-100
7	262	-100	-100
7	79	-100	-100
7	407	-100	-100
7	326	-100	-100
7	306	-100	-100
7	199	-100	-100
7	441	-100	-100
7	62	-100	-100
7	472	-100	-100
7	2	-100	-100
7	198	-100	-100
7	375	-100	-100
7	43	-100	-100
7	434	-100	-100
7	194	-100	-100
7	166	-100	-100
7	476	-100	-100
7	492	-100	-100
7	65	-100	-100
7	313	-100	-100
7	220	-100	-100
7	109	-100	-100
7	288	-100	-100
7	378	-100	-100
7	305	-100	-100
7	126	-100	-100
7	60	-100	-100
7	338	-100	-100
7	268	-100	-100
7	283	-100	-100
7	290	-100	-100
7	311	-100	-100
7	374	-100	-100
7	341	-100	-100
7	10	-100	-100
7	292	-100	-100
7	354	-100	-100
7	51	-100	-100
7	416	-100	-100
7	205	-100	-100
7	24	-100	-100
7	397	-100	-100
7	445	-100	-100
7	190	-100	-100
7	320	-100	-100
7	475	-100	-100
7	200	-100	-100
7	276	-100	-100
7	147	-100	-100
7	384	-100	-100
7	163	-100	-100
7	209	-100	-100
7	238	-100	-100
7	481	-100	-100
7	261	-100	-100
7	444	-100	-100
7	474	-100	-100
7	40	-100	-100
7	36	-100	-100
7	169	-100	-100
7	325	-100	-100
7	202	-100	-100
7	451	-100	-100
7	328	-100	-100
7	491	-100	-100
7	221	-100	-100
7	418	-100	-100
7	206	-100	-100
7	247	-100	-100
7	213	-100	-100
7	323	-100	-100
7	26	-100	-100
7	362	-100	-100
7	157	-100	-100
7	289	-100	-100
7	119	-100	-100
7	113	-100	-100
7	277	-100	-100
7	108	-100	-100
7	142	-100	-100
7	431	-100	-100
7	248	-100	-100
7	31	-100	-100
7	490	-100	-100
7	38	-100	-100
7	232	-100	-100
7	272	-100	-100
7	322	-100	-100
7	131	-100	-100
7	478	-100	-100
7	376	-100	-100
7	332	-100	-100
7	253	-100	-100
7	170	-100	-100
7	337	-100	-100
7	495	-100	-100
7	447	-100	-100
7	437	-100	-100
7	282	-100	-100
7	143	-100	-100
7	130	-100	-100
7	254	-100	-100
7	57	-100	-100
7	304	-100	-100
7	487	-100	-100
7	312	-100	-100
7	298	-100	-100
7	251	-100	-100
7	85	-100	-100
7	12	-100	-100
7	335	-100	-100
7	78	-100	-100
7	96	-100	-100
7	63	-100	-100
7	30	-100	-100
7	340	-100	-100
7	421	-100	-100
7	291	-100	-100
7	187	-100	-100
7	138	-100	-100
7	500	-100	-100
7	271	-100	-100
7	164	-100	-100
7	229	-100	-100
7	214	-100	-100
7	494	-100	-100
7	144	-100	-100
7	430	-100	-100
7	18	-100	-100
7	89	-100	-100
7	168	-100	-100
7	91	-100	-100
7	381	-100	-100
7	438	-100	-100
7	356	-100	-100
7	28	-100	-100
7	342	-100	-100
7	176	-100	-100
7	314	-100	-100
7	334	-100	-100
7	95	-100	-100
7	349	-100	-100
7	123	-100	-100
7	162	-100	-100
7	21	-100	-100
7	58	-100	-100
7	105	-100	-100
7	294	-100	-100
7	155	-100	-100
7	50	-100	-100
7	448	-100	-100
7	224	-100	-100
7	450	-100	-100
7	331	-100	-100
7	87	-100	-100
7	301	-100	-100
7	413	-100	-100
7	473	-100	-100
7	223	-100	-100
7	355	-100	-100
7	264	-100	-100
7	414	-100	-100
7	191	-100	-100
7	389	-100	-100
7	348	-100	-100
7	192	-100	-100
7	266	-100	-100
7	139	-100	-100
7	366	-100	-100
7	121	-100	-100
7	317	-100	-100
7	132	-100	-100
7	382	-100	-100
7	278	-100	-100
7	245	-100	-100
7	488	-100	-100
7	133	-100	-100
7	442	-100	-100
7	296	-100	-100
7	32	-100	-100
7	66	-100	-100
7	351	-100	-100
2	251	-100	-100
2	336	-100	-100
2	175	-100	-100
2	220	-100	-100
2	129	-100	-100
2	289	-100	-100
2	469	-100	-100
2	391	-100	-100
2	309	-100	-100
2	170	-100	-100
2	23	-100	-100
2	184	-100	-100
2	413	-100	-100
2	361	-100	-100
2	368	-100	-100
2	466	-100	-100
2	495	-100	-100
2	326	-100	-100
2	470	-100	-100
2	415	-100	-100
2	440	-100	-100
2	304	-100	-100
2	428	-100	-100
2	151	-100	-100
2	202	-100	-100
2	374	-100	-100
2	162	-100	-100
2	164	-100	-100
2	426	-100	-100
2	297	-100	-100
2	239	-100	-100
2	342	-100	-100
2	303	-100	-100
2	97	-100	-100
2	186	-100	-100
2	10	-100	-100
2	462	-100	-100
2	227	-100	-100
2	347	-100	-100
2	50	-100	-100
2	369	-100	-100
2	411	-100	-100
2	67	-100	-100
2	492	-100	-100
2	393	-100	-100
2	121	-100	-100
2	90	-100	-100
2	282	-100	-100
2	267	-100	-100
2	37	-100	-100
2	42	-100	-100
2	126	-100	-100
2	86	-100	-100
2	94	-100	-100
2	84	-100	-100
2	383	-100	-100
2	348	-100	-100
2	216	-100	-100
2	43	-100	-100
2	408	-100	-100
2	298	-100	-100
2	420	-100	-100
2	330	-100	-100
2	264	-100	-100
2	72	-100	-100
2	459	-100	-100
2	223	-100	-100
2	163	-100	-100
2	195	-100	-100
2	130	-100	-100
2	107	-100	-100
2	254	-100	-100
2	344	-100	-100
2	46	-100	-100
2	323	-100	-100
2	270	-100	-100
2	366	-100	-100
2	218	-100	-100
2	213	-100	-100
2	224	-100	-100
2	341	-100	-100
2	458	-100	-100
2	334	-100	-100
2	425	-100	-100
2	364	-100	-100
2	53	-100	-100
2	187	-100	-100
2	299	-100	-100
2	322	-100	-100
2	327	-100	-100
2	192	-100	-100
2	258	-100	-100
2	246	-100	-100
2	409	-100	-100
2	26	-100	-100
2	61	-100	-100
2	27	-100	-100
2	261	-100	-100
2	166	-100	-100
2	113	-100	-100
2	357	-100	-100
2	346	-100	-100
2	245	-100	-100
2	211	-100	-100
2	235	-100	-100
2	456	-100	-100
2	451	-100	-100
2	96	-100	-100
2	237	-100	-100
2	17	-100	-100
2	210	-100	-100
2	204	-100	-100
2	386	-100	-100
2	11	-100	-100
2	71	-100	-100
2	205	-100	-100
2	484	-100	-100
2	190	-100	-100
2	292	-100	-100
2	399	-100	-100
2	359	-100	-100
2	142	-100	-100
2	318	-100	-100
2	444	-100	-100
2	472	-100	-100
2	400	-100	-100
2	47	-100	-100
2	286	-100	-100
2	180	-100	-100
2	355	-100	-100
2	146	-100	-100
2	225	-100	-100
2	269	-100	-100
2	222	-100	-100
2	208	-100	-100
2	305	-100	-100
2	291	-100	-100
2	191	-100	-100
2	353	-100	-100
2	230	-100	-100
2	445	-100	-100
2	243	-100	-100
2	233	-100	-100
2	487	-100	-100
2	117	-100	-100
2	441	-100	-100
2	200	-100	-100
2	159	-100	-100
2	109	-100	-100
2	179	-100	-100
2	293	-100	-100
2	110	-100	-100
2	157	-100	-100
2	482	-100	-100
2	120	-100	-100
2	214	-100	-100
2	278	-100	-100
2	274	-100	-100
2	41	-100	-100
2	58	-100	-100
2	384	-100	-100
2	118	-100	-100
2	232	-100	-100
2	488	-100	-100
2	271	-100	-100
2	454	-100	-100
2	140	-100	-100
2	66	-100	-100
2	464	-100	-100
2	116	-100	-100
2	131	-100	-100
2	311	-100	-100
2	255	-100	-100
2	493	-100	-100
2	313	-100	-100
2	396	-100	-100
2	201	-100	-100
2	34	-100	-100
2	485	-100	-100
2	150	-100	-100
2	339	-100	-100
2	340	-100	-100
2	241	-100	-100
2	414	-100	-100
2	143	-100	-100
2	102	-100	-100
2	160	-100	-100
2	367	-100	-100
2	461	-100	-100
2	250	-100	-100
2	119	-100	-100
2	194	-100	-100
2	266	-100	-100
2	335	-100	-100
2	82	-100	-100
2	317	-100	-100
2	215	-100	-100
2	256	-100	-100
2	149	-100	-100
2	108	-100	-100
2	28	-100	-100
2	236	-100	-100
2	178	-100	-100
2	68	-100	-100
2	183	-100	-100
2	64	-100	-100
2	328	-100	-100
2	247	-100	-100
2	337	-100	-100
2	14	-100	-100
2	388	-100	-100
2	448	-100	-100
2	9	-100	-100
2	135	-100	-100
2	315	-100	-100
2	431	-100	-100
2	172	-100	-100
2	158	-100	-100
2	92	-100	-100
2	103	-100	-100
2	442	-100	-100
2	206	-100	-100
2	407	-100	-100
2	24	-100	-100
2	463	-100	-100
2	45	-100	-100
2	93	-100	-100
2	249	-100	-100
2	343	-100	-100
2	283	-100	-100
2	285	-100	-100
2	145	-100	-100
2	153	-100	-100
2	132	-100	-100
2	221	-100	-100
2	124	-100	-100
2	240	-100	-100
2	351	-100	-100
2	171	-100	-100
2	111	-100	-100
2	389	-100	-100
2	122	-100	-100
2	217	-100	-100
2	89	-100	-100
2	390	-100	-100
2	387	-100	-100
2	55	-100	-100
2	476	-100	-100
461	372	-100	-100
102	337	-100	-100
431	265	-100	-100
47	9	-100	-100
334	380	-100	-100
216	100	-100	-100
456	362	-100	-100
460	249	-100	-100
168	419	-100	-100
499	338	-100	-100
342	82	-100	-100
74	481	-100	-100
389	360	-100	-100
406	141	-100	-100
320	99	-100	-100
127	195	-100	-100
71	39	-100	-100
429	467	-100	-100
438	378	-100	-100
480	439	-100	-100
288	189	-100	-100
498	48	-100	-100
479	486	-100	-100
433	299	-100	-100
477	13	-100	-100
188	16	-100	-100
402	44	-100	-100
