500
5465
2
1	2	2	5
1	3	6	4
1	4	6	2
1	5	9	7
1	6	7	9
1	7	9	3
1	8	7	4
1	9	8	4
1	10	5	3
1	11	8	2
1	12	3	2
1	13	8	10
1	14	8	1
1	15	1	5
1	16	8	2
1	17	1	2
1	18	10	8
1	19	5	1
1	20	6	8
1	21	7	8
1	22	3	9
1	23	2	7
1	24	7	6
1	25	10	8
1	26	8	4
1	27	5	9
1	28	9	2
1	29	1	8
1	30	1	9
1	31	9	4
1	32	5	10
1	33	9	5
1	34	3	7
1	35	8	3
1	36	7	8
1	37	9	6
1	38	3	10
1	39	10	9
1	40	5	2
1	41	9	3
1	42	4	6
1	43	3	2
1	44	7	1
1	45	10	3
1	46	9	7
1	47	10	9
1	48	2	3
1	49	5	3
1	50	7	2
1	51	4	1
1	52	6	3
1	53	6	8
1	54	6	3
1	55	6	7
1	56	8	2
1	57	9	7
1	58	2	9
1	59	7	6
1	60	6	1
1	61	9	5
1	62	7	4
1	63	1	2
1	64	10	7
1	65	1	6
1	66	7	5
1	67	1	10
1	68	9	6
1	69	10	1
1	70	10	4
1	71	2	8
1	72	6	7
2	73	8	7
2	74	9	10
2	75	8	3
2	76	4	10
2	77	3	2
2	78	3	5
2	79	7	10
3	80	10	7
3	81	1	9
3	82	6	7
3	83	4	10
3	84	9	6
3	85	1	6
3	86	10	3
3	87	1	5
3	88	1	8
3	89	6	5
3	90	10	7
3	91	3	8
3	92	9	3
3	93	7	6
3	94	2	3
3	95	2	3
3	96	10	1
3	97	2	5
3	98	9	4
3	99	5	4
3	100	8	5
3	101	3	4
3	102	9	6
3	103	9	10
3	104	2	5
3	105	6	9
3	106	6	1
3	107	7	2
3	108	9	2
3	109	3	5
3	110	6	9
3	111	3	9
3	112	2	3
3	113	6	5
3	114	5	3
3	115	8	9
3	116	6	1
3	117	7	1
3	118	4	2
3	119	4	9
3	120	2	9
3	121	5	6
3	122	6	9
3	123	9	7
3	124	4	1
3	125	4	5
3	126	6	1
3	127	10	5
3	128	7	6
3	129	8	10
3	130	2	9
3	131	7	10
3	132	3	9
3	133	9	3
3	134	4	6
3	135	1	8
3	136	2	1
3	137	4	6
3	138	7	1
3	139	3	7
3	140	1	4
3	141	6	10
3	142	5	1
3	143	1	6
3	144	6	5
3	145	3	4
3	146	5	9
3	147	3	9
3	148	4	1
3	149	10	6
3	150	5	1
3	151	2	6
3	152	8	4
3	153	10	1
3	154	4	6
3	155	8	5
3	156	2	7
3	157	8	9
3	158	10	9
3	159	9	5
3	160	5	1
3	161	6	7
3	162	4	5
3	163	7	4
3	164	4	10
3	165	4	9
3	166	7	8
3	167	3	9
3	168	2	6
3	169	5	10
4	170	4	2
4	171	10	2
4	172	10	2
4	173	4	3
4	174	8	3
4	175	7	1
4	176	2	9
4	177	7	4
4	178	1	7
4	179	1	7
4	180	6	3
4	181	6	5
4	182	1	5
4	183	1	6
4	184	8	6
4	185	3	2
4	186	5	6
4	187	6	1
4	188	2	8
4	189	3	8
4	190	8	10
4	191	8	10
4	192	7	4
4	193	1	8
4	194	7	4
4	195	3	1
4	196	4	5
4	197	5	4
4	198	4	2
4	199	2	8
4	200	9	2
4	201	1	3
4	202	8	1
4	203	1	5
4	204	3	6
4	205	9	5
5	206	2	8
5	207	1	7
5	208	5	3
5	209	6	7
5	210	8	6
5	211	9	3
5	212	8	3
5	213	9	2
5	214	6	4
5	215	3	7
5	216	5	8
5	217	3	10
5	218	5	10
5	219	4	10
5	220	8	1
5	221	6	2
5	222	2	6
5	223	4	8
5	224	1	7
5	225	2	3
5	226	1	6
5	227	2	7
5	228	6	7
5	229	10	1
5	230	2	4
5	231	5	9
5	232	9	6
5	233	10	7
5	234	10	8
5	235	9	5
5	236	7	3
5	237	4	3
5	238	5	1
5	239	3	7
5	240	6	7
5	241	6	8
5	242	3	7
5	243	1	5
5	244	10	2
5	245	4	5
5	246	5	4
5	33	1	3
5	247	4	1
5	248	4	5
5	249	5	9
5	250	8	4
5	251	2	10
5	252	5	1
5	253	5	2
5	254	2	3
5	255	5	2
5	256	8	6
5	257	5	6
5	258	2	10
5	259	6	8
5	260	5	7
5	261	10	2
5	262	8	6
5	263	2	5
5	264	7	3
5	265	6	4
5	266	7	9
5	267	6	3
5	268	7	5
5	269	7	10
5	270	8	2
5	271	2	6
5	272	2	6
5	273	8	3
5	274	9	8
5	275	2	3
5	276	5	8
5	277	2	6
5	278	5	10
5	279	5	4
5	280	5	3
5	281	9	1
5	282	10	3
5	283	5	9
5	284	2	1
5	285	5	6
5	286	6	1
5	287	7	4
6	288	6	3
6	289	4	10
6	290	1	6
6	291	4	6
6	292	1	2
6	293	2	8
6	294	2	10
6	295	4	8
6	296	6	7
6	297	10	9
6	298	2	8
6	299	4	1
6	300	6	8
6	301	6	1
6	302	8	3
6	303	2	3
6	304	8	9
6	305	8	1
6	306	2	8
6	307	4	5
6	308	8	5
6	309	10	9
6	310	2	3
6	311	1	8
6	312	3	10
6	313	2	1
6	314	1	8
6	315	2	8
6	316	10	4
6	317	7	8
6	318	10	5
6	319	1	7
6	320	5	1
6	321	5	8
6	322	2	3
6	323	7	5
6	324	6	8
6	325	6	5
6	326	6	4
6	327	10	2
6	328	9	10
6	329	4	2
6	330	2	9
6	8	3	8
6	331	5	4
6	332	6	3
6	333	10	3
6	334	9	2
6	335	7	3
6	336	10	8
6	337	6	2
6	10	2	1
6	338	6	7
6	339	7	4
6	340	6	4
6	341	3	7
6	342	9	7
6	343	7	1
6	344	5	8
6	345	8	7
6	346	9	6
6	347	2	10
6	348	8	9
6	349	8	7
6	350	4	3
6	351	10	5
6	14	3	5
6	352	8	4
6	353	10	3
6	354	6	3
6	355	2	7
6	356	5	10
6	357	10	6
6	358	9	5
6	179	6	10
6	359	9	3
6	360	10	5
6	361	2	6
6	362	10	8
6	363	9	7
6	364	1	4
6	239	10	6
6	365	2	1
6	366	1	7
6	367	4	2
6	368	8	9
6	369	6	10
6	22	1	2
6	370	9	1
6	371	7	1
6	372	9	5
6	373	8	1
6	374	6	10
6	375	5	4
6	376	8	5
6	377	1	2
6	378	6	4
6	379	3	7
6	380	3	8
6	381	10	1
6	382	4	9
6	383	2	5
6	384	7	3
6	242	5	7
6	385	2	1
6	386	10	8
6	387	10	1
6	388	10	4
6	389	9	4
6	390	5	4
6	391	9	5
6	33	6	7
6	392	2	4
6	393	7	3
6	394	3	5
6	395	1	10
6	396	3	4
6	397	6	8
6	398	6	4
6	399	2	4
6	400	7	10
6	401	9	2
6	402	2	7
6	403	9	2
6	404	5	8
6	405	8	5
6	406	8	10
6	407	2	6
6	408	7	2
6	42	1	5
6	409	2	6
6	410	2	8
6	411	1	5
6	412	6	3
6	413	3	8
6	414	6	9
6	415	2	3
6	416	5	1
6	43	6	2
6	417	5	9
6	418	8	10
6	419	8	1
6	420	3	10
6	421	8	4
6	422	8	6
6	423	3	5
6	424	6	3
6	425	1	7
6	426	8	1
6	427	8	1
6	428	2	1
6	429	7	3
6	430	5	9
6	431	1	4
6	432	8	10
6	433	1	6
6	434	8	7
6	435	9	8
6	436	8	5
6	437	10	7
6	438	8	7
6	439	2	9
6	440	5	10
6	441	9	5
6	442	4	5
6	443	6	8
6	444	7	8
6	445	6	1
6	446	5	3
6	447	1	7
6	448	3	4
6	449	7	5
6	450	2	7
6	451	4	6
7	452	6	2
7	453	1	5
7	454	8	6
7	455	7	8
7	456	3	4
7	457	2	7
7	458	3	8
7	459	10	1
7	460	6	1
7	461	7	4
7	462	2	7
7	463	10	3
7	464	2	10
7	33	8	9
7	465	5	4
7	466	4	9
7	467	6	2
7	56	6	7
7	468	3	2
7	469	3	1
7	470	8	3
7	471	6	7
8	472	10	7
8	473	3	7
8	474	10	7
8	475	5	1
8	476	7	4
8	477	9	2
8	478	9	2
8	479	7	8
8	480	4	7
8	481	1	7
8	482	10	9
8	483	8	3
8	484	3	8
8	485	10	8
8	486	3	8
8	487	1	9
8	488	4	2
8	489	1	6
8	490	5	2
8	491	2	3
8	492	9	1
8	493	5	4
8	494	4	2
8	221	7	2
8	495	8	4
8	496	2	5
8	497	3	4
8	498	9	3
8	499	6	7
8	500	10	5
3	474	-100	-100
3	464	-100	-100
3	204	-100	-100
3	363	-100	-100
3	291	-100	-100
3	22	-100	-100
3	332	-100	-100
3	301	-100	-100
3	351	-100	-100
3	195	-100	-100
3	48	-100	-100
3	250	-100	-100
3	357	-100	-100
3	342	-100	-100
3	413	-100	-100
3	20	-100	-100
3	51	-100	-100
3	58	-100	-100
3	355	-100	-100
3	52	-100	-100
3	63	-100	-100
3	457	-100	-100
3	453	-100	-100
3	347	-100	-100
3	338	-100	-100
3	197	-100	-100
3	217	-100	-100
3	56	-100	-100
3	183	-100	-100
3	361	-100	-100
3	372	-100	-100
3	39	-100	-100
3	191	-100	-100
3	360	-100	-100
3	59	-100	-100
3	45	-100	-100
3	469	-100	-100
3	311	-100	-100
3	44	-100	-100
3	439	-100	-100
3	374	-100	-100
3	57	-100	-100
3	247	-100	-100
3	54	-100	-100
3	50	-100	-100
3	380	-100	-100
3	468	-100	-100
3	65	-100	-100
3	337	-100	-100
3	19	-100	-100
3	418	-100	-100
3	305	-100	-100
3	38	-100	-100
3	203	-100	-100
3	275	-100	-100
3	14	-100	-100
3	377	-100	-100
3	236	-100	-100
3	178	-100	-100
3	303	-100	-100
3	329	-100	-100
3	258	-100	-100
3	405	-100	-100
3	428	-100	-100
3	60	-100	-100
3	277	-100	-100
3	459	-100	-100
3	392	-100	-100
3	13	-100	-100
3	369	-100	-100
3	324	-100	-100
3	442	-100	-100
3	235	-100	-100
3	422	-100	-100
3	252	-100	-100
3	223	-100	-100
3	241	-100	-100
3	170	-100	-100
3	488	-100	-100
3	192	-100	-100
3	438	-100	-100
3	218	-100	-100
3	254	-100	-100
3	388	-100	-100
5	486	-100	-100
5	63	-100	-100
5	402	-100	-100
5	446	-100	-100
5	390	-100	-100
5	434	-100	-100
5	177	-100	-100
5	466	-100	-100
5	32	-100	-100
5	467	-100	-100
5	348	-100	-100
5	174	-100	-100
5	315	-100	-100
5	453	-100	-100
5	491	-100	-100
5	386	-100	-100
5	303	-100	-100
5	29	-100	-100
5	97	-100	-100
5	493	-100	-100
5	410	-100	-100
5	397	-100	-100
5	350	-100	-100
5	341	-100	-100
5	298	-100	-100
5	492	-100	-100
5	384	-100	-100
5	2	-100	-100
5	411	-100	-100
5	396	-100	-100
5	188	-100	-100
5	87	-100	-100
5	293	-100	-100
5	361	-100	-100
5	159	-100	-100
5	142	-100	-100
5	117	-100	-100
5	489	-100	-100
5	379	-100	-100
5	93	-100	-100
5	414	-100	-100
5	172	-100	-100
5	196	-100	-100
5	186	-100	-100
5	178	-100	-100
5	360	-100	-100
5	401	-100	-100
5	422	-100	-100
5	182	-100	-100
5	111	-100	-100
5	124	-100	-100
5	447	-100	-100
5	158	-100	-100
5	335	-100	-100
5	92	-100	-100
5	154	-100	-100
5	104	-100	-100
5	78	-100	-100
5	417	-100	-100
5	323	-100	-100
5	202	-100	-100
5	332	-100	-100
5	108	-100	-100
5	16	-100	-100
5	321	-100	-100
5	339	-100	-100
5	425	-100	-100
5	151	-100	-100
5	376	-100	-100
5	320	-100	-100
5	440	-100	-100
5	72	-100	-100
5	189	-100	-100
5	337	-100	-100
5	399	-100	-100
5	94	-100	-100
5	363	-100	-100
5	140	-100	-100
5	405	-100	-100
5	195	-100	-100
5	427	-100	-100
5	28	-100	-100
5	469	-100	-100
5	327	-100	-100
5	487	-100	-100
5	116	-100	-100
5	69	-100	-100
5	408	-100	-100
5	352	-100	-100
5	64	-100	-100
5	304	-100	-100
1	328	-100	-100
1	308	-100	-100
1	181	-100	-100
1	242	-100	-100
1	237	-100	-100
1	96	-100	-100
1	233	-100	-100
1	107	-100	-100
1	301	-100	-100
1	338	-100	-100
1	250	-100	-100
1	197	-100	-100
1	129	-100	-100
1	461	-100	-100
1	455	-100	-100
1	261	-100	-100
1	446	-100	-100
1	160	-100	-100
1	469	-100	-100
1	163	-100	-100
1	417	-100	-100
1	497	-100	-100
1	189	-100	-100
1	90	-100	-100
1	191	-100	-100
1	166	-100	-100
1	474	-100	-100
1	315	-100	-100
1	484	-100	-100
1	117	-100	-100
1	153	-100	-100
1	82	-100	-100
1	405	-100	-100
1	444	-100	-100
1	456	-100	-100
1	485	-100	-100
1	361	-100	-100
1	387	-100	-100
1	152	-100	-100
1	482	-100	-100
1	483	-100	-100
1	299	-100	-100
1	437	-100	-100
1	449	-100	-100
1	102	-100	-100
1	98	-100	-100
1	347	-100	-100
1	266	-100	-100
1	364	-100	-100
1	219	-100	-100
1	470	-100	-100
1	480	-100	-100
1	116	-100	-100
1	431	-100	-100
1	170	-100	-100
1	322	-100	-100
1	371	-100	-100
1	276	-100	-100
1	76	-100	-100
1	274	-100	-100
1	279	-100	-100
1	354	-100	-100
1	176	-100	-100
1	433	-100	-100
1	382	-100	-100
1	490	-100	-100
1	285	-100	-100
1	298	-100	-100
1	475	-100	-100
1	235	-100	-100
1	486	-100	-100
1	81	-100	-100
1	434	-100	-100
1	471	-100	-100
1	190	-100	-100
1	420	-100	-100
1	147	-100	-100
1	457	-100	-100
1	115	-100	-100
1	445	-100	-100
1	404	-100	-100
1	428	-100	-100
1	249	-100	-100
1	86	-100	-100
1	351	-100	-100
1	381	-100	-100
1	390	-100	-100
1	367	-100	-100
1	272	-100	-100
1	448	-100	-100
1	142	-100	-100
1	124	-100	-100
1	194	-100	-100
1	357	-100	-100
1	171	-100	-100
1	118	-100	-100
1	253	-100	-100
1	478	-100	-100
1	316	-100	-100
1	169	-100	-100
1	348	-100	-100
1	424	-100	-100
1	211	-100	-100
1	356	-100	-100
4	224	-100	-100
4	253	-100	-100
4	11	-100	-100
4	436	-100	-100
4	462	-100	-100
4	331	-100	-100
4	483	-100	-100
4	221	-100	-100
4	210	-100	-100
4	100	-100	-100
4	386	-100	-100
4	22	-100	-100
4	126	-100	-100
4	399	-100	-100
4	491	-100	-100
4	418	-100	-100
4	359	-100	-100
4	393	-100	-100
4	464	-100	-100
4	64	-100	-100
4	402	-100	-100
4	373	-100	-100
4	209	-100	-100
4	290	-100	-100
4	68	-100	-100
4	280	-100	-100
4	398	-100	-100
4	380	-100	-100
4	229	-100	-100
4	122	-100	-100
4	324	-100	-100
4	127	-100	-100
4	71	-100	-100
4	307	-100	-100
4	156	-100	-100
4	49	-100	-100
4	26	-100	-100
4	13	-100	-100
4	460	-100	-100
4	149	-100	-100
4	499	-100	-100
4	470	-100	-100
4	317	-100	-100
4	140	-100	-100
4	404	-100	-100
4	99	-100	-100
4	73	-100	-100
4	333	-100	-100
4	32	-100	-100
4	162	-100	-100
4	431	-100	-100
4	223	-100	-100
4	65	-100	-100
4	496	-100	-100
4	433	-100	-100
4	9	-100	-100
4	434	-100	-100
4	340	-100	-100
4	57	-100	-100
4	461	-100	-100
4	246	-100	-100
4	409	-100	-100
4	288	-100	-100
4	263	-100	-100
4	72	-100	-100
4	304	-100	-100
4	357	-100	-100
4	308	-100	-100
4	226	-100	-100
4	275	-100	-100
4	377	-100	-100
4	403	-100	-100
4	27	-100	-100
4	337	-100	-100
4	448	-100	-100
4	67	-100	-100
4	321	-100	-100
4	477	-100	-100
4	113	-100	-100
4	486	-100	-100
4	132	-100	-100
4	163	-100	-100
4	328	-100	-100
4	318	-100	-100
4	211	-100	-100
4	39	-100	-100
4	128	-100	-100
4	135	-100	-100
4	268	-100	-100
4	468	-100	-100
4	145	-100	-100
4	498	-100	-100
4	262	-100	-100
4	325	-100	-100
4	323	-100	-100
4	429	-100	-100
4	218	-100	-100
4	70	-100	-100
4	447	-100	-100
4	441	-100	-100
4	144	-100	-100
4	449	-100	-100
4	488	-100	-100
4	343	-100	-100
4	87	-100	-100
4	334	-100	-100
4	361	-100	-100
4	258	-100	-100
4	423	-100	-100
4	137	-100	-100
4	372	-100	-100
4	48	-100	-100
4	467	-100	-100
4	212	-100	-100
4	153	-100	-100
4	332	-100	-100
4	50	-100	-100
4	136	-100	-100
4	154	-100	-100
4	60	-100	-100
4	407	-100	-100
4	344	-100	-100
4	24	-100	-100
4	302	-100	-100
4	266	-100	-100
4	282	-100	-100
4	119	-100	-100
4	500	-100	-100
4	86	-100	-100
4	283	-100	-100
4	326	-100	-100
4	320	-100	-100
4	23	-100	-100
4	400	-100	-100
4	458	-100	-100
4	78	-100	-100
4	28	-100	-100
4	439	-100	-100
8	130	-100	-100
8	32	-100	-100
8	24	-100	-100
8	210	-100	-100
8	295	-100	-100
8	243	-100	-100
8	27	-100	-100
8	359	-100	-100
8	177	-100	-100
8	280	-100	-100
8	98	-100	-100
8	266	-100	-100
8	169	-100	-100
8	315	-100	-100
8	405	-100	-100
8	437	-100	-100
8	145	-100	-100
8	192	-100	-100
8	165	-100	-100
8	28	-100	-100
8	74	-100	-100
8	272	-100	-100
8	89	-100	-100
8	469	-100	-100
8	290	-100	-100
8	100	-100	-100
8	65	-100	-100
8	21	-100	-100
8	117	-100	-100
8	348	-100	-100
8	103	-100	-100
8	264	-100	-100
8	142	-100	-100
8	218	-100	-100
8	194	-100	-100
8	346	-100	-100
8	132	-100	-100
8	211	-100	-100
8	467	-100	-100
8	434	-100	-100
8	122	-100	-100
8	344	-100	-100
8	20	-100	-100
8	154	-100	-100
8	463	-100	-100
8	155	-100	-100
8	62	-100	-100
8	171	-100	-100
8	285	-100	-100
8	36	-100	-100
8	439	-100	-100
8	356	-100	-100
8	159	-100	-100
8	173	-100	-100
8	231	-100	-100
8	471	-100	-100
8	158	-100	-100
8	332	-100	-100
8	78	-100	-100
8	451	-100	-100
8	37	-100	-100
8	265	-100	-100
8	368	-100	-100
8	360	-100	-100
8	329	-100	-100
8	365	-100	-100
8	212	-100	-100
8	209	-100	-100
8	331	-100	-100
8	291	-100	-100
8	390	-100	-100
8	7	-100	-100
8	445	-100	-100
8	43	-100	-100
8	95	-100	-100
8	87	-100	-100
8	422	-100	-100
8	109	-100	-100
8	292	-100	-100
8	163	-100	-100
8	322	-100	-100
8	453	-100	-100
8	275	-100	-100
8	141	-100	-100
8	18	-100	-100
8	182	-100	-100
8	108	-100	-100
8	181	-100	-100
8	222	-100	-100
8	34	-100	-100
8	336	-100	-100
8	374	-100	-100
8	137	-100	-100
8	52	-100	-100
8	328	-100	-100
8	61	-100	-100
8	53	-100	-100
8	343	-100	-100
8	217	-100	-100
8	168	-100	-100
8	327	-100	-100
8	214	-100	-100
8	229	-100	-100
8	310	-100	-100
8	157	-100	-100
8	465	-100	-100
8	106	-100	-100
8	384	-100	-100
8	452	-100	-100
8	225	-100	-100
8	362	-100	-100
8	167	-100	-100
8	276	-100	-100
8	441	-100	-100
8	101	-100	-100
8	19	-100	-100
8	191	-100	-100
8	90	-100	-100
8	12	-100	-100
8	416	-100	-100
8	107	-100	-100
8	282	-100	-100
8	341	-100	-100
8	355	-100	-100
8	468	-100	-100
8	433	-100	-100
8	14	-100	-100
8	370	-100	-100
8	184	-100	-100
8	407	-100	-100
8	114	-100	-100
8	364	-100	-100
8	116	-100	-100
8	256	-100	-100
8	54	-100	-100
8	235	-100	-100
8	179	-100	-100
8	393	-100	-100
8	249	-100	-100
8	60	-100	-100
8	57	-100	-100
8	300	-100	-100
8	40	-100	-100
7	330	-100	-100
7	478	-100	-100
7	127	-100	-100
7	409	-100	-100
7	311	-100	-100
7	74	-100	-100
7	60	-100	-100
7	430	-100	-100
7	102	-100	-100
7	101	-100	-100
7	423	-100	-100
7	135	-100	-100
7	391	-100	-100
7	402	-100	-100
7	129	-100	-100
7	231	-100	-100
7	197	-100	-100
7	481	-100	-100
7	215	-100	-100
7	448	-100	-100
7	427	-100	-100
7	283	-100	-100
7	150	-100	-100
7	486	-100	-100
7	79	-100	-100
7	46	-100	-100
7	65	-100	-100
7	148	-100	-100
7	221	-100	-100
7	91	-100	-100
7	49	-100	-100
7	405	-100	-100
7	188	-100	-100
7	51	-100	-100
7	348	-100	-100
7	10	-100	-100
7	294	-100	-100
7	445	-100	-100
7	362	-100	-100
7	282	-100	-100
7	420	-100	-100
7	177	-100	-100
7	44	-100	-100
7	319	-100	-100
7	57	-100	-100
7	395	-100	-100
7	222	-100	-100
7	302	-100	-100
7	190	-100	-100
7	18	-100	-100
7	185	-100	-100
7	293	-100	-100
7	53	-100	-100
7	31	-100	-100
7	403	-100	-100
7	226	-100	-100
7	28	-100	-100
7	426	-100	-100
7	82	-100	-100
7	146	-100	-100
7	236	-100	-100
7	406	-100	-100
7	241	-100	-100
7	327	-100	-100
7	118	-100	-100
7	412	-100	-100
7	172	-100	-100
7	428	-100	-100
7	155	-100	-100
7	203	-100	-100
7	307	-100	-100
7	310	-100	-100
7	199	-100	-100
7	62	-100	-100
7	132	-100	-100
7	263	-100	-100
7	337	-100	-100
7	256	-100	-100
7	66	-100	-100
7	153	-100	-100
7	451	-100	-100
7	487	-100	-100
7	340	-100	-100
7	17	-100	-100
7	353	-100	-100
7	404	-100	-100
7	443	-100	-100
7	109	-100	-100
7	32	-100	-100
7	370	-100	-100
7	299	-100	-100
7	313	-100	-100
7	372	-100	-100
7	97	-100	-100
7	48	-100	-100
7	393	-100	-100
7	278	-100	-100
7	349	-100	-100
7	255	-100	-100
7	247	-100	-100
7	274	-100	-100
7	318	-100	-100
7	112	-100	-100
7	213	-100	-100
7	212	-100	-100
7	296	-100	-100
7	113	-100	-100
7	252	-100	-100
7	267	-100	-100
7	59	-100	-100
7	154	-100	-100
7	440	-100	-100
7	331	-100	-100
7	164	-100	-100
7	360	-100	-100
7	235	-100	-100
7	130	-100	-100
7	54	-100	-100
7	365	-100	-100
7	351	-100	-100
7	309	-100	-100
7	248	-100	-100
7	485	-100	-100
7	407	-100	-100
7	149	-100	-100
7	291	-100	-100
7	193	-100	-100
7	133	-100	-100
7	93	-100	-100
7	234	-100	-100
7	316	-100	-100
7	36	-100	-100
7	141	-100	-100
7	171	-100	-100
7	482	-100	-100
7	410	-100	-100
7	55	-100	-100
7	369	-100	-100
7	173	-100	-100
7	64	-100	-100
7	262	-100	-100
7	325	-100	-100
7	244	-100	-100
7	105	-100	-100
7	205	-100	-100
7	328	-100	-100
7	14	-100	-100
7	90	-100	-100
7	433	-100	-100
7	136	-100	-100
7	384	-100	-100
2	381	-100	-100
2	290	-100	-100
2	346	-100	-100
2	117	-100	-100
2	223	-100	-100
2	405	-100	-100
2	482	-100	-100
2	481	-100	-100
2	171	-100	-100
2	17	-100	-100
2	438	-100	-100
2	323	-100	-100
2	185	-100	-100
2	412	-100	-100
2	308	-100	-100
2	479	-100	-100
2	446	-100	-100
2	316	-100	-100
2	200	-100	-100
2	484	-100	-100
2	16	-100	-100
2	98	-100	-100
2	128	-100	-100
2	470	-100	-100
2	193	-100	-100
2	33	-100	-100
2	270	-100	-100
2	310	-100	-100
2	414	-100	-100
2	281	-100	-100
2	279	-100	-100
2	430	-100	-100
2	209	-100	-100
2	407	-100	-100
2	240	-100	-100
2	490	-100	-100
2	402	-100	-100
2	432	-100	-100
2	304	-100	-100
2	93	-100	-100
2	314	-100	-100
2	421	-100	-100
2	289	-100	-100
2	132	-100	-100
2	126	-100	-100
2	345	-100	-100
2	91	-100	-100
2	169	-100	-100
2	183	-100	-100
2	426	-100	-100
2	101	-100	-100
2	267	-100	-100
2	115	-100	-100
2	222	-100	-100
2	186	-100	-100
2	192	-100	-100
2	229	-100	-100
2	173	-100	-100
2	317	-100	-100
2	486	-100	-100
2	122	-100	-100
2	225	-100	-100
2	84	-100	-100
2	181	-100	-100
2	300	-100	-100
2	307	-100	-100
2	387	-100	-100
2	475	-100	-100
2	237	-100	-100
2	136	-100	-100
2	38	-100	-100
2	330	-100	-100
2	388	-100	-100
2	386	-100	-100
2	48	-100	-100
2	368	-100	-100
2	56	-100	-100
2	210	-100	-100
2	394	-100	-100
2	383	-100	-100
2	500	-100	-100
2	234	-100	-100
2	429	-100	-100
2	61	-100	-100
2	139	-100	-100
2	447	-100	-100
2	325	-100	-100
2	213	-100	-100
2	12	-100	-100
2	137	-100	-100
2	218	-100	-100
2	367	-100	-100
2	134	-100	-100
2	322	-100	-100
2	417	-100	-100
2	261	-100	-100
2	467	-100	-100
2	69	-100	-100
2	370	-100	-100
2	49	-100	-100
2	327	-100	-100
2	146	-100	-100
2	272	-100	-100
2	454	-100	-100
2	276	-100	-100
2	382	-100	-100
2	58	-100	-100
2	108	-100	-100
2	319	-100	-100
2	67	-100	-100
2	31	-100	-100
2	431	-100	-100
2	127	-100	-100
2	437	-100	-100
2	235	-100	-100
2	23	-100	-100
2	116	-100	-100
2	156	-100	-100
2	112	-100	-100
2	52	-100	-100
2	95	-100	-100
2	461	-100	-100
2	157	-100	-100
2	140	-100	-100
2	243	-100	-100
2	27	-100	-100
2	453	-100	-100
2	191	-100	-100
2	283	-100	-100
2	195	-100	-100
2	492	-100	-100
2	230	-100	-100
2	493	-100	-100
2	162	-100	-100
2	182	-100	-100
2	266	-100	-100
2	443	-100	-100
2	43	-100	-100
2	187	-100	-100
2	188	-100	-100
2	208	-100	-100
2	385	-100	-100
2	400	-100	-100
2	70	-100	-100
2	404	-100	-100
2	111	-100	-100
2	284	-100	-100
2	478	-100	-100
2	153	-100	-100
2	141	-100	-100
2	158	-100	-100
2	347	-100	-100
2	263	-100	-100
2	415	-100	-100
2	348	-100	-100
2	341	-100	-100
2	499	-100	-100
2	217	-100	-100
2	442	-100	-100
2	215	-100	-100
2	160	-100	-100
2	34	-100	-100
2	250	-100	-100
2	102	-100	-100
2	315	-100	-100
2	184	-100	-100
405	76	-100	-100
405	440	-100	-100
405	481	-100	-100
405	130	-100	-100
405	408	-100	-100
405	185	-100	-100
405	111	-100	-100
405	442	-100	-100
405	317	-100	-100
405	46	-100	-100
405	297	-100	-100
405	69	-100	-100
405	336	-100	-100
405	483	-100	-100
405	22	-100	-100
405	201	-100	-100
405	108	-100	-100
405	482	-100	-100
405	184	-100	-100
405	81	-100	-100
405	52	-100	-100
405	409	-100	-100
405	70	-100	-100
405	383	-100	-100
405	338	-100	-100
405	246	-100	-100
405	312	-100	-100
405	59	-100	-100
405	412	-100	-100
405	171	-100	-100
405	278	-100	-100
405	268	-100	-100
405	258	-100	-100
405	226	-100	-100
405	207	-100	-100
405	71	-100	-100
405	264	-100	-100
405	64	-100	-100
405	500	-100	-100
405	326	-100	-100
405	471	-100	-100
405	375	-100	-100
405	139	-100	-100
405	95	-100	-100
405	164	-100	-100
405	239	-100	-100
405	403	-100	-100
405	279	-100	-100
405	86	-100	-100
405	186	-100	-100
405	498	-100	-100
405	212	-100	-100
405	376	-100	-100
405	195	-100	-100
405	325	-100	-100
405	161	-100	-100
405	236	-100	-100
405	367	-100	-100
405	473	-100	-100
405	177	-100	-100
405	33	-100	-100
405	213	-100	-100
405	421	-100	-100
405	265	-100	-100
405	56	-100	-100
405	324	-100	-100
405	80	-100	-100
405	420	-100	-100
405	255	-100	-100
405	388	-100	-100
405	172	-100	-100
405	208	-100	-100
405	314	-100	-100
405	447	-100	-100
405	146	-100	-100
405	323	-100	-100
405	370	-100	-100
405	144	-100	-100
405	240	-100	-100
405	112	-100	-100
405	93	-100	-100
405	397	-100	-100
405	14	-100	-100
405	74	-100	-100
405	353	-100	-100
405	350	-100	-100
405	489	-100	-100
405	291	-100	-100
405	327	-100	-100
405	469	-100	-100
405	433	-100	-100
405	252	-100	-100
405	42	-100	-100
405	337	-100	-100
405	413	-100	-100
405	465	-100	-100
405	329	-100	-100
405	411	-100	-100
405	277	-100	-100
405	36	-100	-100
405	453	-100	-100
405	12	-100	-100
405	449	-100	-100
405	101	-100	-100
405	444	-100	-100
405	62	-100	-100
405	170	-100	-100
405	318	-100	-100
405	320	-100	-100
405	34	-100	-100
405	432	-100	-100
405	450	-100	-100
405	316	-100	-100
405	10	-100	-100
405	227	-100	-100
405	21	-100	-100
405	210	-100	-100
405	488	-100	-100
405	57	-100	-100
405	341	-100	-100
405	131	-100	-100
405	343	-100	-100
405	467	-100	-100
405	211	-100	-100
405	478	-100	-100
405	244	-100	-100
405	480	-100	-100
405	276	-100	-100
405	65	-100	-100
405	215	-100	-100
405	306	-100	-100
405	275	-100	-100
405	181	-100	-100
405	496	-100	-100
405	132	-100	-100
405	384	-100	-100
405	44	-100	-100
405	463	-100	-100
405	192	-100	-100
405	369	-100	-100
405	402	-100	-100
405	188	-100	-100
405	340	-100	-100
405	51	-100	-100
405	274	-100	-100
405	363	-100	-100
405	109	-100	-100
405	237	-100	-100
405	307	-100	-100
405	391	-100	-100
405	191	-100	-100
405	401	-100	-100
405	422	-100	-100
405	271	-100	-100
405	437	-100	-100
405	366	-100	-100
405	286	-100	-100
405	143	-100	-100
405	417	-100	-100
405	120	-100	-100
405	152	-100	-100
405	113	-100	-100
405	351	-100	-100
405	289	-100	-100
405	77	-100	-100
405	373	-100	-100
405	295	-100	-100
405	158	-100	-100
467	16	-100	-100
467	423	-100	-100
467	364	-100	-100
467	486	-100	-100
467	290	-100	-100
467	45	-100	-100
467	412	-100	-100
467	471	-100	-100
467	451	-100	-100
467	163	-100	-100
467	233	-100	-100
467	281	-100	-100
467	269	-100	-100
467	81	-100	-100
467	120	-100	-100
467	446	-100	-100
467	160	-100	-100
467	395	-100	-100
467	225	-100	-100
467	420	-100	-100
467	489	-100	-100
467	27	-100	-100
467	349	-100	-100
467	154	-100	-100
467	144	-100	-100
467	444	-100	-100
467	483	-100	-100
467	424	-100	-100
467	58	-100	-100
467	168	-100	-100
467	421	-100	-100
467	83	-100	-100
467	257	-100	-100
467	402	-100	-100
467	40	-100	-100
467	409	-100	-100
467	401	-100	-100
467	441	-100	-100
467	223	-100	-100
467	129	-100	-100
467	316	-100	-100
467	137	-100	-100
467	15	-100	-100
467	426	-100	-100
467	338	-100	-100
467	309	-100	-100
467	227	-100	-100
467	305	-100	-100
467	110	-100	-100
467	372	-100	-100
467	297	-100	-100
467	236	-100	-100
467	214	-100	-100
467	491	-100	-100
467	53	-100	-100
467	320	-100	-100
467	306	-100	-100
467	245	-100	-100
467	328	-100	-100
467	416	-100	-100
467	88	-100	-100
467	123	-100	-100
467	437	-100	-100
467	253	-100	-100
467	270	-100	-100
467	343	-100	-100
467	139	-100	-100
467	353	-100	-100
467	367	-100	-100
467	262	-100	-100
467	210	-100	-100
467	299	-100	-100
467	294	-100	-100
467	33	-100	-100
467	244	-100	-100
467	229	-100	-100
467	249	-100	-100
467	175	-100	-100
467	10	-100	-100
467	68	-100	-100
467	443	-100	-100
467	250	-100	-100
467	450	-100	-100
467	95	-100	-100
467	411	-100	-100
467	394	-100	-100
467	212	-100	-100
467	71	-100	-100
467	171	-100	-100
467	36	-100	-100
467	21	-100	-100
467	237	-100	-100
467	72	-100	-100
467	492	-100	-100
467	228	-100	-100
467	429	-100	-100
467	354	-100	-100
467	87	-100	-100
467	447	-100	-100
467	191	-100	-100
467	67	-100	-100
467	406	-100	-100
467	170	-100	-100
467	366	-100	-100
467	131	-100	-100
467	115	-100	-100
467	247	-100	-100
467	339	-100	-100
467	312	-100	-100
467	107	-100	-100
467	141	-100	-100
467	286	-100	-100
467	335	-100	-100
467	326	-100	-100
467	74	-100	-100
467	337	-100	-100
467	460	-100	-100
467	103	-100	-100
467	138	-100	-100
467	220	-100	-100
467	42	-100	-100
467	65	-100	-100
467	427	-100	-100
467	70	-100	-100
467	419	-100	-100
467	109	-100	-100
467	114	-100	-100
467	255	-100	-100
467	415	-100	-100
467	80	-100	-100
467	209	-100	-100
467	449	-100	-100
467	410	-100	-100
467	232	-100	-100
467	325	-100	-100
467	369	-100	-100
467	111	-100	-100
467	466	-100	-100
467	52	-100	-100
467	24	-100	-100
467	75	-100	-100
467	351	-100	-100
467	240	-100	-100
467	211	-100	-100
467	181	-100	-100
467	346	-100	-100
467	146	-100	-100
467	91	-100	-100
467	157	-100	-100
467	79	-100	-100
467	330	-100	-100
467	496	-100	-100
467	104	-100	-100
467	445	-100	-100
467	313	-100	-100
467	350	-100	-100
467	132	-100	-100
467	73	-100	-100
467	77	-100	-100
467	497	-100	-100
467	479	-100	-100
467	275	-100	-100
467	216	-100	-100
467	477	-100	-100
467	150	-100	-100
467	153	-100	-100
467	448	-100	-100
467	378	-100	-100
467	89	-100	-100
402	149	-100	-100
402	300	-100	-100
402	189	-100	-100
402	46	-100	-100
402	185	-100	-100
402	420	-100	-100
402	231	-100	-100
402	460	-100	-100
402	304	-100	-100
402	143	-100	-100
402	233	-100	-100
402	216	-100	-100
402	408	-100	-100
402	236	-100	-100
402	246	-100	-100
402	456	-100	-100
402	379	-100	-100
402	193	-100	-100
402	283	-100	-100
402	165	-100	-100
402	190	-100	-100
402	159	-100	-100
402	268	-100	-100
402	62	-100	-100
402	125	-100	-100
402	388	-100	-100
402	487	-100	-100
402	471	-100	-100
402	87	-100	-100
402	177	-100	-100
402	301	-100	-100
402	269	-100	-100
402	220	-100	-100
402	278	-100	-100
402	293	-100	-100
402	247	-100	-100
402	144	-100	-100
402	358	-100	-100
402	317	-100	-100
402	106	-100	-100
402	38	-100	-100
402	340	-100	-100
402	139	-100	-100
402	364	-100	-100
402	433	-100	-100
402	312	-100	-100
402	255	-100	-100
402	40	-100	-100
402	397	-100	-100
402	108	-100	-100
402	243	-100	-100
402	430	-100	-100
402	305	-100	-100
402	341	-100	-100
402	289	-100	-100
402	492	-100	-100
402	239	-100	-100
402	133	-100	-100
402	324	-100	-100
402	138	-100	-100
402	55	-100	-100
402	226	-100	-100
402	444	-100	-100
402	195	-100	-100
402	429	-100	-100
402	489	-100	-100
402	338	-100	-100
402	58	-100	-100
402	354	-100	-100
402	412	-100	-100
402	75	-100	-100
402	167	-100	-100
402	476	-100	-100
402	182	-100	-100
402	373	-100	-100
402	179	-100	-100
402	393	-100	-100
402	306	-100	-100
402	74	-100	-100
402	171	-100	-100
402	99	-100	-100
402	251	-100	-100
402	459	-100	-100
402	54	-100	-100
402	51	-100	-100
402	418	-100	-100
402	53	-100	-100
402	130	-100	-100
402	281	-100	-100
402	387	-100	-100
402	365	-100	-100
402	399	-100	-100
402	21	-100	-100
402	132	-100	-100
402	491	-100	-100
402	10	-100	-100
402	396	-100	-100
402	56	-100	-100
402	372	-100	-100
402	481	-100	-100
402	199	-100	-100
402	91	-100	-100
402	272	-100	-100
402	203	-100	-100
402	178	-100	-100
402	222	-100	-100
402	308	-100	-100
402	285	-100	-100
402	270	-100	-100
402	295	-100	-100
402	88	-100	-100
402	477	-100	-100
402	22	-100	-100
402	76	-100	-100
402	69	-100	-100
402	369	-100	-100
402	90	-100	-100
402	361	-100	-100
402	309	-100	-100
402	150	-100	-100
402	440	-100	-100
402	449	-100	-100
402	197	-100	-100
402	39	-100	-100
402	156	-100	-100
402	333	-100	-100
402	34	-100	-100
402	377	-100	-100
402	346	-100	-100
402	275	-100	-100
402	110	-100	-100
402	93	-100	-100
402	245	-100	-100
402	409	-100	-100
402	95	-100	-100
402	101	-100	-100
402	431	-100	-100
402	286	-100	-100
402	61	-100	-100
402	20	-100	-100
402	217	-100	-100
402	368	-100	-100
402	390	-100	-100
402	404	-100	-100
402	490	-100	-100
402	345	-100	-100
402	321	-100	-100
402	389	-100	-100
402	385	-100	-100
402	455	-100	-100
402	265	-100	-100
402	310	-100	-100
402	260	-100	-100
402	43	-100	-100
402	175	-100	-100
402	483	-100	-100
402	466	-100	-100
402	147	-100	-100
402	416	-100	-100
402	219	-100	-100
402	494	-100	-100
402	66	-100	-100
402	375	-100	-100
402	417	-100	-100
402	330	-100	-100
402	113	-100	-100
402	474	-100	-100
402	210	-100	-100
171	131	-100	-100
171	45	-100	-100
171	116	-100	-100
171	144	-100	-100
171	368	-100	-100
171	313	-100	-100
171	222	-100	-100
171	214	-100	-100
171	225	-100	-100
171	430	-100	-100
171	173	-100	-100
171	310	-100	-100
171	265	-100	-100
171	159	-100	-100
171	184	-100	-100
171	297	-100	-100
171	111	-100	-100
171	151	-100	-100
171	447	-100	-100
171	121	-100	-100
171	431	-100	-100
171	394	-100	-100
171	349	-100	-100
171	136	-100	-100
171	338	-100	-100
171	231	-100	-100
171	347	-100	-100
171	226	-100	-100
171	488	-100	-100
171	294	-100	-100
171	189	-100	-100
171	434	-100	-100
171	24	-100	-100
171	239	-100	-100
171	118	-100	-100
171	357	-100	-100
171	262	-100	-100
171	172	-100	-100
171	200	-100	-100
171	256	-100	-100
171	79	-100	-100
171	361	-100	-100
171	14	-100	-100
171	217	-100	-100
171	233	-100	-100
171	323	-100	-100
171	270	-100	-100
171	84	-100	-100
171	257	-100	-100
171	468	-100	-100
171	130	-100	-100
171	156	-100	-100
171	100	-100	-100
171	497	-100	-100
171	32	-100	-100
171	205	-100	-100
171	44	-100	-100
171	73	-100	-100
171	229	-100	-100
171	39	-100	-100
171	433	-100	-100
171	391	-100	-100
171	331	-100	-100
171	350	-100	-100
171	234	-100	-100
171	477	-100	-100
171	129	-100	-100
171	139	-100	-100
171	380	-100	-100
171	67	-100	-100
171	11	-100	-100
171	196	-100	-100
171	320	-100	-100
171	92	-100	-100
171	138	-100	-100
171	161	-100	-100
171	356	-100	-100
171	61	-100	-100
171	381	-100	-100
171	383	-100	-100
171	38	-100	-100
171	169	-100	-100
171	416	-100	-100
171	372	-100	-100
171	77	-100	-100
171	242	-100	-100
171	10	-100	-100
171	213	-100	-100
171	387	-100	-100
171	392	-100	-100
171	134	-100	-100
171	219	-100	-100
171	475	-100	-100
171	215	-100	-100
171	164	-100	-100
171	308	-100	-100
171	109	-100	-100
171	80	-100	-100
171	281	-100	-100
171	157	-100	-100
171	300	-100	-100
171	325	-100	-100
171	107	-100	-100
171	57	-100	-100
171	305	-100	-100
171	201	-100	-100
171	378	-100	-100
171	97	-100	-100
171	115	-100	-100
171	185	-100	-100
171	276	-100	-100
171	208	-100	-100
171	414	-100	-100
171	33	-100	-100
171	220	-100	-100
171	469	-100	-100
171	128	-100	-100
171	251	-100	-100
171	54	-100	-100
171	286	-100	-100
171	22	-100	-100
171	104	-100	-100
171	103	-100	-100
171	186	-100	-100
171	15	-100	-100
171	327	-100	-100
171	471	-100	-100
171	187	-100	-100
171	60	-100	-100
171	62	-100	-100
171	326	-100	-100
171	474	-100	-100
171	446	-100	-100
171	191	-100	-100
171	241	-100	-100
171	439	-100	-100
171	406	-100	-100
171	23	-100	-100
171	492	-100	-100
171	140	-100	-100
171	86	-100	-100
171	397	-100	-100
171	243	-100	-100
171	346	-100	-100
171	334	-100	-100
171	43	-100	-100
171	255	-100	-100
171	91	-100	-100
171	363	-100	-100
171	448	-100	-100
171	232	-100	-100
171	371	-100	-100
171	337	-100	-100
171	9	-100	-100
171	48	-100	-100
171	34	-100	-100
171	193	-100	-100
171	58	-100	-100
171	244	-100	-100
171	306	-100	-100
171	98	-100	-100
171	260	-100	-100
171	479	-100	-100
171	245	-100	-100
171	374	-100	-100
171	496	-100	-100
171	90	-100	-100
337	105	-100	-100
337	417	-100	-100
337	76	-100	-100
337	430	-100	-100
337	106	-100	-100
337	78	-100	-100
337	138	-100	-100
337	310	-100	-100
337	455	-100	-100
337	499	-100	-100
337	340	-100	-100
337	259	-100	-100
337	32	-100	-100
337	92	-100	-100
337	343	-100	-100
337	18	-100	-100
337	334	-100	-100
337	449	-100	-100
337	389	-100	-100
337	207	-100	-100
337	395	-100	-100
337	371	-100	-100
337	243	-100	-100
337	126	-100	-100
337	136	-100	-100
337	276	-100	-100
337	177	-100	-100
337	464	-100	-100
337	404	-100	-100
337	202	-100	-100
337	317	-100	-100
337	145	-100	-100
337	143	-100	-100
337	274	-100	-100
337	206	-100	-100
337	403	-100	-100
337	325	-100	-100
337	44	-100	-100
337	426	-100	-100
337	296	-100	-100
337	269	-100	-100
337	155	-100	-100
337	88	-100	-100
337	284	-100	-100
337	132	-100	-100
337	110	-100	-100
337	96	-100	-100
337	248	-100	-100
337	264	-100	-100
337	438	-100	-100
337	355	-100	-100
337	140	-100	-100
337	459	-100	-100
337	212	-100	-100
337	470	-100	-100
337	12	-100	-100
337	83	-100	-100
337	227	-100	-100
337	41	-100	-100
337	14	-100	-100
337	374	-100	-100
337	385	-100	-100
337	263	-100	-100
337	107	-100	-100
337	70	-100	-100
337	279	-100	-100
337	347	-100	-100
337	135	-100	-100
337	95	-100	-100
337	370	-100	-100
337	425	-100	-100
337	91	-100	-100
337	149	-100	-100
337	413	-100	-100
337	216	-100	-100
337	245	-100	-100
337	478	-100	-100
337	53	-100	-100
337	130	-100	-100
337	375	-100	-100
337	460	-100	-100
337	280	-100	-100
337	123	-100	-100
337	167	-100	-100
337	231	-100	-100
337	447	-100	-100
337	260	-100	-100
337	125	-100	-100
337	319	-100	-100
337	465	-100	-100
337	172	-100	-100
337	312	-100	-100
337	409	-100	-100
337	213	-100	-100
337	152	-100	-100
337	46	-100	-100
337	311	-100	-100
337	401	-100	-100
337	20	-100	-100
337	214	-100	-100
337	175	-100	-100
337	266	-100	-100
337	422	-100	-100
337	429	-100	-100
337	205	-100	-100
337	348	-100	-100
337	433	-100	-100
337	180	-100	-100
337	157	-100	-100
337	99	-100	-100
337	452	-100	-100
337	327	-100	-100
337	73	-100	-100
337	345	-100	-100
337	435	-100	-100
337	166	-100	-100
337	146	-100	-100
337	226	-100	-100
337	454	-100	-100
337	451	-100	-100
337	33	-100	-100
337	77	-100	-100
337	293	-100	-100
337	444	-100	-100
337	221	-100	-100
337	304	-100	-100
337	318	-100	-100
337	354	-100	-100
337	424	-100	-100
337	342	-100	-100
337	196	-100	-100
337	272	-100	-100
337	119	-100	-100
337	442	-100	-100
337	51	-100	-100
337	124	-100	-100
337	407	-100	-100
337	436	-100	-100
337	111	-100	-100
337	352	-100	-100
337	473	-100	-100
337	198	-100	-100
337	200	-100	-100
337	392	-100	-100
337	367	-100	-100
337	38	-100	-100
337	277	-100	-100
337	258	-100	-100
337	82	-100	-100
337	229	-100	-100
337	128	-100	-100
337	241	-100	-100
337	443	-100	-100
337	186	-100	-100
337	208	-100	-100
337	487	-100	-100
337	87	-100	-100
337	9	-100	-100
337	194	-100	-100
337	278	-100	-100
337	485	-100	-100
337	349	-100	-100
337	114	-100	-100
337	148	-100	-100
337	61	-100	-100
337	210	-100	-100
337	137	-100	-100
132	335	-100	-100
132	133	-100	-100
132	460	-100	-100
132	423	-100	-100
132	226	-100	-100
132	131	-100	-100
132	75	-100	-100
132	119	-100	-100
132	100	-100	-100
132	12	-100	-100
132	353	-100	-100
132	374	-100	-100
132	282	-100	-100
132	149	-100	-100
132	320	-100	-100
132	298	-100	-100
132	190	-100	-100
132	242	-100	-100
132	329	-100	-100
132	332	-100	-100
132	164	-100	-100
132	234	-100	-100
132	129	-100	-100
132	420	-100	-100
132	348	-100	-100
132	436	-100	-100
132	485	-100	-100
132	107	-100	-100
132	321	-100	-100
132	354	-100	-100
132	106	-100	-100
132	168	-100	-100
132	82	-100	-100
132	404	-100	-100
132	313	-100	-100
132	492	-100	-100
132	259	-100	-100
132	300	-100	-100
132	202	-100	-100
132	369	-100	-100
132	98	-100	-100
132	146	-100	-100
132	380	-100	-100
132	151	-100	-100
132	18	-100	-100
132	208	-100	-100
132	85	-100	-100
132	352	-100	-100
132	391	-100	-100
132	394	-100	-100
132	366	-100	-100
132	382	-100	-100
132	73	-100	-100
132	79	-100	-100
132	444	-100	-100
132	272	-100	-100
132	138	-100	-100
132	192	-100	-100
132	306	-100	-100
132	280	-100	-100
132	273	-100	-100
132	292	-100	-100
132	324	-100	-100
132	499	-100	-100
132	183	-100	-100
132	238	-100	-100
132	461	-100	-100
132	105	-100	-100
132	22	-100	-100
132	61	-100	-100
132	419	-100	-100
132	67	-100	-100
132	433	-100	-100
132	157	-100	-100
132	45	-100	-100
132	94	-100	-100
132	325	-100	-100
132	443	-100	-100
132	432	-100	-100
132	484	-100	-100
132	69	-100	-100
132	330	-100	-100
132	210	-100	-100
132	318	-100	-100
132	158	-100	-100
132	235	-100	-100
132	406	-100	-100
132	72	-100	-100
132	440	-100	-100
132	218	-100	-100
132	241	-100	-100
132	276	-100	-100
132	141	-100	-100
132	359	-100	-100
132	472	-100	-100
132	252	-100	-100
132	474	-100	-100
132	44	-100	-100
132	59	-100	-100
132	487	-100	-100
132	429	-100	-100
132	301	-100	-100
132	116	-100	-100
132	438	-100	-100
132	364	-100	-100
132	177	-100	-100
132	41	-100	-100
132	188	-100	-100
132	340	-100	-100
132	70	-100	-100
132	186	-100	-100
132	439	-100	-100
132	310	-100	-100
132	296	-100	-100
132	140	-100	-100
132	21	-100	-100
132	142	-100	-100
132	480	-100	-100
132	379	-100	-100
132	449	-100	-100
132	297	-100	-100
132	247	-100	-100
132	266	-100	-100
132	290	-100	-100
132	427	-100	-100
132	121	-100	-100
132	303	-100	-100
132	357	-100	-100
132	162	-100	-100
132	346	-100	-100
132	350	-100	-100
132	204	-100	-100
132	49	-100	-100
132	248	-100	-100
132	333	-100	-100
132	339	-100	-100
132	115	-100	-100
132	343	-100	-100
132	143	-100	-100
132	153	-100	-100
132	284	-100	-100
132	384	-100	-100
132	336	-100	-100
132	214	-100	-100
132	442	-100	-100
132	431	-100	-100
132	199	-100	-100
132	334	-100	-100
132	437	-100	-100
132	283	-100	-100
132	462	-100	-100
132	367	-100	-100
132	372	-100	-100
132	102	-100	-100
132	428	-100	-100
132	104	-100	-100
132	411	-100	-100
132	42	-100	-100
132	295	-100	-100
132	37	-100	-100
132	262	-100	-100
132	294	-100	-100
132	233	-100	-100
132	244	-100	-100
132	299	-100	-100
132	196	-100	-100
433	226	-100	-100
433	95	-100	-100
433	375	-100	-100
433	12	-100	-100
433	241	-100	-100
433	223	-100	-100
433	16	-100	-100
433	27	-100	-100
433	108	-100	-100
433	207	-100	-100
433	151	-100	-100
433	256	-100	-100
433	201	-100	-100
433	319	-100	-100
433	479	-100	-100
433	157	-100	-100
433	457	-100	-100
433	399	-100	-100
433	190	-100	-100
433	343	-100	-100
433	42	-100	-100
433	146	-100	-100
433	388	-100	-100
433	249	-100	-100
433	378	-100	-100
433	174	-100	-100
433	140	-100	-100
433	89	-100	-100
433	350	-100	-100
433	364	-100	-100
433	193	-100	-100
433	83	-100	-100
433	88	-100	-100
433	493	-100	-100
433	49	-100	-100
433	393	-100	-100
433	72	-100	-100
433	385	-100	-100
433	362	-100	-100
433	436	-100	-100
433	395	-100	-100
433	482	-100	-100
433	426	-100	-100
433	418	-100	-100
433	251	-100	-100
433	458	-100	-100
433	166	-100	-100
433	156	-100	-100
433	345	-100	-100
433	159	-100	-100
433	115	-100	-100
433	92	-100	-100
433	389	-100	-100
433	120	-100	-100
433	186	-100	-100
433	498	-100	-100
433	447	-100	-100
433	61	-100	-100
433	64	-100	-100
433	355	-100	-100
433	85	-100	-100
433	430	-100	-100
433	285	-100	-100
433	414	-100	-100
433	29	-100	-100
433	209	-100	-100
433	63	-100	-100
433	450	-100	-100
433	210	-100	-100
433	265	-100	-100
433	391	-100	-100
433	176	-100	-100
433	148	-100	-100
433	112	-100	-100
433	17	-100	-100
433	260	-100	-100
433	117	-100	-100
433	56	-100	-100
433	238	-100	-100
433	268	-100	-100
433	318	-100	-100
433	492	-100	-100
433	93	-100	-100
433	22	-100	-100
433	401	-100	-100
433	114	-100	-100
433	110	-100	-100
433	468	-100	-100
433	181	-100	-100
433	234	-100	-100
433	310	-100	-100
433	106	-100	-100
433	382	-100	-100
433	321	-100	-100
433	139	-100	-100
433	379	-100	-100
433	54	-100	-100
433	481	-100	-100
433	356	-100	-100
433	448	-100	-100
433	195	-100	-100
433	77	-100	-100
433	351	-100	-100
433	200	-100	-100
433	470	-100	-100
433	96	-100	-100
433	384	-100	-100
433	415	-100	-100
433	162	-100	-100
433	52	-100	-100
433	24	-100	-100
433	211	-100	-100
433	37	-100	-100
433	240	-100	-100
433	488	-100	-100
433	199	-100	-100
433	406	-100	-100
433	78	-100	-100
433	286	-100	-100
433	280	-100	-100
433	235	-100	-100
433	489	-100	-100
433	397	-100	-100
433	121	-100	-100
433	344	-100	-100
433	59	-100	-100
433	463	-100	-100
433	230	-100	-100
433	177	-100	-100
433	369	-100	-100
433	305	-100	-100
433	421	-100	-100
433	203	-100	-100
433	245	-100	-100
433	31	-100	-100
433	303	-100	-100
433	67	-100	-100
433	66	-100	-100
433	381	-100	-100
433	180	-100	-100
433	239	-100	-100
433	404	-100	-100
433	57	-100	-100
433	383	-100	-100
433	60	-100	-100
433	442	-100	-100
433	349	-100	-100
433	274	-100	-100
433	74	-100	-100
433	9	-100	-100
433	359	-100	-100
433	282	-100	-100
433	416	-100	-100
433	306	-100	-100
433	440	-100	-100
433	26	-100	-100
433	459	-100	-100
433	236	-100	-100
433	332	-100	-100
433	227	-100	-100
433	179	-100	-100
433	403	-100	-100
433	39	-100	-100
433	84	-100	-100
433	107	-100	-100
210	64	-100	-100
210	225	-100	-100
210	170	-100	-100
210	153	-100	-100
210	90	-100	-100
210	52	-100	-100
210	121	-100	-100
210	262	-100	-100
210	437	-100	-100
210	232	-100	-100
210	190	-100	-100
210	381	-100	-100
210	65	-100	-100
210	123	-100	-100
210	99	-100	-100
210	417	-100	-100
210	173	-100	-100
210	497	-100	-100
210	54	-100	-100
210	344	-100	-100
210	328	-100	-100
210	229	-100	-100
210	314	-100	-100
210	287	-100	-100
210	188	-100	-100
210	150	-100	-100
210	222	-100	-100
210	457	-100	-100
210	460	-100	-100
210	486	-100	-100
210	491	-100	-100
210	424	-100	-100
210	482	-100	-100
210	160	-100	-100
210	415	-100	-100
210	73	-100	-100
210	469	-100	-100
210	207	-100	-100
210	110	-100	-100
210	146	-100	-100
210	155	-100	-100
210	221	-100	-100
210	159	-100	-100
210	106	-100	-100
210	240	-100	-100
210	25	-100	-100
210	85	-100	-100
210	333	-100	-100
210	46	-100	-100
210	440	-100	-100
210	419	-100	-100
210	485	-100	-100
210	63	-100	-100
210	292	-100	-100
210	401	-100	-100
210	267	-100	-100
210	191	-100	-100
210	143	-100	-100
210	426	-100	-100
210	15	-100	-100
210	109	-100	-100
210	122	-100	-100
210	220	-100	-100
210	36	-100	-100
210	321	-100	-100
210	442	-100	-100
210	365	-100	-100
210	302	-100	-100
210	112	-100	-100
210	326	-100	-100
210	311	-100	-100
210	324	-100	-100
210	479	-100	-100
210	396	-100	-100
210	370	-100	-100
210	304	-100	-100
210	364	-100	-100
210	91	-100	-100
210	296	-100	-100
210	250	-100	-100
210	484	-100	-100
210	349	-100	-100
210	498	-100	-100
210	183	-100	-100
210	455	-100	-100
210	174	-100	-100
210	411	-100	-100
210	182	-100	-100
210	227	-100	-100
210	216	-100	-100
210	38	-100	-100
210	376	-100	-100
210	158	-100	-100
210	468	-100	-100
210	93	-100	-100
210	270	-100	-100
210	284	-100	-100
210	268	-100	-100
210	108	-100	-100
210	243	-100	-100
210	37	-100	-100
210	382	-100	-100
210	75	-100	-100
210	418	-100	-100
210	318	-100	-100
210	291	-100	-100
210	431	-100	-100
210	214	-100	-100
210	28	-100	-100
210	213	-100	-100
210	463	-100	-100
210	86	-100	-100
210	367	-100	-100
210	273	-100	-100
210	134	-100	-100
210	361	-100	-100
210	169	-100	-100
210	133	-100	-100
210	105	-100	-100
210	233	-100	-100
210	257	-100	-100
210	378	-100	-100
210	53	-100	-100
210	84	-100	-100
210	80	-100	-100
210	385	-100	-100
210	388	-100	-100
210	206	-100	-100
210	30	-100	-100
210	406	-100	-100
210	454	-100	-100
210	41	-100	-100
210	237	-100	-100
210	74	-100	-100
210	195	-100	-100
210	103	-100	-100
210	164	-100	-100
210	149	-100	-100
210	215	-100	-100
210	212	-100	-100
210	403	-100	-100
210	89	-100	-100
210	282	-100	-100
210	384	-100	-100
210	211	-100	-100
210	425	-100	-100
210	420	-100	-100
210	79	-100	-100
210	404	-100	-100
210	444	-100	-100
210	264	-100	-100
210	412	-100	-100
210	248	-100	-100
210	147	-100	-100
210	172	-100	-100
210	51	-100	-100
210	234	-100	-100
210	32	-100	-100
210	301	-100	-100
210	322	-100	-100
210	315	-100	-100
210	488	-100	-100
210	88	-100	-100
210	357	-100	-100
210	356	-100	-100
404	340	-100	-100
404	57	-100	-100
404	280	-100	-100
404	261	-100	-100
404	124	-100	-100
404	26	-100	-100
404	484	-100	-100
404	53	-100	-100
404	483	-100	-100
404	90	-100	-100
404	17	-100	-100
404	176	-100	-100
404	487	-100	-100
404	493	-100	-100
404	343	-100	-100
404	361	-100	-100
404	238	-100	-100
404	292	-100	-100
404	455	-100	-100
404	268	-100	-100
404	61	-100	-100
404	151	-100	-100
404	265	-100	-100
404	82	-100	-100
404	138	-100	-100
404	454	-100	-100
404	263	-100	-100
404	165	-100	-100
404	368	-100	-100
404	204	-100	-100
404	347	-100	-100
404	479	-100	-100
404	427	-100	-100
404	81	-100	-100
404	457	-100	-100
404	499	-100	-100
404	472	-100	-100
404	179	-100	-100
404	412	-100	-100
404	373	-100	-100
404	39	-100	-100
404	291	-100	-100
404	290	-100	-100
404	219	-100	-100
404	70	-100	-100
404	318	-100	-100
404	332	-100	-100
404	63	-100	-100
404	59	-100	-100
404	351	-100	-100
404	403	-100	-100
404	443	-100	-100
404	440	-100	-100
404	221	-100	-100
404	111	-100	-100
404	462	-100	-100
404	130	-100	-100
404	325	-100	-100
404	310	-100	-100
404	38	-100	-100
404	313	-100	-100
404	300	-100	-100
404	239	-100	-100
404	192	-100	-100
404	296	-100	-100
404	497	-100	-100
404	475	-100	-100
404	321	-100	-100
404	377	-100	-100
404	284	-100	-100
404	49	-100	-100
404	259	-100	-100
404	362	-100	-100
404	196	-100	-100
404	447	-100	-100
404	446	-100	-100
404	188	-100	-100
404	141	-100	-100
404	148	-100	-100
404	374	-100	-100
404	376	-100	-100
404	489	-100	-100
404	305	-100	-100
404	329	-100	-100
404	456	-100	-100
404	102	-100	-100
404	336	-100	-100
404	24	-100	-100
404	409	-100	-100
404	113	-100	-100
404	302	-100	-100
404	363	-100	-100
404	311	-100	-100
404	391	-100	-100
404	85	-100	-100
404	236	-100	-100
404	469	-100	-100
404	274	-100	-100
404	20	-100	-100
404	407	-100	-100
404	214	-100	-100
404	258	-100	-100
404	348	-100	-100
404	182	-100	-100
404	67	-100	-100
404	134	-100	-100
404	249	-100	-100
404	104	-100	-100
404	394	-100	-100
404	345	-100	-100
404	414	-100	-100
404	301	-100	-100
404	439	-100	-100
404	228	-100	-100
404	246	-100	-100
404	123	-100	-100
404	118	-100	-100
404	9	-100	-100
404	247	-100	-100
404	170	-100	-100
404	35	-100	-100
404	242	-100	-100
404	307	-100	-100
404	250	-100	-100
404	323	-100	-100
404	180	-100	-100
404	237	-100	-100
404	160	-100	-100
404	55	-100	-100
404	364	-100	-100
404	328	-100	-100
404	320	-100	-100
404	25	-100	-100
404	178	-100	-100
404	13	-100	-100
404	270	-100	-100
404	212	-100	-100
404	415	-100	-100
404	287	-100	-100
404	83	-100	-100
404	245	-100	-100
404	30	-100	-100
404	231	-100	-100
404	227	-100	-100
404	47	-100	-100
404	390	-100	-100
404	139	-100	-100
404	458	-100	-100
404	213	-100	-100
404	75	-100	-100
404	127	-100	-100
404	52	-100	-100
404	400	-100	-100
404	422	-100	-100
404	480	-100	-100
404	282	-100	-100
404	365	-100	-100
404	125	-100	-100
404	360	-100	-100
404	438	-100	-100
404	240	-100	-100
404	10	-100	-100
404	262	-100	-100
404	271	-100	-100
404	101	-100	-100
310	40	-100	-100
310	244	-100	-100
310	431	-100	-100
310	421	-100	-100
310	316	-100	-100
310	463	-100	-100
310	46	-100	-100
310	80	-100	-100
310	495	-100	-100
310	81	-100	-100
310	145	-100	-100
310	443	-100	-100
310	458	-100	-100
310	460	-100	-100
310	241	-100	-100
310	209	-100	-100
310	282	-100	-100
310	190	-100	-100
310	188	-100	-100
310	246	-100	-100
310	344	-100	-100
310	63	-100	-100
310	220	-100	-100
310	143	-100	-100
310	245	-100	-100
310	194	-100	-100
310	393	-100	-100
310	207	-100	-100
310	48	-100	-100
310	62	-100	-100
310	216	-100	-100
310	360	-100	-100
310	406	-100	-100
310	167	-100	-100
310	53	-100	-100
310	89	-100	-100
310	459	-100	-100
310	376	-100	-100
310	129	-100	-100
310	163	-100	-100
310	243	-100	-100
310	471	-100	-100
310	125	-100	-100
310	247	-100	-100
310	336	-100	-100
310	153	-100	-100
310	201	-100	-100
310	183	-100	-100
310	313	-100	-100
310	253	-100	-100
310	368	-100	-100
310	139	-100	-100
310	330	-100	-100
310	192	-100	-100
310	248	-100	-100
310	436	-100	-100
310	384	-100	-100
310	64	-100	-100
310	73	-100	-100
310	303	-100	-100
310	204	-100	-100
310	33	-100	-100
310	290	-100	-100
310	273	-100	-100
310	96	-100	-100
310	317	-100	-100
310	123	-100	-100
310	380	-100	-100
310	213	-100	-100
310	160	-100	-100
310	415	-100	-100
310	417	-100	-100
310	299	-100	-100
310	195	-100	-100
310	478	-100	-100
310	427	-100	-100
310	386	-100	-100
310	267	-100	-100
310	137	-100	-100
310	426	-100	-100
310	187	-100	-100
310	434	-100	-100
310	353	-100	-100
310	179	-100	-100
310	142	-100	-100
310	102	-100	-100
310	180	-100	-100
310	383	-100	-100
310	285	-100	-100
310	91	-100	-100
310	485	-100	-100
310	242	-100	-100
310	17	-100	-100
310	444	-100	-100
310	119	-100	-100
310	489	-100	-100
310	12	-100	-100
310	304	-100	-100
310	101	-100	-100
310	327	-100	-100
310	442	-100	-100
310	156	-100	-100
310	374	-100	-100
310	23	-100	-100
310	93	-100	-100
310	71	-100	-100
310	159	-100	-100
310	309	-100	-100
310	452	-100	-100
310	447	-100	-100
310	357	-100	-100
310	419	-100	-100
310	30	-100	-100
310	399	-100	-100
310	130	-100	-100
310	305	-100	-100
310	437	-100	-100
310	465	-100	-100
310	371	-100	-100
310	65	-100	-100
310	150	-100	-100
310	274	-100	-100
310	329	-100	-100
310	420	-100	-100
310	298	-100	-100
310	37	-100	-100
310	275	-100	-100
310	222	-100	-100
310	152	-100	-100
310	20	-100	-100
310	169	-100	-100
310	49	-100	-100
310	42	-100	-100
310	136	-100	-100
310	453	-100	-100
310	172	-100	-100
310	88	-100	-100
310	228	-100	-100
310	481	-100	-100
310	484	-100	-100
310	409	-100	-100
310	147	-100	-100
310	338	-100	-100
310	441	-100	-100
310	58	-100	-100
310	184	-100	-100
310	364	-100	-100
310	500	-100	-100
310	35	-100	-100
310	239	-100	-100
310	254	-100	-100
310	175	-100	-100
310	332	-100	-100
310	196	-100	-100
310	429	-100	-100
310	394	-100	-100
310	314	-100	-100
310	200	-100	-100
310	54	-100	-100
310	351	-100	-100
310	468	-100	-100
310	13	-100	-100
310	301	-100	-100
310	170	-100	-100
310	323	-100	-100
447	442	-100	-100
447	186	-100	-100
447	92	-100	-100
447	94	-100	-100
447	286	-100	-100
447	290	-100	-100
447	246	-100	-100
447	463	-100	-100
447	96	-100	-100
447	67	-100	-100
447	95	-100	-100
447	287	-100	-100
447	353	-100	-100
447	379	-100	-100
447	306	-100	-100
447	176	-100	-100
447	15	-100	-100
447	385	-100	-100
447	117	-100	-100
447	474	-100	-100
447	207	-100	-100
447	30	-100	-100
447	301	-100	-100
447	77	-100	-100
447	277	-100	-100
447	284	-100	-100
447	329	-100	-100
447	477	-100	-100
447	114	-100	-100
447	432	-100	-100
447	321	-100	-100
447	482	-100	-100
447	126	-100	-100
447	78	-100	-100
447	56	-100	-100
447	453	-100	-100
447	109	-100	-100
447	382	-100	-100
447	421	-100	-100
447	247	-100	-100
447	293	-100	-100
447	71	-100	-100
447	57	-100	-100
447	237	-100	-100
447	66	-100	-100
447	365	-100	-100
447	136	-100	-100
447	40	-100	-100
447	47	-100	-100
447	357	-100	-100
447	152	-100	-100
447	410	-100	-100
447	449	-100	-100
447	91	-100	-100
447	294	-100	-100
447	323	-100	-100
447	64	-100	-100
447	260	-100	-100
447	298	-100	-100
447	415	-100	-100
447	375	-100	-100
447	146	-100	-100
447	460	-100	-100
447	389	-100	-100
447	324	-100	-100
447	124	-100	-100
447	267	-100	-100
447	222	-100	-100
447	408	-100	-100
447	392	-100	-100
447	22	-100	-100
447	121	-100	-100
447	73	-100	-100
447	214	-100	-100
447	469	-100	-100
447	423	-100	-100
447	462	-100	-100
447	180	-100	-100
447	470	-100	-100
447	390	-100	-100
447	422	-100	-100
447	58	-100	-100
447	243	-100	-100
447	162	-100	-100
447	236	-100	-100
447	344	-100	-100
447	135	-100	-100
447	49	-100	-100
447	424	-100	-100
447	494	-100	-100
447	493	-100	-100
447	14	-100	-100
447	258	-100	-100
447	255	-100	-100
447	439	-100	-100
447	43	-100	-100
447	93	-100	-100
447	245	-100	-100
447	473	-100	-100
447	241	-100	-100
447	496	-100	-100
447	29	-100	-100
447	23	-100	-100
447	406	-100	-100
447	472	-100	-100
447	123	-100	-100
447	313	-100	-100
447	315	-100	-100
447	108	-100	-100
447	403	-100	-100
447	466	-100	-100
447	90	-100	-100
447	416	-100	-100
447	159	-100	-100
447	50	-100	-100
447	250	-100	-100
447	116	-100	-100
447	87	-100	-100
447	483	-100	-100
447	59	-100	-100
447	394	-100	-100
447	170	-100	-100
447	495	-100	-100
447	239	-100	-100
447	419	-100	-100
447	142	-100	-100
447	322	-100	-100
447	219	-100	-100
447	134	-100	-100
447	143	-100	-100
447	342	-100	-100
447	68	-100	-100
447	309	-100	-100
447	215	-100	-100
447	331	-100	-100
447	314	-100	-100
447	490	-100	-100
447	451	-100	-100
447	409	-100	-100
447	42	-100	-100
447	338	-100	-100
447	475	-100	-100
447	195	-100	-100
447	161	-100	-100
447	283	-100	-100
447	130	-100	-100
447	377	-100	-100
447	311	-100	-100
447	62	-100	-100
447	479	-100	-100
447	400	-100	-100
447	74	-100	-100
447	352	-100	-100
447	371	-100	-100
447	370	-100	-100
447	79	-100	-100
447	166	-100	-100
447	412	-100	-100
447	82	-100	-100
447	426	-100	-100
447	398	-100	-100
447	351	-100	-100
447	292	-100	-100
447	235	-100	-100
325	98	-100	-100
325	291	-100	-100
325	251	-100	-100
325	108	-100	-100
325	147	-100	-100
325	51	-100	-100
325	121	-100	-100
325	66	-100	-100
325	49	-100	-100
325	394	-100	-100
325	292	-100	-100
325	237	-100	-100
325	295	-100	-100
325	141	-100	-100
325	435	-100	-100
325	87	-100	-100
325	482	-100	-100
325	280	-100	-100
325	317	-100	-100
325	123	-100	-100
325	151	-100	-100
325	406	-100	-100
325	483	-100	-100
325	399	-100	-100
325	100	-100	-100
325	84	-100	-100
325	135	-100	-100
325	79	-100	-100
325	493	-100	-100
325	14	-100	-100
325	271	-100	-100
325	243	-100	-100
325	440	-100	-100
325	253	-100	-100
325	315	-100	-100
325	296	-100	-100
325	377	-100	-100
325	209	-100	-100
325	302	-100	-100
325	449	-100	-100
325	200	-100	-100
325	308	-100	-100
325	316	-100	-100
325	89	-100	-100
325	278	-100	-100
325	244	-100	-100
325	334	-100	-100
325	454	-100	-100
325	318	-100	-100
325	91	-100	-100
325	259	-100	-100
325	283	-100	-100
325	457	-100	-100
325	281	-100	-100
325	415	-100	-100
325	391	-100	-100
325	429	-100	-100
325	490	-100	-100
325	124	-100	-100
325	157	-100	-100
325	152	-100	-100
325	478	-100	-100
325	413	-100	-100
325	321	-100	-100
325	239	-100	-100
325	332	-100	-100
325	97	-100	-100
325	438	-100	-100
325	17	-100	-100
325	451	-100	-100
325	293	-100	-100
325	390	-100	-100
325	473	-100	-100
325	330	-100	-100
325	168	-100	-100
325	201	-100	-100
325	217	-100	-100
325	389	-100	-100
325	288	-100	-100
325	384	-100	-100
325	47	-100	-100
325	166	-100	-100
325	307	-100	-100
325	111	-100	-100
325	110	-100	-100
325	274	-100	-100
325	387	-100	-100
325	351	-100	-100
325	42	-100	-100
325	16	-100	-100
325	417	-100	-100
325	331	-100	-100
325	498	-100	-100
325	401	-100	-100
325	179	-100	-100
325	144	-100	-100
325	50	-100	-100
325	426	-100	-100
325	247	-100	-100
325	425	-100	-100
325	470	-100	-100
325	85	-100	-100
325	232	-100	-100
325	355	-100	-100
325	397	-100	-100
325	92	-100	-100
325	354	-100	-100
325	133	-100	-100
325	336	-100	-100
325	268	-100	-100
325	102	-100	-100
325	362	-100	-100
325	26	-100	-100
325	363	-100	-100
325	322	-100	-100
325	146	-100	-100
325	227	-100	-100
325	226	-100	-100
325	266	-100	-100
325	368	-100	-100
325	29	-100	-100
325	221	-100	-100
325	55	-100	-100
325	215	-100	-100
325	272	-100	-100
325	203	-100	-100
325	136	-100	-100
325	458	-100	-100
325	177	-100	-100
325	169	-100	-100
325	432	-100	-100
325	496	-100	-100
325	214	-100	-100
325	242	-100	-100
325	25	-100	-100
325	173	-100	-100
325	70	-100	-100
325	335	-100	-100
325	59	-100	-100
325	128	-100	-100
325	35	-100	-100
325	60	-100	-100
325	229	-100	-100
325	376	-100	-100
325	137	-100	-100
325	245	-100	-100
325	427	-100	-100
325	233	-100	-100
325	264	-100	-100
325	361	-100	-100
325	15	-100	-100
325	269	-100	-100
325	126	-100	-100
325	207	-100	-100
325	75	-100	-100
325	349	-100	-100
325	95	-100	-100
325	44	-100	-100
325	57	-100	-100
325	385	-100	-100
325	211	-100	-100
325	96	-100	-100
325	260	-100	-100
325	445	-100	-100
325	370	-100	-100
146	135	-100	-100
146	380	-100	-100
146	73	-100	-100
146	19	-100	-100
146	322	-100	-100
146	187	-100	-100
146	486	-100	-100
146	134	-100	-100
146	109	-100	-100
146	411	-100	-100
146	25	-100	-100
146	250	-100	-100
146	207	-100	-100
146	355	-100	-100
146	477	-100	-100
146	428	-100	-100
146	236	-100	-100
146	138	-100	-100
146	329	-100	-100
146	82	-100	-100
146	122	-100	-100
146	173	-100	-100
146	50	-100	-100
146	40	-100	-100
146	115	-100	-100
146	63	-100	-100
146	408	-100	-100
146	305	-100	-100
146	383	-100	-100
146	423	-100	-100
146	230	-100	-100
146	24	-100	-100
146	425	-100	-100
146	261	-100	-100
146	413	-100	-100
146	248	-100	-100
146	169	-100	-100
146	44	-100	-100
146	303	-100	-100
146	104	-100	-100
146	412	-100	-100
146	168	-100	-100
146	193	-100	-100
146	268	-100	-100
146	491	-100	-100
146	452	-100	-100
146	154	-100	-100
146	53	-100	-100
146	56	-100	-100
146	74	-100	-100
146	237	-100	-100
146	181	-100	-100
146	439	-100	-100
146	394	-100	-100
146	87	-100	-100
146	49	-100	-100
146	148	-100	-100
146	18	-100	-100
146	64	-100	-100
146	12	-100	-100
146	232	-100	-100
146	371	-100	-100
146	319	-100	-100
146	21	-100	-100
146	113	-100	-100
146	436	-100	-100
146	370	-100	-100
146	400	-100	-100
146	78	-100	-100
146	143	-100	-100
146	152	-100	-100
146	403	-100	-100
146	28	-100	-100
146	479	-100	-100
146	406	-100	-100
146	226	-100	-100
146	188	-100	-100
146	140	-100	-100
146	299	-100	-100
146	327	-100	-100
146	414	-100	-100
146	267	-100	-100
146	275	-100	-100
146	149	-100	-100
146	262	-100	-100
146	424	-100	-100
146	254	-100	-100
146	494	-100	-100
146	416	-100	-100
146	375	-100	-100
146	203	-100	-100
146	223	-100	-100
146	32	-100	-100
146	99	-100	-100
146	201	-100	-100
146	393	-100	-100
146	500	-100	-100
146	180	-100	-100
146	100	-100	-100
146	22	-100	-100
146	293	-100	-100
146	66	-100	-100
146	234	-100	-100
146	308	-100	-100
146	367	-100	-100
146	225	-100	-100
146	205	-100	-100
146	342	-100	-100
146	214	-100	-100
146	184	-100	-100
146	37	-100	-100
146	159	-100	-100
146	493	-100	-100
146	271	-100	-100
146	345	-100	-100
146	247	-100	-100
146	96	-100	-100
146	10	-100	-100
146	343	-100	-100
146	58	-100	-100
146	202	-100	-100
146	16	-100	-100
146	76	-100	-100
146	57	-100	-100
146	463	-100	-100
146	194	-100	-100
146	437	-100	-100
146	235	-100	-100
146	31	-100	-100
146	462	-100	-100
146	123	-100	-100
146	221	-100	-100
146	453	-100	-100
146	118	-100	-100
146	472	-100	-100
146	287	-100	-100
146	363	-100	-100
146	296	-100	-100
146	270	-100	-100
146	460	-100	-100
146	249	-100	-100
146	368	-100	-100
146	373	-100	-100
146	391	-100	-100
146	72	-100	-100
146	13	-100	-100
146	385	-100	-100
146	54	-100	-100
146	459	-100	-100
146	492	-100	-100
146	451	-100	-100
146	91	-100	-100
146	474	-100	-100
146	42	-100	-100
146	295	-100	-100
146	183	-100	-100
146	386	-100	-100
146	384	-100	-100
146	117	-100	-100
146	487	-100	-100
146	315	-100	-100
146	35	-100	-100
146	269	-100	-100
146	341	-100	-100
57	248	-100	-100
57	471	-100	-100
57	34	-100	-100
57	444	-100	-100
57	275	-100	-100
57	376	-100	-100
57	14	-100	-100
57	164	-100	-100
57	26	-100	-100
57	193	-100	-100
57	99	-100	-100
57	318	-100	-100
57	25	-100	-100
57	446	-100	-100
57	260	-100	-100
57	460	-100	-100
57	89	-100	-100
57	151	-100	-100
57	336	-100	-100
57	166	-100	-100
57	455	-100	-100
57	93	-100	-100
57	101	-100	-100
57	31	-100	-100
57	76	-100	-100
57	53	-100	-100
57	309	-100	-100
57	269	-100	-100
57	356	-100	-100
57	323	-100	-100
57	238	-100	-100
57	481	-100	-100
57	383	-100	-100
57	362	-100	-100
57	495	-100	-100
57	479	-100	-100
57	16	-100	-100
57	183	-100	-100
57	286	-100	-100
57	128	-100	-100
57	477	-100	-100
57	13	-100	-100
57	136	-100	-100
57	321	-100	-100
57	119	-100	-100
57	340	-100	-100
57	489	-100	-100
57	187	-100	-100
57	162	-100	-100
57	153	-100	-100
57	390	-100	-100
57	110	-100	-100
57	394	-100	-100
57	229	-100	-100
57	450	-100	-100
57	30	-100	-100
57	159	-100	-100
57	66	-100	-100
57	349	-100	-100
57	315	-100	-100
57	274	-100	-100
57	228	-100	-100
57	117	-100	-100
57	24	-100	-100
57	345	-100	-100
57	465	-100	-100
57	74	-100	-100
57	240	-100	-100
57	344	-100	-100
57	271	-100	-100
57	211	-100	-100
57	179	-100	-100
57	361	-100	-100
57	436	-100	-100
57	107	-100	-100
57	123	-100	-100
57	370	-100	-100
57	12	-100	-100
57	382	-100	-100
57	219	-100	-100
57	182	-100	-100
57	294	-100	-100
57	160	-100	-100
57	328	-100	-100
57	428	-100	-100
57	487	-100	-100
57	285	-100	-100
57	373	-100	-100
57	347	-100	-100
57	92	-100	-100
57	255	-100	-100
57	207	-100	-100
57	111	-100	-100
57	282	-100	-100
57	417	-100	-100
57	320	-100	-100
57	241	-100	-100
57	56	-100	-100
57	302	-100	-100
57	423	-100	-100
57	319	-100	-100
57	231	-100	-100
57	227	-100	-100
57	84	-100	-100
57	191	-100	-100
57	69	-100	-100
57	180	-100	-100
57	448	-100	-100
57	264	-100	-100
57	80	-100	-100
57	388	-100	-100
57	37	-100	-100
57	44	-100	-100
57	83	-100	-100
57	218	-100	-100
57	87	-100	-100
57	245	-100	-100
57	60	-100	-100
57	279	-100	-100
57	131	-100	-100
57	115	-100	-100
57	368	-100	-100
57	400	-100	-100
57	239	-100	-100
57	52	-100	-100
57	242	-100	-100
57	102	-100	-100
57	246	-100	-100
57	305	-100	-100
57	216	-100	-100
57	268	-100	-100
57	272	-100	-100
57	304	-100	-100
57	327	-100	-100
57	95	-100	-100
57	490	-100	-100
57	308	-100	-100
57	73	-100	-100
57	287	-100	-100
57	201	-100	-100
57	169	-100	-100
57	263	-100	-100
57	23	-100	-100
57	213	-100	-100
57	427	-100	-100
57	103	-100	-100
57	156	-100	-100
57	416	-100	-100
57	121	-100	-100
57	149	-100	-100
57	359	-100	-100
57	222	-100	-100
57	494	-100	-100
57	130	-100	-100
57	377	-100	-100
57	39	-100	-100
57	235	-100	-100
57	378	-100	-100
57	431	-100	-100
57	492	-100	-100
57	486	-100	-100
57	134	-100	-100
57	252	-100	-100
91	205	-100	-100
91	222	-100	-100
91	490	-100	-100
91	379	-100	-100
91	393	-100	-100
91	481	-100	-100
91	432	-100	-100
91	12	-100	-100
91	31	-100	-100
91	380	-100	-100
91	78	-100	-100
91	439	-100	-100
91	486	-100	-100
91	187	-100	-100
91	38	-100	-100
91	253	-100	-100
91	238	-100	-100
91	256	-100	-100
91	40	-100	-100
91	118	-100	-100
91	342	-100	-100
91	308	-100	-100
91	129	-100	-100
91	201	-100	-100
91	135	-100	-100
91	388	-100	-100
91	410	-100	-100
91	351	-100	-100
91	492	-100	-100
91	368	-100	-100
91	319	-100	-100
91	421	-100	-100
91	254	-100	-100
91	366	-100	-100
91	155	-100	-100
91	415	-100	-100
91	370	-100	-100
91	183	-100	-100
91	317	-100	-100
91	378	-100	-100
91	114	-100	-100
91	108	-100	-100
91	36	-100	-100
91	186	-100	-100
91	208	-100	-100
91	245	-100	-100
91	268	-100	-100
91	252	-100	-100
91	359	-100	-100
91	383	-100	-100
91	20	-100	-100
91	137	-100	-100
91	198	-100	-100
91	189	-100	-100
91	74	-100	-100
91	272	-100	-100
91	51	-100	-100
91	115	-100	-100
91	240	-100	-100
91	339	-100	-100
91	453	-100	-100
91	345	-100	-100
91	156	-100	-100
91	364	-100	-100
91	11	-100	-100
91	119	-100	-100
91	480	-100	-100
91	141	-100	-100
91	450	-100	-100
91	424	-100	-100
91	175	-100	-100
91	61	-100	-100
91	294	-100	-100
91	107	-100	-100
91	191	-100	-100
91	94	-100	-100
91	26	-100	-100
91	101	-100	-100
91	292	-100	-100
91	473	-100	-100
91	296	-100	-100
91	65	-100	-100
91	386	-100	-100
91	139	-100	-100
91	385	-100	-100
91	168	-100	-100
91	323	-100	-100
91	300	-100	-100
91	53	-100	-100
91	458	-100	-100
91	89	-100	-100
91	13	-100	-100
91	9	-100	-100
91	438	-100	-100
91	72	-100	-100
91	266	-100	-100
91	488	-100	-100
91	302	-100	-100
91	459	-100	-100
91	457	-100	-100
91	81	-100	-100
91	116	-100	-100
91	55	-100	-100
91	285	-100	-100
91	90	-100	-100
91	420	-100	-100
91	279	-100	-100
91	30	-100	-100
91	448	-100	-100
91	407	-100	-100
91	206	-100	-100
91	483	-100	-100
91	166	-100	-100
91	417	-100	-100
91	363	-100	-100
91	92	-100	-100
91	375	-100	-100
91	161	-100	-100
91	269	-100	-100
91	280	-100	-100
91	113	-100	-100
91	322	-100	-100
91	352	-100	-100
91	461	-100	-100
91	160	-100	-100
91	469	-100	-100
91	301	-100	-100
91	397	-100	-100
91	157	-100	-100
91	93	-100	-100
91	120	-100	-100
91	335	-100	-100
91	22	-100	-100
91	474	-100	-100
91	259	-100	-100
91	371	-100	-100
91	277	-100	-100
91	59	-100	-100
91	445	-100	-100
91	76	-100	-100
91	311	-100	-100
91	398	-100	-100
91	28	-100	-100
91	41	-100	-100
91	367	-100	-100
91	172	-100	-100
91	431	-100	-100
91	239	-100	-100
91	134	-100	-100
91	408	-100	-100
91	463	-100	-100
91	17	-100	-100
91	144	-100	-100
91	306	-100	-100
91	243	-100	-100
91	264	-100	-100
91	472	-100	-100
91	39	-100	-100
91	47	-100	-100
91	19	-100	-100
91	180	-100	-100
91	263	-100	-100
91	495	-100	-100
239	273	-100	-100
239	385	-100	-100
239	285	-100	-100
239	489	-100	-100
239	248	-100	-100
239	74	-100	-100
239	172	-100	-100
239	495	-100	-100
239	334	-100	-100
239	187	-100	-100
239	466	-100	-100
239	442	-100	-100
239	138	-100	-100
239	105	-100	-100
239	30	-100	-100
239	58	-100	-100
239	191	-100	-100
239	330	-100	-100
239	422	-100	-100
239	419	-100	-100
239	181	-100	-100
239	221	-100	-100
239	141	-100	-100
239	40	-100	-100
239	346	-100	-100
239	432	-100	-100
239	381	-100	-100
239	292	-100	-100
239	155	-100	-100
239	17	-100	-100
239	258	-100	-100
239	331	-100	-100
239	421	-100	-100
239	59	-100	-100
239	475	-100	-100
239	333	-100	-100
239	476	-100	-100
239	198	-100	-100
239	465	-100	-100
239	445	-100	-100
239	114	-100	-100
239	335	-100	-100
239	190	-100	-100
239	101	-100	-100
239	265	-100	-100
239	241	-100	-100
239	391	-100	-100
239	458	-100	-100
239	152	-100	-100
239	25	-100	-100
239	286	-100	-100
239	65	-100	-100
239	470	-100	-100
239	106	-100	-100
239	412	-100	-100
239	274	-100	-100
239	473	-100	-100
239	118	-100	-100
239	493	-100	-100
239	356	-100	-100
239	44	-100	-100
239	298	-100	-100
239	382	-100	-100
239	199	-100	-100
239	347	-100	-100
239	441	-100	-100
239	76	-100	-100
239	348	-100	-100
239	231	-100	-100
239	18	-100	-100
239	223	-100	-100
239	340	-100	-100
239	368	-100	-100
239	324	-100	-100
239	278	-100	-100
239	439	-100	-100
239	102	-100	-100
239	457	-100	-100
239	252	-100	-100
239	343	-100	-100
239	49	-100	-100
239	313	-100	-100
239	494	-100	-100
239	50	-100	-100
239	10	-100	-100
239	88	-100	-100
239	440	-100	-100
239	61	-100	-100
239	308	-100	-100
239	37	-100	-100
239	306	-100	-100
239	66	-100	-100
239	197	-100	-100
239	452	-100	-100
239	317	-100	-100
239	230	-100	-100
239	456	-100	-100
239	474	-100	-100
239	180	-100	-100
239	364	-100	-100
239	173	-100	-100
239	189	-100	-100
239	500	-100	-100
239	79	-100	-100
239	86	-100	-100
239	14	-100	-100
239	85	-100	-100
239	47	-100	-100
239	312	-100	-100
239	481	-100	-100
239	116	-100	-100
239	301	-100	-100
239	217	-100	-100
239	16	-100	-100
239	371	-100	-100
239	193	-100	-100
239	13	-100	-100
239	113	-100	-100
239	73	-100	-100
239	428	-100	-100
239	332	-100	-100
239	222	-100	-100
239	151	-100	-100
239	169	-100	-100
239	296	-100	-100
239	496	-100	-100
239	179	-100	-100
239	157	-100	-100
239	351	-100	-100
239	268	-100	-100
239	68	-100	-100
239	48	-100	-100
239	232	-100	-100
239	117	-100	-100
239	487	-100	-100
239	399	-100	-100
239	46	-100	-100
239	244	-100	-100
239	174	-100	-100
239	339	-100	-100
239	315	-100	-100
239	387	-100	-100
239	367	-100	-100
239	426	-100	-100
239	437	-100	-100
239	365	-100	-100
239	218	-100	-100
239	67	-100	-100
239	158	-100	-100
239	355	-100	-100
239	394	-100	-100
239	490	-100	-100
239	358	-100	-100
239	359	-100	-100
239	26	-100	-100
239	139	-100	-100
239	36	-100	-100
239	299	-100	-100
239	434	-100	-100
239	477	-100	-100
239	423	-100	-100
239	398	-100	-100
239	379	-100	-100
351	237	-100	-100
351	299	-100	-100
351	322	-100	-100
351	150	-100	-100
351	186	-100	-100
351	453	-100	-100
351	318	-100	-100
351	232	-100	-100
351	76	-100	-100
351	198	-100	-100
351	424	-100	-100
351	176	-100	-100
351	445	-100	-100
351	249	-100	-100
351	418	-100	-100
351	311	-100	-100
351	420	-100	-100
351	284	-100	-100
351	442	-100	-100
351	287	-100	-100
351	435	-100	-100
351	212	-100	-100
351	406	-100	-100
351	440	-100	-100
351	346	-100	-100
351	64	-100	-100
351	471	-100	-100
351	97	-100	-100
351	384	-100	-100
351	326	-100	-100
351	254	-100	-100
351	66	-100	-100
351	242	-100	-100
351	286	-100	-100
351	499	-100	-100
351	319	-100	-100
351	282	-100	-100
351	168	-100	-100
351	395	-100	-100
351	111	-100	-100
351	36	-100	-100
351	317	-100	-100
351	314	-100	-100
351	313	-100	-100
351	359	-100	-100
351	477	-100	-100
351	224	-100	-100
351	192	-100	-100
351	468	-100	-100
351	238	-100	-100
351	428	-100	-100
351	298	-100	-100
351	200	-100	-100
351	485	-100	-100
351	209	-100	-100
351	175	-100	-100
351	225	-100	-100
351	459	-100	-100
351	273	-100	-100
351	104	-100	-100
351	20	-100	-100
351	105	-100	-100
351	73	-100	-100
351	246	-100	-100
351	255	-100	-100
351	473	-100	-100
351	480	-100	-100
351	423	-100	-100
351	230	-100	-100
351	154	-100	-100
351	250	-100	-100
351	441	-100	-100
351	48	-100	-100
351	143	-100	-100
351	398	-100	-100
351	135	-100	-100
351	475	-100	-100
351	159	-100	-100
351	394	-100	-100
351	490	-100	-100
351	390	-100	-100
351	289	-100	-100
351	492	-100	-100
351	358	-100	-100
351	281	-100	-100
351	316	-100	-100
351	152	-100	-100
351	252	-100	-100
351	68	-100	-100
351	55	-100	-100
351	151	-100	-100
351	100	-100	-100
351	275	-100	-100
351	71	-100	-100
351	426	-100	-100
351	264	-100	-100
351	61	-100	-100
351	93	-100	-100
351	408	-100	-100
351	99	-100	-100
351	118	-100	-100
351	393	-100	-100
351	163	-100	-100
351	229	-100	-100
351	263	-100	-100
351	306	-100	-100
351	377	-100	-100
351	63	-100	-100
351	340	-100	-100
351	378	-100	-100
351	279	-100	-100
351	98	-100	-100
351	127	-100	-100
351	14	-100	-100
351	333	-100	-100
351	466	-100	-100
351	339	-100	-100
351	25	-100	-100
351	399	-100	-100
351	294	-100	-100
351	139	-100	-100
351	407	-100	-100
351	469	-100	-100
351	248	-100	-100
351	120	-100	-100
351	123	-100	-100
351	297	-100	-100
351	391	-100	-100
351	323	-100	-100
351	380	-100	-100
351	144	-100	-100
351	117	-100	-100
351	49	-100	-100
351	138	-100	-100
351	448	-100	-100
351	488	-100	-100
351	74	-100	-100
351	431	-100	-100
351	400	-100	-100
351	24	-100	-100
351	125	-100	-100
351	285	-100	-100
351	315	-100	-100
351	301	-100	-100
351	414	-100	-100
351	368	-100	-100
351	53	-100	-100
351	29	-100	-100
351	54	-100	-100
351	23	-100	-100
351	199	-100	-100
351	397	-100	-100
351	381	-100	-100
351	372	-100	-100
351	184	-100	-100
351	416	-100	-100
351	161	-100	-100
351	148	-100	-100
351	432	-100	-100
351	280	-100	-100
351	401	-100	-100
351	379	-100	-100
74	481	-100	-100
74	24	-100	-100
74	38	-100	-100
74	398	-100	-100
74	391	-100	-100
74	13	-100	-100
74	323	-100	-100
74	430	-100	-100
74	203	-100	-100
74	101	-100	-100
74	429	-100	-100
74	58	-100	-100
74	56	-100	-100
74	420	-100	-100
74	366	-100	-100
74	258	-100	-100
74	262	-100	-100
74	443	-100	-100
74	251	-100	-100
74	21	-100	-100
74	372	-100	-100
74	370	-100	-100
74	403	-100	-100
74	16	-100	-100
74	283	-100	-100
74	348	-100	-100
74	419	-100	-100
74	444	-100	-100
74	149	-100	-100
74	350	-100	-100
74	115	-100	-100
74	261	-100	-100
74	255	-100	-100
74	153	-100	-100
74	345	-100	-100
74	456	-100	-100
74	158	-100	-100
74	324	-100	-100
74	281	-100	-100
74	62	-100	-100
74	369	-100	-100
74	253	-100	-100
74	26	-100	-100
74	53	-100	-100
74	138	-100	-100
74	306	-100	-100
74	463	-100	-100
74	207	-100	-100
74	80	-100	-100
74	451	-100	-100
74	315	-100	-100
74	178	-100	-100
74	159	-100	-100
74	257	-100	-100
74	387	-100	-100
74	279	-100	-100
74	33	-100	-100
74	376	-100	-100
74	277	-100	-100
74	22	-100	-100
74	406	-100	-100
74	206	-100	-100
74	179	-100	-100
74	260	-100	-100
74	85	-100	-100
74	211	-100	-100
74	342	-100	-100
74	212	-100	-100
74	480	-100	-100
74	225	-100	-100
74	270	-100	-100
74	144	-100	-100
74	35	-100	-100
74	316	-100	-100
74	154	-100	-100
74	214	-100	-100
74	217	-100	-100
74	60	-100	-100
74	98	-100	-100
74	415	-100	-100
74	473	-100	-100
74	474	-100	-100
74	401	-100	-100
74	288	-100	-100
74	161	-100	-100
74	427	-100	-100
74	201	-100	-100
74	371	-100	-100
74	20	-100	-100
74	483	-100	-100
74	145	-100	-100
74	193	-100	-100
74	114	-100	-100
74	499	-100	-100
74	187	-100	-100
74	142	-100	-100
74	64	-100	-100
74	47	-100	-100
74	275	-100	-100
74	421	-100	-100
74	338	-100	-100
74	199	-100	-100
74	10	-100	-100
74	417	-100	-100
74	477	-100	-100
74	475	-100	-100
74	367	-100	-100
74	121	-100	-100
74	36	-100	-100
74	108	-100	-100
74	246	-100	-100
74	491	-100	-100
74	302	-100	-100
74	269	-100	-100
74	454	-100	-100
74	422	-100	-100
74	462	-100	-100
74	82	-100	-100
74	205	-100	-100
74	180	-100	-100
74	185	-100	-100
74	319	-100	-100
74	110	-100	-100
74	363	-100	-100
74	374	-100	-100
74	500	-100	-100
74	229	-100	-100
74	425	-100	-100
74	89	-100	-100
74	86	-100	-100
74	27	-100	-100
74	125	-100	-100
74	102	-100	-100
74	139	-100	-100
74	61	-100	-100
74	470	-100	-100
74	328	-100	-100
74	280	-100	-100
74	124	-100	-100
74	465	-100	-100
74	17	-100	-100
74	160	-100	-100
74	357	-100	-100
74	216	-100	-100
74	219	-100	-100
74	23	-100	-100
74	197	-100	-100
74	172	-100	-100
74	136	-100	-100
74	213	-100	-100
74	293	-100	-100
74	300	-100	-100
74	66	-100	-100
74	436	-100	-100
74	242	-100	-100
74	459	-100	-100
74	326	-100	-100
74	191	-100	-100
74	268	-100	-100
74	343	-100	-100
74	274	-100	-100
53	439	-100	-100
53	483	-100	-100
53	339	-100	-100
53	67	-100	-100
53	134	-100	-100
53	443	-100	-100
53	181	-100	-100
53	487	-100	-100
53	100	-100	-100
53	158	-100	-100
53	276	-100	-100
53	204	-100	-100
53	482	-100	-100
53	292	-100	-100
53	333	-100	-100
53	280	-100	-100
53	183	-100	-100
53	322	-100	-100
53	209	-100	-100
53	302	-100	-100
53	444	-100	-100
53	456	-100	-100
53	298	-100	-100
53	395	-100	-100
53	355	-100	-100
53	138	-100	-100
53	29	-100	-100
53	199	-100	-100
53	385	-100	-100
53	461	-100	-100
53	28	-100	-100
53	269	-100	-100
53	163	-100	-100
53	412	-100	-100
53	79	-100	-100
53	271	-100	-100
53	217	-100	-100
53	318	-100	-100
53	248	-100	-100
53	343	-100	-100
53	428	-100	-100
53	400	-100	-100
53	360	-100	-100
53	309	-100	-100
53	391	-100	-100
53	97	-100	-100
53	241	-100	-100
53	83	-100	-100
53	399	-100	-100
53	293	-100	-100
53	162	-100	-100
53	177	-100	-100
53	373	-100	-100
53	342	-100	-100
53	198	-100	-100
53	266	-100	-100
53	401	-100	-100
53	169	-100	-100
53	237	-100	-100
53	449	-100	-100
53	350	-100	-100
53	178	-100	-100
53	251	-100	-100
53	476	-100	-100
53	41	-100	-100
53	303	-100	-100
53	429	-100	-100
53	387	-100	-100
53	465	-100	-100
53	275	-100	-100
53	110	-100	-100
53	247	-100	-100
53	358	-100	-100
53	279	-100	-100
53	474	-100	-100
53	324	-100	-100
53	50	-100	-100
53	112	-100	-100
53	296	-100	-100
53	129	-100	-100
53	475	-100	-100
53	44	-100	-100
53	62	-100	-100
53	450	-100	-100
53	397	-100	-100
53	341	-100	-100
53	88	-100	-100
53	472	-100	-100
53	238	-100	-100
53	311	-100	-100
53	182	-100	-100
53	332	-100	-100
53	113	-100	-100
53	232	-100	-100
53	394	-100	-100
53	330	-100	-100
53	442	-100	-100
53	25	-100	-100
53	263	-100	-100
53	430	-100	-100
53	257	-100	-100
53	320	-100	-100
53	104	-100	-100
53	460	-100	-100
53	378	-100	-100
53	195	-100	-100
53	59	-100	-100
53	335	-100	-100
53	396	-100	-100
53	260	-100	-100
53	473	-100	-100
53	406	-100	-100
53	185	-100	-100
53	15	-100	-100
53	420	-100	-100
53	490	-100	-100
53	120	-100	-100
53	135	-100	-100
53	331	-100	-100
53	264	-100	-100
53	431	-100	-100
53	119	-100	-100
53	30	-100	-100
53	11	-100	-100
53	403	-100	-100
53	71	-100	-100
53	140	-100	-100
53	80	-100	-100
53	436	-100	-100
53	262	-100	-100
53	98	-100	-100
53	478	-100	-100
53	372	-100	-100
53	109	-100	-100
53	70	-100	-100
53	192	-100	-100
53	55	-100	-100
53	211	-100	-100
53	353	-100	-100
53	106	-100	-100
53	117	-100	-100
53	176	-100	-100
53	142	-100	-100
53	36	-100	-100
53	344	-100	-100
53	197	-100	-100
53	161	-100	-100
53	48	-100	-100
53	365	-100	-100
53	376	-100	-100
53	69	-100	-100
53	389	-100	-100
53	89	-100	-100
53	166	-100	-100
53	409	-100	-100
53	131	-100	-100
53	425	-100	-100
53	393	-100	-100
53	297	-100	-100
53	375	-100	-100
53	484	-100	-100
406	362	-100	-100
406	380	-100	-100
406	396	-100	-100
406	374	-100	-100
406	227	-100	-100
406	218	-100	-100
406	319	-100	-100
406	136	-100	-100
406	366	-100	-100
406	484	-100	-100
406	397	-100	-100
406	318	-100	-100
406	355	-100	-100
406	430	-100	-100
406	367	-100	-100
406	338	-100	-100
406	329	-100	-100
406	39	-100	-100
406	361	-100	-100
406	417	-100	-100
406	133	-100	-100
406	72	-100	-100
406	268	-100	-100
406	86	-100	-100
406	131	-100	-100
406	468	-100	-100
406	350	-100	-100
406	94	-100	-100
406	211	-100	-100
406	173	-100	-100
406	314	-100	-100
406	411	-100	-100
406	28	-100	-100
406	287	-100	-100
406	9	-100	-100
406	107	-100	-100
406	458	-100	-100
406	96	-100	-100
406	135	-100	-100
406	106	-100	-100
406	70	-100	-100
406	348	-100	-100
406	358	-100	-100
406	421	-100	-100
406	92	-100	-100
406	464	-100	-100
406	328	-100	-100
406	222	-100	-100
406	61	-100	-100
406	356	-100	-100
406	334	-100	-100
406	44	-100	-100
406	162	-100	-100
406	308	-100	-100
406	60	-100	-100
406	108	-100	-100
406	177	-100	-100
406	398	-100	-100
406	410	-100	-100
406	152	-100	-100
406	120	-100	-100
406	401	-100	-100
406	489	-100	-100
406	217	-100	-100
406	460	-100	-100
406	122	-100	-100
406	228	-100	-100
406	399	-100	-100
406	438	-100	-100
406	52	-100	-100
406	359	-100	-100
406	277	-100	-100
406	267	-100	-100
406	90	-100	-100
406	307	-100	-100
406	293	-100	-100
406	176	-100	-100
406	312	-100	-100
406	365	-100	-100
406	479	-100	-100
406	471	-100	-100
406	35	-100	-100
406	472	-100	-100
406	191	-100	-100
406	81	-100	-100
406	388	-100	-100
406	183	-100	-100
406	262	-100	-100
406	341	-100	-100
406	58	-100	-100
406	300	-100	-100
406	435	-100	-100
406	143	-100	-100
406	364	-100	-100
406	119	-100	-100
406	382	-100	-100
406	352	-100	-100
406	500	-100	-100
406	48	-100	-100
406	111	-100	-100
406	309	-100	-100
406	322	-100	-100
406	117	-100	-100
406	478	-100	-100
406	121	-100	-100
406	73	-100	-100
406	436	-100	-100
406	368	-100	-100
406	349	-100	-100
406	386	-100	-100
406	369	-100	-100
406	215	-100	-100
406	22	-100	-100
406	109	-100	-100
406	140	-100	-100
406	157	-100	-100
406	189	-100	-100
406	258	-100	-100
406	226	-100	-100
406	482	-100	-100
406	304	-100	-100
406	209	-100	-100
406	163	-100	-100
406	259	-100	-100
406	224	-100	-100
406	324	-100	-100
406	40	-100	-100
406	294	-100	-100
406	432	-100	-100
406	100	-100	-100
406	59	-100	-100
406	21	-100	-100
406	71	-100	-100
406	154	-100	-100
406	476	-100	-100
406	174	-100	-100
406	301	-100	-100
406	147	-100	-100
406	418	-100	-100
406	87	-100	-100
406	118	-100	-100
406	253	-100	-100
406	45	-100	-100
406	165	-100	-100
406	114	-100	-100
406	323	-100	-100
406	66	-100	-100
406	170	-100	-100
406	80	-100	-100
406	95	-100	-100
406	400	-100	-100
406	42	-100	-100
406	13	-100	-100
406	243	-100	-100
406	412	-100	-100
406	54	-100	-100
406	377	-100	-100
406	190	-100	-100
406	98	-100	-100
406	82	-100	-100
406	395	-100	-100
191	220	-100	-100
191	122	-100	-100
191	226	-100	-100
191	70	-100	-100
191	135	-100	-100
191	257	-100	-100
191	327	-100	-100
191	162	-100	-100
191	399	-100	-100
191	333	-100	-100
191	472	-100	-100
191	197	-100	-100
191	61	-100	-100
191	76	-100	-100
191	167	-100	-100
191	95	-100	-100
191	470	-100	-100
191	231	-100	-100
191	424	-100	-100
191	340	-100	-100
191	9	-100	-100
191	291	-100	-100
191	489	-100	-100
191	258	-100	-100
191	471	-100	-100
191	360	-100	-100
191	355	-100	-100
191	393	-100	-100
191	79	-100	-100
191	140	-100	-100
191	126	-100	-100
191	139	-100	-100
191	380	-100	-100
191	280	-100	-100
191	290	-100	-100
191	479	-100	-100
191	115	-100	-100
191	55	-100	-100
191	127	-100	-100
191	350	-100	-100
191	316	-100	-100
191	141	-100	-100
191	39	-100	-100
191	289	-100	-100
191	87	-100	-100
191	29	-100	-100
191	246	-100	-100
191	499	-100	-100
191	394	-100	-100
191	216	-100	-100
191	462	-100	-100
191	342	-100	-100
191	413	-100	-100
191	248	-100	-100
191	371	-100	-100
191	366	-100	-100
191	458	-100	-100
191	269	-100	-100
191	455	-100	-100
191	439	-100	-100
191	365	-100	-100
191	376	-100	-100
191	200	-100	-100
191	401	-100	-100
191	194	-100	-100
191	309	-100	-100
191	32	-100	-100
191	452	-100	-100
191	38	-100	-100
191	273	-100	-100
191	331	-100	-100
191	150	-100	-100
191	491	-100	-100
191	173	-100	-100
191	131	-100	-100
191	281	-100	-100
191	237	-100	-100
191	107	-100	-100
191	181	-100	-100
191	440	-100	-100
191	110	-100	-100
191	96	-100	-100
191	118	-100	-100
191	419	-100	-100
191	26	-100	-100
191	410	-100	-100
191	457	-100	-100
191	387	-100	-100
191	254	-100	-100
191	354	-100	-100
191	99	-100	-100
191	227	-100	-100
191	121	-100	-100
191	100	-100	-100
191	190	-100	-100
191	456	-100	-100
191	124	-100	-100
191	443	-100	-100
191	58	-100	-100
191	176	-100	-100
191	339	-100	-100
191	201	-100	-100
191	204	-100	-100
191	264	-100	-100
191	49	-100	-100
191	377	-100	-100
191	183	-100	-100
191	315	-100	-100
191	348	-100	-100
191	15	-100	-100
191	463	-100	-100
191	136	-100	-100
191	84	-100	-100
191	98	-100	-100
191	285	-100	-100
191	60	-100	-100
191	159	-100	-100
191	69	-100	-100
191	288	-100	-100
191	313	-100	-100
191	314	-100	-100
191	302	-100	-100
191	108	-100	-100
191	347	-100	-100
191	475	-100	-100
191	361	-100	-100
191	421	-100	-100
191	297	-100	-100
191	453	-100	-100
191	319	-100	-100
191	47	-100	-100
191	338	-100	-100
191	143	-100	-100
191	67	-100	-100
191	416	-100	-100
191	286	-100	-100
191	106	-100	-100
191	466	-100	-100
191	158	-100	-100
191	311	-100	-100
191	303	-100	-100
191	101	-100	-100
191	391	-100	-100
191	382	-100	-100
191	403	-100	-100
191	86	-100	-100
191	155	-100	-100
191	375	-100	-100
191	500	-100	-100
191	178	-100	-100
191	396	-100	-100
191	381	-100	-100
191	299	-100	-100
191	182	-100	-100
191	494	-100	-100
191	259	-100	-100
191	417	-100	-100
191	263	-100	-100
191	133	-100	-100
191	196	-100	-100
191	164	-100	-100
417	121	-100	-100
417	125	-100	-100
417	133	-100	-100
417	51	-100	-100
417	309	-100	-100
417	179	-100	-100
417	117	-100	-100
417	423	-100	-100
417	208	-100	-100
417	491	-100	-100
417	83	-100	-100
417	488	-100	-100
417	378	-100	-100
417	96	-100	-100
417	475	-100	-100
417	439	-100	-100
417	81	-100	-100
417	362	-100	-100
417	103	-100	-100
417	127	-100	-100
417	141	-100	-100
417	137	-100	-100
417	30	-100	-100
417	268	-100	-100
417	216	-100	-100
417	215	-100	-100
417	225	-100	-100
417	293	-100	-100
417	224	-100	-100
417	174	-100	-100
417	445	-100	-100
417	493	-100	-100
417	78	-100	-100
417	498	-100	-100
417	323	-100	-100
417	346	-100	-100
417	456	-100	-100
417	369	-100	-100
417	272	-100	-100
417	111	-100	-100
417	375	-100	-100
417	265	-100	-100
417	20	-100	-100
417	472	-100	-100
417	306	-100	-100
417	436	-100	-100
417	245	-100	-100
417	87	-100	-100
417	451	-100	-100
417	234	-100	-100
417	152	-100	-100
417	453	-100	-100
417	390	-100	-100
417	167	-100	-100
417	478	-100	-100
417	175	-100	-100
417	380	-100	-100
417	99	-100	-100
417	442	-100	-100
417	377	-100	-100
417	34	-100	-100
417	168	-100	-100
417	481	-100	-100
417	248	-100	-100
417	18	-100	-100
417	432	-100	-100
417	68	-100	-100
417	118	-100	-100
417	338	-100	-100
417	120	-100	-100
417	468	-100	-100
417	92	-100	-100
417	187	-100	-100
417	328	-100	-100
417	357	-100	-100
417	58	-100	-100
417	292	-100	-100
417	93	-100	-100
417	260	-100	-100
417	490	-100	-100
417	429	-100	-100
417	434	-100	-100
417	454	-100	-100
417	363	-100	-100
417	386	-100	-100
417	425	-100	-100
417	431	-100	-100
417	156	-100	-100
417	59	-100	-100
417	33	-100	-100
417	443	-100	-100
417	166	-100	-100
417	182	-100	-100
417	387	-100	-100
417	84	-100	-100
417	139	-100	-100
417	178	-100	-100
417	49	-100	-100
417	373	-100	-100
417	97	-100	-100
417	321	-100	-100
417	11	-100	-100
417	77	-100	-100
417	301	-100	-100
417	22	-100	-100
417	241	-100	-100
417	361	-100	-100
417	497	-100	-100
417	495	-100	-100
417	322	-100	-100
417	333	-100	-100
417	181	-100	-100
417	136	-100	-100
417	62	-100	-100
417	95	-100	-100
417	203	-100	-100
417	138	-100	-100
417	477	-100	-100
417	247	-100	-100
417	198	-100	-100
417	392	-100	-100
417	52	-100	-100
417	294	-100	-100
417	379	-100	-100
417	221	-100	-100
417	36	-100	-100
417	415	-100	-100
417	393	-100	-100
417	287	-100	-100
417	17	-100	-100
417	275	-100	-100
417	149	-100	-100
417	212	-100	-100
417	165	-100	-100
417	75	-100	-100
417	218	-100	-100
417	164	-100	-100
417	56	-100	-100
417	150	-100	-100
417	353	-100	-100
417	32	-100	-100
417	394	-100	-100
417	401	-100	-100
417	399	-100	-100
417	410	-100	-100
417	153	-100	-100
417	376	-100	-100
417	400	-100	-100
417	109	-100	-100
417	67	-100	-100
417	403	-100	-100
417	259	-100	-100
417	418	-100	-100
417	494	-100	-100
417	412	-100	-100
417	280	-100	-100
417	274	-100	-100
417	336	-100	-100
417	435	-100	-100
417	291	-100	-100
394	376	-100	-100
394	158	-100	-100
394	425	-100	-100
394	209	-100	-100
394	324	-100	-100
394	144	-100	-100
394	155	-100	-100
394	247	-100	-100
394	272	-100	-100
394	484	-100	-100
394	472	-100	-100
394	141	-100	-100
394	34	-100	-100
394	187	-100	-100
394	205	-100	-100
394	195	-100	-100
394	69	-100	-100
394	231	-100	-100
394	103	-100	-100
394	286	-100	-100
394	395	-100	-100
394	159	-100	-100
394	441	-100	-100
394	32	-100	-100
394	434	-100	-100
394	273	-100	-100
394	445	-100	-100
394	11	-100	-100
394	319	-100	-100
394	427	-100	-100
394	45	-100	-100
394	183	-100	-100
394	88	-100	-100
394	28	-100	-100
394	287	-100	-100
394	358	-100	-100
394	167	-100	-100
394	186	-100	-100
394	391	-100	-100
394	135	-100	-100
394	165	-100	-100
394	10	-100	-100
394	252	-100	-100
394	127	-100	-100
394	98	-100	-100
394	377	-100	-100
394	218	-100	-100
394	63	-100	-100
394	338	-100	-100
394	276	-100	-100
394	24	-100	-100
394	206	-100	-100
394	320	-100	-100
394	134	-100	-100
394	491	-100	-100
394	79	-100	-100
394	392	-100	-100
394	182	-100	-100
394	212	-100	-100
394	290	-100	-100
394	477	-100	-100
394	241	-100	-100
394	459	-100	-100
394	292	-100	-100
394	147	-100	-100
394	270	-100	-100
394	489	-100	-100
394	213	-100	-100
394	204	-100	-100
394	41	-100	-100
394	322	-100	-100
394	443	-100	-100
394	22	-100	-100
394	65	-100	-100
394	438	-100	-100
394	352	-100	-100
394	483	-100	-100
394	181	-100	-100
394	170	-100	-100
394	23	-100	-100
394	152	-100	-100
394	334	-100	-100
394	86	-100	-100
394	78	-100	-100
394	130	-100	-100
394	228	-100	-100
394	120	-100	-100
394	267	-100	-100
394	436	-100	-100
394	185	-100	-100
394	31	-100	-100
394	193	-100	-100
394	73	-100	-100
394	386	-100	-100
394	296	-100	-100
394	211	-100	-100
394	278	-100	-100
394	44	-100	-100
394	288	-100	-100
394	375	-100	-100
394	196	-100	-100
394	15	-100	-100
394	254	-100	-100
394	383	-100	-100
394	208	-100	-100
394	340	-100	-100
394	105	-100	-100
394	223	-100	-100
394	203	-100	-100
394	160	-100	-100
394	37	-100	-100
394	350	-100	-100
394	478	-100	-100
394	215	-100	-100
394	439	-100	-100
394	316	-100	-100
394	455	-100	-100
394	149	-100	-100
394	142	-100	-100
394	430	-100	-100
394	450	-100	-100
394	174	-100	-100
394	362	-100	-100
394	229	-100	-100
394	474	-100	-100
394	109	-100	-100
394	487	-100	-100
394	462	-100	-100
394	125	-100	-100
394	393	-100	-100
394	499	-100	-100
394	280	-100	-100
394	456	-100	-100
394	102	-100	-100
394	418	-100	-100
394	106	-100	-100
394	253	-100	-100
394	476	-100	-100
394	275	-100	-100
394	251	-100	-100
394	139	-100	-100
394	360	-100	-100
394	227	-100	-100
394	314	-100	-100
394	51	-100	-100
394	157	-100	-100
394	55	-100	-100
394	403	-100	-100
394	124	-100	-100
394	56	-100	-100
394	388	-100	-100
394	420	-100	-100
394	289	-100	-100
394	348	-100	-100
394	365	-100	-100
394	497	-100	-100
394	345	-100	-100
394	52	-100	-100
394	281	-100	-100
139	231	-100	-100
139	321	-100	-100
139	476	-100	-100
139	133	-100	-100
139	184	-100	-100
139	168	-100	-100
139	303	-100	-100
139	420	-100	-100
139	137	-100	-100
139	466	-100	-100
139	186	-100	-100
139	78	-100	-100
139	435	-100	-100
139	328	-100	-100
139	389	-100	-100
139	312	-100	-100
139	202	-100	-100
139	26	-100	-100
139	209	-100	-100
139	81	-100	-100
139	62	-100	-100
139	475	-100	-100
139	45	-100	-100
139	52	-100	-100
139	72	-100	-100
139	16	-100	-100
139	15	-100	-100
139	200	-100	-100
139	326	-100	-100
139	399	-100	-100
139	265	-100	-100
139	368	-100	-100
139	412	-100	-100
139	92	-100	-100
139	229	-100	-100
139	450	-100	-100
139	359	-100	-100
139	155	-100	-100
139	170	-100	-100
139	486	-100	-100
139	483	-100	-100
139	35	-100	-100
139	375	-100	-100
139	185	-100	-100
139	47	-100	-100
139	227	-100	-100
139	198	-100	-100
139	216	-100	-100
139	295	-100	-100
139	111	-100	-100
139	380	-100	-100
139	372	-100	-100
139	423	-100	-100
139	451	-100	-100
139	10	-100	-100
139	498	-100	-100
139	408	-100	-100
139	280	-100	-100
139	472	-100	-100
139	93	-100	-100
139	311	-100	-100
139	120	-100	-100
139	218	-100	-100
139	254	-100	-100
139	416	-100	-100
139	110	-100	-100
139	283	-100	-100
139	500	-100	-100
139	342	-100	-100
139	458	-100	-100
139	366	-100	-100
139	48	-100	-100
139	61	-100	-100
139	190	-100	-100
139	333	-100	-100
139	369	-100	-100
139	481	-100	-100
139	259	-100	-100
139	494	-100	-100
139	140	-100	-100
139	291	-100	-100
139	204	-100	-100
139	281	-100	-100
139	219	-100	-100
139	307	-100	-100
139	482	-100	-100
139	107	-100	-100
139	166	-100	-100
139	244	-100	-100
139	298	-100	-100
139	339	-100	-100
139	324	-100	-100
139	318	-100	-100
139	442	-100	-100
139	201	-100	-100
139	13	-100	-100
139	464	-100	-100
139	424	-100	-100
139	119	-100	-100
139	67	-100	-100
139	176	-100	-100
139	90	-100	-100
139	181	-100	-100
139	215	-100	-100
139	370	-100	-100
139	289	-100	-100
139	253	-100	-100
139	162	-100	-100
139	462	-100	-100
139	178	-100	-100
139	438	-100	-100
139	279	-100	-100
139	398	-100	-100
139	430	-100	-100
139	268	-100	-100
139	338	-100	-100
139	172	-100	-100
139	89	-100	-100
139	37	-100	-100
139	60	-100	-100
139	497	-100	-100
139	360	-100	-100
139	203	-100	-100
139	46	-100	-100
139	274	-100	-100
139	77	-100	-100
139	211	-100	-100
139	194	-100	-100
139	403	-100	-100
139	183	-100	-100
139	255	-100	-100
139	469	-100	-100
139	463	-100	-100
139	41	-100	-100
139	39	-100	-100
139	123	-100	-100
139	187	-100	-100
139	19	-100	-100
139	22	-100	-100
139	323	-100	-100
139	407	-100	-100
139	468	-100	-100
139	106	-100	-100
139	284	-100	-100
139	465	-100	-100
139	409	-100	-100
139	258	-100	-100
139	173	-100	-100
139	24	-100	-100
139	489	-100	-100
139	485	-100	-100
139	18	-100	-100
139	455	-100	-100
139	374	-100	-100
139	378	-100	-100
139	449	-100	-100
139	301	-100	-100
139	331	-100	-100
139	58	-100	-100
403	155	-100	-100
323	272	-100	-100
268	234	-100	-100
280	170	-100	-100
61	362	-100	-100
338	34	-100	-100
338	376	-100	-100
58	26	-100	-100
58	23	-100	-100
211	178	-100	-100
211	290	-100	-100
391	395	-100	-100
391	468	-100	-100
442	483	-100	-100
442	388	-100	-100
93	180	-100	-100
93	470	-100	-100
412	373	-100	-100
412	437	-100	-100
439	143	-100	-100
439	334	-100	-100
483	86	-100	-100
483	68	-100	-100
159	295	-100	-100
159	52	-100	-100
420	358	-100	-100
420	495	-100	-100
368	418	-100	-100
368	60	-100	-100
275	490	-100	-100
275	473	-100	-100
301	92	-100	-100
301	401	-100	-100
318	276	-100	-100
318	76	-100	-100
52	478	-100	-100
52	258	-100	-100
49	481	-100	-100
49	206	-100	-100
401	330	-100	-100
401	258	-100	-100
73	329	-100	-100
73	430	-100	-100
111	127	-100	-100
111	380	-100	-100
111	59	-100	-100
59	60	-100	-100
59	56	-100	-100
60	66	-100	-100
60	41	-100	-100
380	11	-100	-100
380	185	-100	-100
380	481	-100	-100
481	165	-100	-100
481	134	-100	-100
183	472	-100	-100
183	16	-100	-100
183	415	-100	-100
229	195	-100	-100
229	265	-100	-100
229	379	-100	-100
272	86	-100	-100
195	178	-100	-100
306	21	-100	-100
478	63	-100	-100
222	472	-100	-100
10	212	-100	-100
33	282	-100	-100
172	400	-100	-100
416	168	-100	-100
449	47	-100	-100
350	16	-100	-100
215	125	-100	-100
182	345	-100	-100
486	38	-100	-100
243	51	-100	-100
426	142	-100	-100
38	448	-100	-100
51	346	-100	-100
115	118	-100	-100
482	465	-100	-100
218	30	-100	-100
100	236	-100	-100
427	27	-100	-100
120	160	-100	-100
17	264	-100	-100
269	163	-100	-100
137	260	-100	-100
346	307	-100	-100
162	457	-100	-100
28	71	-100	-100
363	484	-100	-100
203	374	-100	-100
382	413	-100	-100
217	116	-100	-100
362	425	-100	-100
360	466	-100	-100
185	192	-100	-100
425	267	-100	-100
313	194	-100	-100
192	304	-100	-100
221	112	-100	-100
317	154	-100	-100
304	127	-100	-100
387	75	-100	-100
124	284	-100	-100
354	413	-100	-100
105	352	-100	-100
83	249	-100	-100
358	167	-100	-100
31	228	-100	-100
289	461	-100	-100
496	224	-100	-100
446	498	-100	-100
273	126	-100	-100
251	312	-100	-100
103	228	-100	-100
68	389	-100	-100
238	277	-100	-100
271	452	-100	-100
128	435	-100	-100
257	220	-100	-100
396	261	-100	-100
148	256	-100	-100
476	206	-100	-100
43	464	-100	-100
392	94	-100	-100
261	94	-100	-100
256	19	-100	-100
464	202	-100	-100
19	145	-100	-100
202	145	-100	-100
230	288	-100	-100
230	224	-100	-100
288	224	-100	-100
