1000
3094
2
1	66	7	5
1	198	9	6
1	248	2	1
1	254	3	5
1	309	6	9
1	350	6	8
1	404	9	1
1	415	5	8
1	432	10	4
1	442	2	10
1	511	1	8
1	532	10	6
1	544	2	3
1	556	6	1
1	597	2	9
1	749	4	8
1	797	10	9
1	813	1	10
1	848	7	5
1	892	9	8
1	925	2	8
8	1	6	7
8	77	7	4
8	309	5	9
8	466	4	7
8	612	1	6
8	661	6	2
8	679	3	2
8	929	7	8
8	938	7	10
9	17	3	4
9	80	10	8
9	103	5	4
9	179	5	1
9	222	8	4
9	301	3	1
9	351	3	9
9	451	7	3
9	554	9	3
9	580	3	7
9	588	1	3
9	609	8	6
9	646	6	2
9	687	1	8
9	702	2	6
9	704	2	7
9	797	2	7
9	819	5	3
9	895	6	10
9	962	1	2
9	974	6	10
10	762	8	6
10	784	1	4
10	882	7	6
10	883	2	1
10	920	8	4
10	941	5	4
10	982	7	5
11	71	1	6
11	130	8	1
11	137	2	7
11	297	3	1
11	308	8	6
11	501	10	9
11	550	1	6
11	835	6	3
13	36	4	7
13	328	6	4
13	452	4	9
17	50	1	9
17	54	10	9
17	55	6	7
17	192	2	1
17	231	4	1
17	260	2	7
17	282	2	4
17	326	3	10
17	377	9	1
17	469	2	10
17	491	4	6
17	537	9	10
17	628	7	8
17	654	2	3
17	659	2	5
17	693	8	4
17	699	6	3
17	863	6	4
17	925	8	9
19	39	1	10
19	41	2	10
19	42	3	8
19	137	5	4
19	270	4	1
19	630	4	8
19	740	9	5
19	848	4	6
19	907	4	1
19	959	1	10
20	385	7	4
20	456	10	7
20	459	10	7
20	581	7	10
20	748	3	7
20	797	1	9
20	852	1	3
20	951	8	5
20	958	4	8
21	309	1	9
21	404	4	1
23	376	5	2
23	461	5	10
23	931	6	10
25	9	1	8
25	203	5	2
25	248	5	7
25	401	4	5
25	415	8	1
25	461	6	8
25	486	2	1
25	989	3	1
26	20	8	4
26	126	10	8
26	176	8	1
26	214	2	9
26	271	1	7
26	404	6	10
26	414	4	10
26	532	2	7
26	570	2	9
26	637	7	8
26	647	4	6
26	755	5	7
26	786	1	8
26	861	8	4
26	949	5	2
29	449	3	1
29	568	3	5
29	597	8	2
29	784	3	4
29	918	1	5
33	52	2	10
33	152	4	6
33	239	3	4
33	338	3	8
33	414	2	10
33	480	3	7
33	517	2	9
33	532	4	7
33	580	6	10
33	607	7	4
33	646	4	10
33	687	9	1
33	729	1	4
33	768	5	1
33	920	9	7
33	931	8	9
33	967	6	7
36	58	3	2
36	122	2	6
36	534	4	9
36	564	8	10
36	798	2	5
36	809	4	9
36	943	3	10
38	179	1	6
38	623	2	8
38	797	8	1
38	814	6	9
38	916	2	9
39	38	8	1
39	516	8	10
41	673	6	1
41	818	7	5
42	137	9	10
42	162	9	6
42	179	1	9
42	189	3	2
42	223	1	9
42	498	7	6
42	570	2	10
42	580	5	10
42	687	9	3
44	337	5	2
44	418	1	10
44	621	3	8
44	830	4	1
44	890	1	6
44	917	9	3
44	981	5	9
45	41	2	9
45	211	9	5
45	390	3	4
45	634	7	3
45	853	8	2
50	9	8	7
50	66	2	5
50	103	3	2
50	131	3	2
50	174	3	10
50	260	8	1
50	269	1	4
50	278	9	10
50	308	7	1
50	345	7	5
50	365	10	8
50	376	5	3
50	418	3	2
50	654	9	5
50	658	7	2
50	759	6	8
52	13	8	4
52	118	3	9
52	126	8	4
52	305	3	5
52	573	4	9
52	683	2	6
52	696	3	4
52	703	6	10
52	727	5	8
52	745	9	8
52	815	6	7
53	17	10	7
53	184	4	7
53	187	6	10
53	698	3	1
53	863	10	4
54	76	1	5
54	110	3	7
54	146	3	9
54	211	5	8
54	404	5	2
54	469	10	8
54	588	7	5
54	623	3	5
54	729	10	5
54	766	10	2
54	935	10	5
55	302	4	6
55	625	8	2
55	853	2	4
56	326	8	7
56	455	8	6
56	850	5	4
58	9	1	4
58	50	9	7
58	157	4	6
58	186	6	2
58	282	7	5
58	439	10	3
58	469	6	5
58	491	7	6
58	517	1	7
58	665	9	6
58	916	9	2
58	931	3	2
58	974	10	2
59	137	5	2
59	184	7	9
59	683	5	10
59	695	6	7
59	755	1	7
60	178	4	9
60	320	10	3
60	528	6	7
63	77	1	5
63	121	4	1
63	221	8	6
63	448	7	4
63	544	2	3
63	625	9	4
63	631	5	3
63	665	3	7
63	746	1	10
63	820	7	2
63	841	6	7
63	882	10	5
63	892	4	9
63	908	10	6
63	929	1	10
63	965	4	6
64	641	3	7
64	757	2	6
65	217	4	6
65	430	10	9
65	498	4	5
66	137	6	7
66	207	3	2
66	209	6	2
66	300	10	8
66	414	9	8
66	476	7	3
66	637	2	9
67	66	9	2
67	80	9	5
67	90	5	10
67	192	7	3
67	195	2	6
67	284	3	8
67	305	1	6
67	357	1	8
67	376	8	2
67	461	4	6
67	548	8	10
67	550	9	2
67	605	4	7
67	636	8	4
67	646	5	4
67	654	10	2
67	674	4	6
67	797	3	6
67	869	2	10
67	893	8	6
67	950	5	3
71	147	7	2
71	269	5	9
71	272	2	6
71	384	5	2
71	782	1	8
71	982	5	10
73	36	6	3
73	126	6	5
73	281	4	9
73	321	4	8
73	357	1	4
73	376	10	5
73	414	2	10
73	421	9	1
73	436	4	6
73	528	5	8
73	532	5	4
73	603	6	3
73	699	3	6
73	727	2	4
73	737	6	5
73	803	1	3
73	882	10	6
74	282	5	2
74	350	2	10
74	390	1	8
74	430	5	4
74	566	2	8
74	608	3	8
74	656	6	7
76	77	9	2
76	106	2	9
76	214	9	3
76	221	4	6
76	265	1	5
76	355	3	4
76	357	10	4
76	364	3	5
76	498	8	2
76	508	8	4
76	548	2	10
76	594	2	8
76	634	6	7
76	654	10	8
76	839	5	9
76	848	2	7
76	908	8	9
76	917	4	7
76	931	8	7
77	17	2	4
77	194	3	10
77	197	10	2
77	301	5	2
77	350	8	6
77	410	1	5
77	415	6	1
77	548	6	5
77	554	3	6
77	577	1	5
77	699	4	7
77	820	9	3
77	891	9	3
77	917	3	8
77	967	3	2
77	978	9	10
80	365	7	1
80	377	6	10
80	417	7	6
80	476	2	3
80	480	9	2
80	704	6	9
80	765	10	8
80	767	9	4
80	896	8	5
80	944	4	6
83	246	10	6
83	275	10	8
83	430	9	10
83	526	3	9
83	777	3	6
86	494	7	4
86	614	7	4
86	666	2	3
86	768	1	8
87	44	3	7
87	306	4	3
87	451	7	10
87	595	6	5
87	643	8	3
87	878	9	8
87	931	3	2
90	80	8	10
90	198	1	9
90	350	1	2
90	436	2	6
90	618	4	10
90	658	7	6
90	666	3	8
90	786	2	9
90	980	2	10
95	10	3	10
95	33	8	6
95	205	7	6
95	209	9	10
95	217	1	2
95	258	3	10
95	369	2	9
95	401	3	4
95	443	9	4
95	554	10	1
95	564	2	6
95	749	3	5
95	814	6	5
95	882	2	3
95	893	5	1
95	968	2	6
99	112	1	8
99	181	4	3
99	369	8	3
99	511	2	7
103	265	8	6
103	637	9	2
106	147	1	9
106	254	3	10
106	288	2	9
106	337	8	2
106	421	6	9
106	532	1	7
106	614	6	8
106	659	3	10
106	831	2	8
107	254	7	5
107	377	4	7
107	844	2	1
107	953	2	9
110	33	6	2
110	44	2	10
110	306	6	7
110	635	1	4
111	63	10	1
111	147	7	2
111	162	5	7
111	179	7	9
111	186	1	4
111	246	1	5
111	365	10	3
111	392	1	7
111	554	6	7
111	602	4	5
111	693	8	10
111	766	10	3
111	784	3	6
111	813	4	9
111	895	4	8
111	918	7	2
111	923	8	6
111	925	4	10
112	382	6	10
112	751	4	1
112	819	9	2
112	830	3	4
118	67	8	2
118	365	10	7
118	457	7	5
118	491	8	7
118	526	5	4
118	528	3	2
118	573	4	10
118	587	10	8
118	660	5	6
118	784	9	1
118	792	3	9
118	840	8	2
118	886	6	9
118	900	5	6
118	910	4	6
118	959	6	8
121	1	5	2
121	459	8	4
121	480	4	3
121	573	5	9
121	695	7	9
121	703	7	9
121	869	1	10
122	63	9	5
122	216	8	9
122	382	7	4
122	469	9	5
122	491	7	5
122	646	1	4
122	704	10	3
122	753	5	3
122	815	5	3
122	818	4	1
126	66	7	9
126	110	8	10
126	357	2	10
126	414	5	6
126	415	10	7
126	449	4	6
126	532	5	10
126	588	7	10
126	699	9	10
126	755	2	5
126	838	3	4
126	895	9	4
129	66	9	5
129	525	1	2
130	224	6	10
130	423	8	6
130	558	4	9
130	673	5	2
131	1	2	9
131	95	7	8
131	197	10	8
131	246	4	5
131	250	4	2
131	314	10	8
131	376	10	7
131	448	9	8
131	459	9	10
131	526	6	3
131	528	3	2
131	554	2	10
131	598	3	8
131	627	4	3
131	660	2	7
131	737	6	1
131	883	3	10
131	920	2	10
131	932	2	1
131	938	10	6
131	941	1	5
131	949	6	4
137	74	6	9
137	80	8	1
137	282	6	4
137	320	9	2
137	414	9	8
137	511	8	1
137	554	4	8
137	717	6	5
137	748	2	5
137	755	8	10
137	774	8	2
137	896	10	6
146	875	7	6
146	935	8	1
147	56	3	7
147	67	6	9
147	785	10	9
147	892	2	8
148	80	1	2
148	271	5	8
148	465	1	6
148	538	9	10
148	612	3	6
152	54	10	2
152	191	5	9
152	198	8	5
152	216	2	10
152	415	1	3
152	429	8	1
152	516	8	2
155	882	2	5
157	60	10	1
157	66	2	6
157	73	9	4
157	250	4	7
157	278	5	6
157	282	1	2
157	376	7	2
157	491	3	1
157	612	8	7
157	635	4	6
157	660	6	9
157	679	3	8
157	699	6	5
157	890	3	8
157	917	3	10
159	189	6	4
159	226	3	4
159	548	7	3
159	607	10	4
162	87	5	6
162	317	6	5
162	351	2	4
162	432	7	10
162	511	8	5
162	580	3	10
162	607	9	7
162	743	7	5
162	831	2	7
162	962	10	2
173	59	3	8
173	122	7	4
173	129	4	9
173	159	4	7
173	612	2	5
173	685	10	6
173	941	3	2
174	122	9	5
174	129	7	10
174	173	9	8
174	246	10	5
174	506	3	8
174	554	1	6
174	556	4	2
174	749	2	9
174	753	10	7
174	848	1	9
174	912	8	7
174	928	7	2
174	982	5	8
176	36	2	7
176	544	8	1
176	600	10	2
176	647	8	4
176	813	3	7
176	928	1	10
176	998	2	3
178	308	7	3
178	382	6	5
178	503	5	6
179	77	9	2
179	181	2	3
179	254	5	9
179	351	6	7
179	414	3	4
179	429	2	9
179	494	9	5
179	532	5	7
179	559	1	8
179	627	10	9
179	693	9	2
179	724	2	6
179	895	3	4
179	981	6	3
181	265	9	2
183	126	7	9
183	309	9	10
183	528	10	2
184	496	8	7
184	568	7	4
184	665	9	7
184	737	1	9
184	838	7	4
185	378	8	3
186	1	6	2
186	19	5	1
186	173	4	3
186	198	10	5
186	223	6	9
186	226	2	6
186	278	3	9
186	282	9	3
186	284	6	9
186	309	8	5
186	415	1	10
186	429	6	10
186	480	2	6
186	485	1	9
186	532	2	3
186	577	7	3
186	630	7	3
186	632	3	8
186	634	8	4
186	724	10	5
186	755	7	4
186	764	5	10
186	766	3	5
186	838	6	10
186	925	9	8
187	39	1	2
187	459	2	6
187	634	10	6
187	639	5	2
189	9	3	1
189	29	1	4
189	322	8	10
189	441	9	7
191	10	8	9
191	76	5	8
191	197	5	6
191	270	9	7
191	436	7	4
191	456	10	3
191	516	9	3
191	727	3	8
191	786	9	5
191	883	1	6
192	29	3	9
192	131	6	9
192	317	5	10
192	429	2	1
192	601	9	8
192	766	5	7
192	774	5	10
192	788	6	4
192	827	7	10
192	835	3	7
192	959	5	1
194	282	7	10
194	570	6	8
194	811	10	4
194	907	4	7
195	118	8	1
195	162	10	1
195	918	2	5
197	66	1	2
197	67	6	7
197	112	9	5
197	271	4	2
197	350	1	8
197	377	10	1
197	555	7	9
197	573	4	2
197	665	4	2
197	830	7	6
198	271	7	2
198	415	7	8
198	437	8	10
198	449	5	8
198	589	4	10
198	630	4	5
198	695	7	3
198	729	3	8
198	835	3	1
198	875	9	10
198	880	6	4
199	9	6	5
199	950	8	9
203	317	10	4
203	684	6	9
203	782	6	4
204	44	9	7
204	181	2	4
204	232	3	1
204	328	9	6
204	443	8	1
204	483	2	4
204	654	6	4
204	666	1	8
204	746	3	5
204	751	3	2
204	807	10	6
204	928	7	5
204	932	8	7
204	941	8	10
204	982	6	5
205	1	6	2
205	50	2	1
205	80	10	6
205	103	2	5
205	179	5	4
205	186	9	6
205	268	8	4
205	278	3	4
205	302	8	9
205	314	6	8
205	399	7	5
205	548	3	9
205	704	5	1
205	838	10	5
205	882	5	7
205	895	5	10
205	925	6	4
205	949	5	1
205	958	4	7
205	959	5	1
205	982	4	10
207	198	10	1
207	204	9	6
207	319	4	3
207	363	5	9
207	679	4	5
209	1	2	10
209	122	9	7
209	221	4	2
209	308	4	5
209	377	2	5
209	508	2	10
209	612	9	3
209	662	5	9
209	699	8	3
209	759	9	10
211	73	8	3
211	300	3	5
211	365	9	7
211	382	5	10
211	491	6	9
211	727	7	9
211	882	1	5
211	944	8	9
213	25	7	2
213	131	2	10
213	146	9	5
213	429	8	2
213	506	3	8
213	583	10	2
213	784	6	1
213	840	5	2
213	978	5	9
214	337	9	8
214	476	10	1
214	577	5	2
214	674	4	10
214	762	1	2
214	950	8	4
216	192	4	7
216	436	10	2
216	839	9	7
216	892	5	7
216	982	10	9
217	17	10	5
217	29	3	8
217	390	6	1
217	484	2	4
217	517	2	4
217	523	7	2
217	555	4	7
217	573	1	4
217	636	9	1
217	753	2	8
217	834	10	1
218	383	6	1
221	36	10	9
221	59	10	3
221	191	2	7
221	498	4	6
221	503	5	7
221	534	1	4
221	545	1	9
221	675	2	10
221	880	1	2
222	26	9	8
222	41	3	8
222	360	7	4
222	496	3	5
222	532	3	2
222	703	2	9
222	737	5	9
222	786	10	4
222	841	4	9
223	50	10	4
223	173	2	5
223	278	2	5
223	597	9	3
223	618	6	8
223	668	8	3
223	749	4	3
223	771	6	10
223	907	8	1
223	981	5	10
223	989	8	7
224	231	5	8
224	383	10	5
224	594	8	5
224	788	6	9
226	54	3	2
226	58	1	3
226	197	9	2
226	258	8	2
226	282	4	3
226	362	9	3
226	827	2	5
226	982	10	9
227	76	10	1
227	148	1	3
227	194	2	1
227	319	6	7
227	598	2	6
227	729	2	5
229	64	10	5
229	257	5	10
229	591	8	9
231	66	2	10
231	87	2	3
231	314	4	6
231	377	1	3
231	415	7	5
231	548	9	1
231	848	1	3
231	861	8	5
231	938	9	8
232	111	2	4
232	184	8	9
232	254	7	3
232	302	4	3
232	320	1	10
232	401	8	6
232	511	8	10
232	517	10	6
232	573	8	3
232	685	9	3
232	797	7	5
232	978	7	1
233	511	6	5
233	695	3	7
233	755	4	2
233	908	7	1
236	29	9	7
236	194	8	6
236	920	8	10
239	99	6	8
239	269	7	8
239	362	7	3
239	364	9	3
239	892	4	8
239	989	8	3
245	207	4	10
245	390	2	7
245	442	10	2
245	564	7	9
245	568	8	10
245	789	5	2
246	17	7	8
246	33	6	9
246	122	3	6
246	258	2	5
246	281	1	4
246	317	7	10
246	365	7	5
246	390	1	7
246	430	9	2
246	526	5	2
246	532	9	8
246	737	1	3
246	786	10	7
246	797	10	5
246	815	3	10
246	830	8	3
246	941	3	8
246	951	10	4
246	965	7	1
246	974	3	1
248	271	9	5
248	326	1	8
248	478	9	5
248	523	3	4
248	696	4	5
248	917	5	8
250	52	7	8
250	173	7	10
250	186	7	9
250	345	9	2
250	442	4	6
250	526	8	1
250	541	10	9
250	584	4	5
250	813	1	4
250	912	5	4
250	946	7	10
250	964	2	8
250	987	7	4
251	13	6	2
251	245	2	9
251	541	7	10
251	635	8	7
251	907	4	5
254	9	5	7
254	52	4	9
254	162	7	9
254	216	3	10
254	392	6	7
254	414	9	10
254	415	1	10
254	498	1	5
254	517	4	5
254	579	6	2
254	580	2	5
254	654	3	4
254	685	3	1
254	762	7	8
254	835	6	3
254	883	10	2
254	981	5	1
257	42	4	1
257	74	2	6
257	429	1	6
257	469	7	6
257	646	7	9
257	647	3	4
257	687	10	5
257	878	7	1
257	891	1	3
258	50	5	7
258	54	10	3
258	64	2	8
258	111	8	5
258	221	10	5
258	254	3	7
258	269	8	1
258	369	1	9
258	527	5	4
258	528	6	10
258	587	5	4
258	784	7	8
258	909	6	3
258	962	3	6
260	29	8	2
260	63	5	9
260	130	1	8
260	226	2	3
260	282	5	6
260	320	5	8
260	548	1	10
260	912	1	10
260	953	10	2
263	965	7	5
265	254	8	5
268	9	8	7
268	10	9	1
268	314	4	7
268	322	8	5
268	363	1	4
268	650	1	5
268	699	7	3
268	702	4	6
268	929	7	3
269	270	2	7
269	358	4	2
269	501	4	7
269	548	9	5
269	943	5	6
270	106	1	6
270	229	7	6
270	429	9	7
271	77	10	8
271	273	9	8
271	526	3	2
271	564	1	8
271	636	10	1
271	654	5	9
271	785	4	5
271	928	8	6
271	950	4	7
272	52	10	8
272	390	2	9
272	449	4	8
272	516	3	10
272	573	9	2
272	614	5	8
272	629	9	1
272	782	4	1
272	813	8	10
273	192	1	10
273	216	10	6
273	282	1	4
273	494	4	6
273	628	7	1
273	790	10	3
273	807	6	1
273	998	8	1
275	383	5	3
275	418	3	9
275	570	1	2
275	882	3	8
275	893	10	5
275	946	6	8
277	204	10	3
277	226	4	8
277	268	6	9
277	423	6	3
277	675	7	5
278	1	2	8
278	9	6	7
278	55	5	4
278	111	3	9
278	131	6	10
278	174	7	4
278	232	4	7
278	369	7	4
278	430	3	1
278	437	4	3
278	485	5	6
278	541	10	9
278	554	7	2
278	564	4	8
278	608	6	8
278	630	7	9
278	724	4	9
278	755	6	5
278	757	10	5
278	784	7	10
278	815	8	1
278	909	9	1
278	982	4	2
279	231	1	5
279	538	2	3
279	618	3	5
279	629	1	9
279	967	3	8
279	998	10	9
281	319	9	4
281	654	8	6
281	675	3	10
281	727	6	7
281	731	9	7
281	783	8	1
281	891	7	5
281	996	7	3
282	1	3	8
282	77	2	3
282	126	1	4
282	179	2	7
282	192	9	10
282	205	5	2
282	275	2	4
282	278	9	2
282	281	2	5
282	309	5	1
282	314	3	1
282	350	7	2
282	376	1	5
282	382	3	5
282	390	10	8
282	414	6	5
282	415	6	7
282	461	2	6
282	491	7	10
282	494	3	6
282	517	1	9
282	545	8	1
282	548	3	5
282	564	5	6
282	581	10	9
282	597	3	10
282	598	4	1
282	625	3	8
282	675	8	3
282	724	7	3
282	764	2	1
282	784	5	4
282	788	1	7
282	797	5	2
282	815	7	1
282	861	3	9
282	883	4	9
282	895	1	10
282	917	9	6
282	967	9	7
284	449	1	7
284	852	6	8
284	928	5	6
288	194	3	4
288	254	7	8
288	423	1	5
288	646	4	5
289	217	7	3
289	393	8	4
289	598	10	6
289	635	3	8
289	679	3	8
289	694	4	7
289	733	4	3
289	764	9	10
290	159	6	9
290	179	3	6
290	284	3	2
290	423	5	3
290	452	4	6
290	784	5	6
290	925	1	7
290	982	9	7
297	216	6	4
297	625	10	7
297	776	10	5
297	841	8	6
297	908	1	3
297	998	9	7
299	36	7	1
300	54	5	8
300	77	4	9
300	192	4	6
300	260	1	3
300	321	4	1
300	660	6	5
300	785	10	4
300	882	2	6
300	935	6	1
300	938	9	1
300	974	2	3
300	982	3	6
301	11	7	4
301	50	9	2
301	452	2	4
301	605	4	10
301	607	7	8
301	771	6	9
302	254	5	7
302	357	2	8
302	476	8	6
302	583	10	9
302	852	5	6
304	137	1	6
304	692	6	3
304	715	5	6
304	786	7	9
305	106	8	9
305	110	1	6
305	272	7	4
305	299	6	5
305	326	6	3
305	327	1	4
305	412	9	1
305	679	2	9
306	9	8	9
306	118	9	7
306	254	4	5
306	365	10	1
306	429	8	3
306	436	10	3
306	449	1	8
306	631	2	10
306	705	1	3
306	740	3	4
308	80	7	5
308	603	10	5
308	609	7	9
308	627	7	10
308	786	8	10
308	797	8	4
308	848	2	10
308	883	5	8
308	981	7	6
309	67	7	4
309	106	8	4
309	148	5	3
309	157	8	5
309	192	4	8
309	305	1	7
309	326	5	7
309	350	5	9
309	415	2	8
309	429	7	10
309	491	3	7
309	554	3	10
309	616	4	6
309	654	10	4
309	702	3	1
309	729	10	7
309	844	7	9
310	137	2	10
310	415	7	8
310	580	2	5
310	591	1	6
314	17	6	8
314	103	2	4
314	192	5	2
314	246	2	6
314	279	8	6
314	365	1	3
314	377	9	5
314	385	2	9
314	414	7	4
314	548	10	5
314	566	6	4
314	641	9	1
314	746	1	5
314	848	10	3
317	52	6	2
317	369	2	3
317	384	2	6
317	415	7	4
317	580	2	5
317	591	9	5
317	673	5	4
317	776	3	7
317	782	1	5
317	820	8	9
317	932	5	6
319	66	10	3
319	95	9	4
319	211	4	1
319	248	3	6
319	269	6	1
319	317	7	10
319	350	10	6
319	357	9	2
319	384	7	2
319	403	1	8
319	415	2	10
319	443	5	10
319	490	8	1
319	659	10	6
319	739	3	4
319	980	7	6
320	118	7	8
320	221	3	2
320	273	4	5
320	573	8	1
320	762	7	1
320	892	4	1
320	894	1	6
320	918	6	5
320	974	6	3
321	71	3	1
321	483	9	4
321	872	2	10
321	909	3	6
322	213	7	8
322	713	2	9
323	33	3	4
323	284	10	1
323	430	10	2
323	489	4	9
323	607	9	6
323	894	10	3
326	179	10	3
326	384	4	7
326	424	7	4
326	443	10	7
326	448	8	3
326	486	9	8
326	603	10	3
326	614	3	4
326	628	7	9
326	786	1	2
326	929	6	2
327	17	5	6
327	393	4	3
327	483	5	4
327	783	8	10
328	110	9	8
328	338	9	10
328	430	10	3
328	756	2	6
337	564	8	7
337	647	9	1
337	745	10	7
337	792	8	1
337	818	10	4
338	430	5	4
338	769	2	7
338	987	7	3
343	376	6	7
343	380	2	4
343	511	2	3
343	789	10	1
343	989	1	9
345	121	6	10
345	186	4	2
345	412	5	2
345	488	2	5
345	675	9	6
345	739	9	3
347	756	6	8
350	179	5	9
350	248	3	6
350	254	3	6
350	376	1	9
350	495	2	1
350	654	4	5
350	740	8	6
350	764	7	4
350	839	5	1
350	848	3	9
350	877	10	5
350	883	9	2
350	900	3	9
351	33	7	5
351	598	7	5
351	703	7	2
351	745	3	4
351	861	1	9
351	893	6	7
351	927	2	10
352	297	1	10
352	820	1	5
355	152	5	4
355	198	8	9
355	433	1	9
355	544	3	10
355	727	9	3
355	819	5	10
357	26	8	5
357	222	2	3
357	251	2	1
357	289	8	5
357	309	5	4
357	570	9	10
357	627	4	5
357	630	5	7
357	631	6	3
357	797	6	4
357	841	4	3
358	118	9	1
358	484	4	9
358	844	3	10
360	495	9	10
360	498	8	2
360	548	9	3
360	703	8	5
360	891	9	4
362	236	4	10
362	328	3	4
362	448	1	7
362	658	8	4
362	762	1	10
362	848	9	6
363	306	9	6
363	362	5	3
363	698	6	9
363	748	3	4
364	466	10	1
364	516	3	7
364	928	4	1
365	17	4	8
365	222	1	4
365	382	5	7
365	491	3	8
365	544	9	10
365	588	7	9
365	666	5	1
365	751	2	1
365	813	8	2
365	910	3	1
369	437	1	2
369	548	10	6
369	724	10	2
376	9	1	6
376	17	6	2
376	42	8	4
376	52	5	4
376	179	3	4
376	222	2	9
376	260	6	10
376	278	1	7
376	317	4	10
376	326	1	10
376	351	6	4
376	446	7	9
376	469	2	6
376	483	2	6
376	491	10	6
376	526	3	9
376	527	1	6
376	532	6	5
376	554	6	3
376	573	7	4
376	607	7	3
376	729	2	6
376	815	8	6
376	841	5	1
376	848	9	3
376	882	8	4
376	916	7	4
376	953	10	4
376	965	3	4
377	29	7	1
377	282	1	3
377	284	9	6
377	360	7	5
377	491	1	4
377	548	6	7
377	554	3	7
377	577	9	2
377	595	5	3
377	598	5	3
377	693	10	5
377	786	9	3
377	788	1	9
377	834	3	10
377	895	4	2
377	928	1	3
377	930	1	6
377	967	8	2
378	19	7	9
378	548	1	10
378	643	2	3
378	646	8	4
378	865	8	4
380	110	10	3
380	214	7	9
380	309	8	9
380	385	2	4
380	548	9	7
380	659	3	10
380	834	2	1
382	9	5	9
382	45	5	4
382	77	3	2
382	148	7	3
382	246	10	9
382	363	1	7
382	393	3	8
382	491	7	5
382	609	4	5
382	636	3	5
382	704	9	1
382	908	10	3
383	26	8	3
383	186	7	3
383	226	8	3
383	399	4	3
383	461	4	8
383	564	6	8
384	67	8	6
384	86	9	5
384	111	8	7
384	118	6	9
384	282	6	4
384	424	2	9
384	491	7	3
384	545	1	3
384	632	10	2
384	731	8	10
384	785	3	9
384	786	3	10
384	910	6	9
385	148	7	6
385	184	4	9
385	355	3	2
385	360	4	5
385	581	2	6
385	614	10	7
385	628	6	5
385	636	2	5
385	699	7	10
385	724	7	4
385	848	3	6
390	59	10	2
390	76	10	9
390	77	8	9
390	103	7	9
390	197	4	3
390	205	6	9
390	207	6	1
390	216	3	8
390	436	4	1
390	477	6	8
390	605	8	6
390	623	2	1
390	627	1	10
390	636	10	2
390	665	7	8
390	733	3	4
390	831	3	2
390	893	2	8
390	895	7	3
390	958	5	4
392	44	1	3
392	227	7	5
392	273	7	3
392	314	2	9
392	350	4	10
392	358	9	1
392	376	6	2
392	494	6	5
392	514	8	6
392	815	3	4
392	932	8	6
393	112	10	4
393	297	7	2
393	337	1	4
393	466	6	2
393	910	5	3
399	148	5	4
399	390	9	1
399	423	5	4
399	442	7	9
399	665	4	1
399	813	5	9
399	815	1	10
399	950	10	8
401	71	8	2
401	272	10	3
401	365	3	1
401	484	7	2
401	541	8	5
401	544	4	10
401	564	8	9
401	764	2	9
401	892	4	6
402	21	6	8
402	122	4	2
402	319	3	2
402	423	4	6
402	455	4	2
402	491	2	9
402	636	3	2
402	957	1	7
403	33	9	3
403	118	1	9
403	597	10	6
403	603	5	1
403	699	5	8
403	789	6	9
403	935	8	1
404	76	6	5
404	198	7	8
404	231	9	10
404	377	7	10
404	456	5	6
404	554	1	3
404	570	3	8
404	603	6	10
404	635	6	9
404	693	3	6
404	848	2	4
404	883	4	7
404	891	9	1
404	987	6	5
410	155	6	4
410	967	7	9
412	181	6	4
412	217	7	8
412	753	2	1
414	55	3	8
414	63	3	4
414	71	9	7
414	80	6	3
414	106	9	6
414	221	4	1
414	269	9	5
414	300	7	6
414	380	4	2
414	466	1	7
414	630	6	9
414	631	9	10
414	729	2	9
414	872	10	7
414	882	1	2
414	895	3	7
414	931	1	7
414	959	3	9
415	26	6	10
415	50	7	5
415	66	10	2
415	67	2	6
415	192	3	1
415	217	10	9
415	270	10	9
415	404	4	10
415	449	3	9
415	489	4	3
415	554	10	6
415	556	2	8
415	559	5	6
415	631	5	2
415	654	4	8
415	746	6	5
415	788	9	8
415	809	3	8
415	813	7	9
415	815	10	7
415	834	9	5
415	895	9	8
415	949	2	9
415	951	8	7
415	959	10	4
417	573	8	5
417	890	6	1
417	908	7	9
418	9	3	6
418	157	3	4
418	257	5	8
418	282	8	4
418	383	1	7
418	478	8	4
418	532	4	5
418	658	4	5
418	693	4	8
418	782	7	5
418	803	9	8
418	861	8	10
418	920	3	10
418	975	2	9
421	58	7	3
421	377	4	3
421	831	8	4
421	861	7	3
421	907	10	3
421	931	1	9
423	45	10	1
423	73	3	7
423	483	1	10
424	232	8	3
424	564	2	6
424	673	9	2
424	699	7	10
424	980	7	9
429	174	8	5
429	337	9	7
429	380	5	10
429	415	2	10
429	441	6	4
429	469	5	6
429	820	2	8
429	949	1	4
429	980	6	2
430	56	5	10
430	63	3	4
430	95	7	10
430	448	7	6
430	666	3	6
430	705	5	10
430	749	4	2
430	813	10	3
430	978	1	5
432	224	10	2
432	314	4	10
432	345	1	10
432	491	4	1
432	767	3	8
432	768	4	1
432	950	1	6
432	952	2	5
433	58	4	9
433	310	3	10
433	494	10	7
433	838	9	8
436	811	5	1
436	935	5	6
437	95	7	8
437	183	10	5
437	740	5	10
437	749	5	10
437	797	3	9
437	918	9	7
439	179	10	5
439	343	1	6
439	580	1	3
439	614	3	6
439	639	1	8
439	685	1	5
439	724	8	4
439	798	4	3
439	892	3	4
441	39	6	2
441	257	5	1
441	271	7	6
441	306	5	3
441	433	5	2
441	628	9	7
441	687	3	10
441	840	10	7
441	878	10	3
441	929	1	7
442	111	8	1
442	369	8	3
442	478	6	2
442	534	8	1
442	665	9	8
442	958	1	2
443	1	4	6
443	41	10	3
443	424	2	8
443	491	1	6
443	526	1	10
443	554	2	1
443	636	6	9
443	696	1	8
443	768	1	6
443	909	9	4
443	920	2	6
446	211	7	2
446	288	3	8
446	417	8	3
446	844	4	1
446	890	2	6
448	74	1	5
448	417	4	8
448	488	7	4
448	489	4	10
448	529	3	7
448	646	8	5
448	661	3	6
448	665	3	10
448	733	3	5
448	743	8	9
448	784	4	2
449	33	9	7
449	157	9	3
449	273	9	1
449	278	7	5
449	631	1	5
449	765	7	10
449	895	1	8
449	928	8	1
449	953	1	9
449	978	7	1
451	25	10	5
451	71	5	1
451	314	2	8
451	516	4	1
451	838	5	1
452	260	8	5
452	414	2	6
452	587	1	8
452	660	1	3
452	951	10	2
452	958	6	4
455	290	4	9
455	485	5	3
455	696	4	3
456	77	10	9
456	137	7	8
456	314	1	4
456	377	4	7
456	537	3	4
456	554	8	6
456	568	1	4
456	943	9	10
456	982	3	4
457	60	10	4
457	258	4	8
457	384	5	9
457	928	8	2
459	184	4	6
459	455	9	10
459	496	7	5
459	662	3	9
461	65	4	9
461	199	10	4
461	246	5	10
461	289	10	5
461	309	1	7
461	317	1	10
461	350	3	2
461	390	9	2
461	437	3	2
461	457	4	5
461	494	8	4
461	665	10	2
461	776	6	9
465	198	5	6
465	271	5	8
465	282	7	2
465	529	1	5
465	555	6	4
465	674	3	8
465	743	1	5
465	757	7	10
465	952	4	3
466	33	8	10
466	191	5	4
466	320	7	3
466	476	6	4
466	480	10	8
466	654	7	5
466	668	1	9
466	674	6	5
466	727	7	6
466	786	6	2
469	11	1	2
469	308	3	5
469	448	6	8
469	532	3	6
469	594	7	9
469	595	9	3
469	625	8	2
469	674	7	1
469	687	7	1
469	699	1	7
469	706	8	6
469	784	8	10
469	813	6	2
469	848	1	8
469	852	5	1
469	935	8	5
469	975	1	4
469	989	9	1
476	317	4	9
476	319	5	10
476	402	9	3
476	605	2	1
476	635	10	4
476	658	7	5
476	674	9	5
476	768	2	1
476	831	6	9
476	931	7	3
477	320	4	2
477	443	4	10
477	666	3	7
477	798	9	5
478	319	7	10
478	550	3	6
478	768	4	10
478	792	9	5
478	872	9	1
478	912	4	10
480	19	6	8
480	63	6	9
480	152	7	2
480	179	2	3
480	226	8	10
480	260	9	8
480	289	6	7
480	494	7	1
480	517	7	9
480	541	3	1
480	555	10	9
480	623	4	8
480	757	5	2
480	853	2	4
480	912	7	8
480	982	4	2
483	300	2	3
484	248	6	8
484	369	1	9
484	432	4	8
484	451	6	8
484	815	3	6
484	853	8	7
484	912	1	7
485	309	2	9
485	351	1	2
486	121	1	10
486	147	4	6
486	380	1	5
486	489	8	9
486	782	2	7
488	122	2	1
488	461	4	9
488	532	3	7
488	581	9	7
488	838	1	6
489	282	1	5
489	384	4	10
489	459	6	4
489	508	5	4
489	570	6	10
489	603	6	10
489	776	1	10
489	925	3	9
490	126	4	9
490	179	2	7
490	415	2	4
490	632	5	8
490	695	2	10
490	706	8	9
491	52	2	9
491	174	8	6
491	204	7	3
491	484	5	3
491	556	8	6
491	564	2	6
491	746	4	9
491	830	2	9
491	853	10	2
491	917	1	4
491	935	4	3
491	982	1	4
494	67	8	7
494	103	7	5
494	111	2	4
494	265	5	4
494	281	9	4
494	350	3	4
494	516	6	4
494	554	2	8
494	748	10	1
494	784	4	8
494	895	6	5
494	965	1	8
495	42	1	8
495	73	10	6
495	232	1	10
495	254	4	8
495	498	5	1
495	532	9	6
495	658	4	10
495	673	6	4
495	702	3	9
495	814	3	5
495	950	3	7
496	38	7	10
496	302	8	3
496	687	6	3
496	978	4	8
498	23	8	7
498	44	2	8
498	300	2	7
498	317	4	7
498	350	4	9
498	484	7	5
498	545	3	4
498	548	8	10
498	554	4	8
498	564	4	10
498	830	10	3
499	305	3	9
499	731	7	6
501	198	6	1
501	443	8	5
501	484	1	6
501	630	9	1
501	740	10	9
503	703	8	1
503	717	2	3
503	894	6	10
503	980	9	2
506	71	7	8
506	263	3	5
506	514	2	6
506	627	2	1
506	693	4	7
506	982	5	10
508	173	10	7
508	272	8	9
508	308	9	3
508	362	3	6
508	365	4	1
508	390	5	3
508	404	4	2
508	506	9	6
508	581	3	4
508	785	3	4
508	844	5	8
508	917	4	10
510	86	5	1
510	328	4	1
510	355	7	4
510	365	10	9
510	378	8	2
510	554	2	4
510	676	4	10
510	753	10	8
510	880	7	9
510	892	7	2
511	17	8	3
511	245	1	6
511	260	1	2
511	302	6	1
511	485	2	1
511	514	1	3
511	548	7	10
511	602	2	9
511	616	10	3
511	693	3	6
511	762	2	10
511	863	3	10
511	978	9	2
514	74	5	9
514	174	2	5
514	260	10	4
514	284	3	2
514	534	2	7
514	556	7	1
514	641	4	1
514	679	10	4
514	746	10	6
514	797	8	7
514	815	10	1
514	831	2	4
514	930	4	5
514	932	5	8
516	118	2	4
516	360	7	1
516	488	9	7
516	545	2	6
516	605	10	4
516	623	10	4
516	647	1	6
516	695	3	9
516	975	8	1
517	54	9	4
517	90	8	1
517	152	3	9
517	184	8	1
517	191	10	5
517	197	2	7
517	224	8	9
517	245	5	1
517	265	4	10
517	278	7	8
517	306	4	8
517	350	8	1
517	410	8	3
517	544	9	2
517	554	6	9
517	559	3	10
517	598	5	7
517	625	3	10
517	679	3	4
517	696	2	7
517	727	5	10
517	739	9	2
517	790	3	5
517	827	5	3
517	869	2	6
517	895	10	9
517	908	8	4
521	753	9	10
523	1	8	2
523	239	2	4
523	263	7	4
523	491	8	7
523	632	6	7
523	933	8	4
525	63	8	7
525	176	3	7
525	337	10	2
525	384	5	9
525	636	3	10
525	910	8	10
526	1	7	2
526	8	2	9
526	157	6	2
526	273	10	6
526	418	2	3
526	466	3	6
526	523	2	7
526	532	1	5
526	612	1	5
526	616	6	8
526	654	3	9
526	699	1	10
526	733	8	2
526	737	9	5
526	785	2	6
526	809	2	4
526	815	9	2
526	869	8	9
526	895	2	3
527	110	1	4
527	181	2	8
527	227	3	6
527	369	2	7
527	660	6	4
528	25	4	10
528	350	3	8
528	376	4	6
528	401	1	4
528	486	7	4
528	526	7	3
528	532	10	1
528	815	10	6
528	878	2	5
528	880	4	5
528	920	8	3
528	935	5	9
528	989	9	3
529	376	5	6
529	612	10	2
529	949	4	1
531	148	5	9
531	441	6	1
531	771	8	7
531	875	7	10
532	9	4	6
532	23	3	1
532	50	8	2
532	54	9	4
532	152	9	8
532	254	7	6
532	269	5	9
532	319	5	3
532	415	10	6
532	441	4	10
532	449	1	7
532	607	5	4
532	628	3	8
532	949	7	2
532	952	6	1
532	975	7	6
532	987	10	1
534	8	10	7
534	148	8	5
534	223	2	3
534	357	9	6
534	437	9	7
534	555	3	9
534	835	1	8
537	301	3	9
537	432	8	1
537	636	7	9
537	673	8	10
537	935	10	9
538	45	4	7
541	11	8	4
541	67	1	5
541	232	5	4
541	297	7	4
541	489	8	3
541	580	2	4
541	581	1	5
541	660	4	8
541	673	10	7
541	784	2	5
541	815	1	10
541	893	9	8
541	895	4	1
544	350	8	6
544	577	5	8
544	659	8	4
544	679	1	6
544	693	3	9
544	757	3	6
544	792	10	8
545	232	5	10
545	300	6	3
545	355	1	5
545	380	8	7
545	484	7	9
545	554	2	9
545	580	2	4
545	931	8	9
545	943	9	3
547	10	1	8
547	229	3	8
547	320	1	4
547	392	10	3
547	439	8	2
547	514	8	10
547	693	5	1
547	968	9	1
548	9	9	5
548	306	9	8
548	376	6	9
548	452	2	10
548	491	1	8
548	573	6	3
548	588	6	10
548	628	9	7
548	660	2	8
548	846	3	9
548	917	7	3
548	962	8	3
550	221	4	2
550	412	5	3
550	869	1	3
550	891	10	6
550	912	5	4
554	10	9	1
554	17	4	3
554	90	10	1
554	179	1	7
554	186	1	3
554	216	6	1
554	282	7	3
554	362	8	3
554	385	1	5
554	483	6	8
554	489	2	3
554	526	2	9
554	528	5	8
554	570	7	2
554	577	2	6
554	666	5	3
554	674	8	1
554	776	2	6
554	784	8	6
554	786	4	1
554	883	3	5
554	893	3	6
554	974	8	6
555	67	9	6
555	186	10	2
555	602	4	7
555	603	3	1
555	612	2	6
555	982	6	10
556	130	9	3
556	614	10	5
556	660	1	2
556	703	1	3
556	746	4	6
556	751	4	5
558	1	10	7
558	269	7	9
558	326	3	5
558	443	4	6
558	451	6	4
558	525	9	7
558	556	4	9
559	10	10	7
559	112	2	7
559	137	8	3
559	363	3	5
559	477	2	9
559	654	6	8
559	683	1	3
559	917	8	4
559	996	2	4
563	73	2	10
563	393	3	8
563	484	8	2
564	52	8	2
564	58	1	6
564	111	7	10
564	184	10	6
564	186	2	5
564	217	4	2
564	260	5	10
564	448	1	10
564	449	3	2
564	650	2	4
564	654	9	5
564	757	2	9
564	848	9	4
564	853	6	5
564	974	8	1
566	23	4	1
566	80	8	10
566	179	8	10
566	607	4	2
566	696	2	5
566	892	6	1
570	282	9	1
570	399	9	6
570	595	10	3
570	627	5	6
570	628	7	6
570	636	1	5
570	699	5	7
570	729	2	8
570	797	2	5
570	861	2	1
570	938	4	3
573	42	10	3
573	111	7	4
573	191	1	5
573	278	6	7
573	289	1	6
573	314	10	9
573	418	1	9
573	442	7	9
573	554	5	6
573	555	2	9
573	580	7	9
573	591	3	5
573	636	7	2
573	654	10	8
573	895	4	6
577	21	6	4
577	216	9	1
577	415	5	9
577	429	10	2
577	628	10	5
577	636	8	7
577	693	1	7
577	742	7	4
577	754	1	7
577	815	10	3
577	831	1	7
577	949	5	7
579	42	7	2
579	45	5	6
579	60	4	8
579	251	6	9
579	358	2	3
579	360	9	10
579	839	8	9
579	959	2	5
579	989	3	1
580	272	6	3
580	347	9	6
580	378	10	5
580	380	10	3
580	414	6	1
580	516	1	10
580	607	5	7
580	766	4	1
580	835	8	10
581	137	1	10
581	209	8	3
581	465	1	7
581	570	8	6
581	630	8	10
581	724	2	5
581	788	1	3
581	933	10	1
583	137	1	3
583	328	10	4
583	616	9	2
583	705	4	2
583	827	10	6
583	929	1	8
584	548	1	9
584	729	1	8
584	785	2	3
587	365	6	3
587	532	3	9
588	162	4	6
588	257	7	1
588	345	10	2
588	390	6	9
588	591	1	2
588	623	1	6
588	743	4	8
588	840	4	3
589	251	8	3
589	378	6	3
589	484	7	5
589	558	7	8
589	629	2	3
589	693	7	4
590	404	8	7
590	457	5	7
590	636	6	4
590	675	7	4
591	308	3	4
591	446	5	1
591	570	8	1
591	608	10	7
591	699	5	2
591	784	9	1
591	797	9	6
594	289	7	9
594	501	10	3
594	693	2	4
594	742	6	1
594	749	1	3
594	894	8	5
594	907	4	6
594	938	5	1
595	33	6	1
595	39	6	3
595	147	4	3
595	378	5	4
595	456	10	3
595	674	6	4
595	740	7	9
595	929	10	3
597	71	9	10
597	111	10	9
597	192	3	6
597	392	7	4
597	437	8	5
597	705	8	5
597	707	6	5
598	17	6	9
598	378	1	9
598	494	2	4
598	511	7	9
598	628	3	10
598	676	4	3
598	687	6	5
598	698	4	9
598	883	6	4
598	930	7	5
598	933	8	5
598	962	3	1
600	362	7	3
600	554	6	5
600	628	10	1
602	209	5	10
602	282	10	9
602	323	6	7
602	390	3	1
602	466	9	10
602	605	4	8
602	924	1	4
602	975	6	1
603	1	6	2
603	66	4	6
603	72	7	2
603	126	8	1
603	556	1	7
603	646	10	7
603	831	8	5
603	923	8	9
603	965	7	5
605	11	10	5
605	162	4	6
605	308	3	9
605	559	9	6
605	609	5	4
605	743	5	6
607	455	1	2
607	740	10	7
608	42	7	9
608	137	6	10
608	290	1	3
608	310	4	6
608	547	10	8
608	665	2	4
608	757	2	3
608	883	10	2
609	73	8	2
609	80	7	9
609	222	4	2
609	665	9	5
609	779	10	1
609	819	1	10
609	890	2	10
612	63	2	1
612	66	9	5
612	73	5	9
612	246	10	9
612	404	3	6
612	418	9	1
612	452	6	2
612	456	8	1
612	634	5	6
612	809	4	5
612	872	3	6
612	928	8	3
612	938	1	3
614	58	6	8
614	205	8	5
614	288	7	3
614	382	8	3
614	489	7	10
614	521	7	10
614	573	2	3
614	602	9	3
614	820	10	5
616	52	6	4
616	254	1	7
616	272	8	5
616	433	6	5
616	439	7	5
616	443	2	9
616	680	2	10
616	724	9	7
616	748	10	5
616	882	1	8
616	917	1	7
616	974	2	4
618	33	3	6
618	284	4	8
618	380	9	8
618	421	4	1
618	490	9	4
618	537	4	10
618	554	7	6
618	559	5	6
618	621	7	10
618	754	10	2
621	199	10	9
621	203	3	5
621	250	10	8
621	527	5	6
623	9	1	6
623	36	8	4
623	130	8	10
623	211	5	10
623	226	2	5
623	246	6	2
623	269	2	9
623	281	4	10
623	282	8	6
623	301	1	7
623	393	7	1
623	469	4	10
623	523	8	4
623	548	3	7
623	573	10	8
623	605	6	10
623	679	1	5
623	737	2	3
623	838	2	8
623	855	9	4
623	872	6	4
623	931	7	4
625	194	9	6
625	439	7	8
625	699	7	4
625	841	9	2
625	869	4	10
625	980	2	6
627	42	7	9
627	95	3	4
627	227	3	1
627	231	6	8
627	257	6	7
627	326	2	9
627	377	6	5
627	414	6	7
627	449	3	1
627	554	9	7
627	591	2	7
627	632	3	5
627	699	2	8
627	880	10	9
627	895	1	4
627	982	3	8
628	67	9	6
628	192	9	8
628	231	6	1
628	270	5	4
628	282	3	9
628	377	4	1
628	495	5	8
628	591	2	8
628	685	1	6
628	729	10	9
628	798	9	2
629	13	2	8
629	314	8	9
629	380	3	4
629	577	10	4
629	616	6	10
630	195	8	6
630	205	3	7
630	209	2	9
630	211	7	10
630	321	6	7
630	506	10	3
630	603	9	4
630	612	8	7
630	676	5	6
630	727	7	3
630	729	6	8
630	815	9	3
631	59	2	10
631	221	5	1
631	350	6	10
631	376	9	1
631	564	10	4
631	627	7	5
631	783	7	9
631	841	8	6
631	886	3	10
632	191	7	5
632	198	1	4
632	308	1	5
632	442	7	9
632	630	9	1
632	877	4	7
634	58	10	2
634	423	1	8
634	429	9	10
635	126	2	10
635	587	8	10
635	872	4	9
636	245	3	1
636	337	10	5
636	377	7	8
636	432	9	7
636	476	4	2
636	555	1	6
636	699	4	2
636	743	2	8
636	982	6	5
637	211	7	1
637	278	10	2
639	558	7	8
639	724	3	7
641	106	6	1
641	199	3	6
641	203	2	9
641	258	4	3
641	527	5	4
641	951	3	1
641	968	9	6
643	959	1	3
646	297	5	8
646	532	3	9
646	706	7	3
646	811	6	7
647	67	10	3
647	326	3	2
647	503	4	6
647	707	9	5
650	207	6	4
650	376	2	9
650	448	9	1
654	52	10	8
654	71	5	8
654	106	10	7
654	221	2	1
654	278	5	9
654	401	2	3
654	404	2	10
654	517	6	1
654	532	10	9
654	679	9	3
654	685	9	6
654	753	10	8
654	827	8	3
654	880	10	7
654	882	3	1
654	920	10	7
654	962	1	2
656	58	8	6
656	281	3	5
656	496	10	4
656	614	8	7
656	685	9	3
656	846	3	8
656	975	6	8
656	989	4	2
658	17	4	3
658	126	10	7
658	186	5	6
658	216	1	5
658	282	4	2
658	380	2	4
658	392	5	9
658	401	9	1
658	415	6	10
658	449	7	6
658	511	1	5
658	554	8	5
658	674	10	2
658	707	4	3
658	748	7	10
658	764	10	8
658	766	6	2
658	785	2	5
658	786	9	3
658	850	7	8
658	872	10	5
659	517	1	9
659	900	6	1
660	1	6	7
660	174	10	8
660	248	8	1
660	580	10	6
660	612	10	1
660	754	9	7
660	830	3	9
660	850	8	6
660	894	2	4
661	90	5	6
661	308	4	9
661	943	4	2
662	64	2	7
662	155	3	10
662	308	6	7
662	448	7	1
662	496	7	3
662	609	10	9
662	625	1	9
662	634	8	7
662	656	3	4
665	17	3	1
665	26	2	9
665	74	8	7
665	186	5	2
665	308	10	3
665	369	9	5
665	437	2	3
665	548	1	10
665	675	2	5
665	982	6	10
666	33	8	9
666	305	2	10
666	399	2	5
666	443	7	10
666	639	4	2
666	768	2	10
666	893	9	10
666	953	3	2
666	996	10	9
668	217	9	5
668	257	10	1
668	265	9	4
668	380	2	7
668	952	6	3
673	1	7	10
673	272	2	5
673	275	2	3
673	326	7	9
673	489	1	3
673	654	8	1
673	813	5	9
674	1	2	9
674	126	5	8
674	216	4	3
674	275	6	7
674	390	6	8
674	432	4	3
674	623	2	1
674	748	5	1
674	838	8	9
674	895	9	1
675	42	5	1
675	76	9	4
675	226	9	5
675	423	8	1
675	439	4	3
675	441	2	3
675	484	9	7
676	137	4	5
676	162	5	2
676	692	5	9
676	883	7	1
679	67	2	7
679	148	7	4
679	309	7	4
679	577	6	1
679	740	8	2
679	764	1	7
679	834	9	6
679	895	7	5
679	951	2	7
679	978	5	4
680	277	6	2
680	703	8	3
680	878	1	4
683	162	4	7
683	199	9	3
684	337	1	4
684	415	2	5
684	790	5	10
684	924	5	4
684	943	10	7
684	980	1	10
685	29	2	7
685	376	6	4
685	380	2	6
685	412	2	5
685	469	4	7
685	491	1	7
685	516	8	9
685	588	4	10
685	675	3	2
685	724	7	1
685	757	3	8
685	953	3	6
685	996	10	8
687	306	10	7
687	310	3	10
687	350	9	2
687	351	3	6
687	424	10	3
687	461	3	6
687	484	10	5
687	494	2	9
687	591	10	7
687	628	8	9
687	932	6	8
692	214	1	4
692	534	4	8
692	601	6	1
692	659	7	2
693	25	1	4
693	42	1	6
693	58	3	4
693	95	9	2
693	106	2	7
693	174	10	6
693	197	5	1
693	226	4	8
693	258	4	3
693	260	2	8
693	278	2	5
693	289	9	6
693	290	9	3
693	357	5	1
693	376	1	3
693	415	4	10
693	461	8	9
693	631	5	7
693	749	7	8
693	790	10	6
693	835	7	2
693	852	5	3
693	930	9	2
693	932	4	5
693	968	9	8
694	916	9	1
695	106	2	7
695	380	1	8
695	404	6	2
695	813	9	6
695	983	4	10
696	326	9	6
696	616	5	7
696	717	5	1
696	891	9	1
698	8	2	9
698	36	10	9
698	45	10	2
698	380	1	5
698	594	9	5
698	917	8	10
698	967	9	6
699	36	6	3
699	63	3	1
699	197	7	6
699	198	2	1
699	205	8	6
699	257	8	5
699	357	9	5
699	376	4	6
699	390	10	8
699	415	1	3
699	548	6	4
699	573	2	4
699	589	2	10
699	590	7	6
699	603	2	1
699	630	5	6
699	631	9	3
699	731	2	9
699	786	10	6
699	815	3	2
699	852	6	9
699	882	1	8
702	54	4	5
702	74	4	1
702	103	2	5
702	263	10	9
702	299	8	7
702	314	10	3
702	320	4	7
702	511	6	3
702	588	6	9
702	754	8	10
702	769	1	5
702	890	10	7
703	95	9	4
703	317	2	6
703	415	3	7
703	506	4	5
703	528	7	8
703	537	10	2
703	827	2	9
703	878	10	4
703	890	2	3
703	891	3	10
704	76	7	8
704	197	8	1
704	260	9	5
704	363	3	9
704	390	5	3
704	506	10	3
704	631	8	9
704	912	9	3
705	74	3	7
705	350	4	2
705	424	8	4
705	598	10	5
705	798	9	2
705	850	7	6
705	894	5	4
705	923	7	8
706	245	4	1
706	636	10	4
706	764	7	8
706	769	1	5
706	771	7	1
706	894	1	6
706	917	2	4
707	10	5	8
707	217	9	3
707	483	1	10
707	511	6	4
707	594	3	9
707	883	6	10
707	918	3	6
713	192	9	3
715	176	9	8
715	209	1	10
715	534	8	7
717	19	8	7
717	95	5	8
717	433	10	8
717	661	8	5
717	757	9	7
724	223	4	2
724	231	1	8
724	279	8	1
724	281	2	8
724	351	7	9
724	363	6	4
724	570	8	4
724	573	4	10
724	597	2	8
724	605	4	3
724	623	2	10
724	699	2	6
724	727	8	5
724	767	9	6
724	784	9	1
724	883	7	4
724	892	7	3
724	989	2	3
724	996	7	5
727	33	5	4
727	77	5	6
727	258	10	2
727	268	9	5
727	282	1	6
727	305	2	3
727	401	3	1
727	414	10	5
727	590	5	6
727	612	1	6
727	623	5	3
727	625	6	3
727	654	7	3
727	815	5	4
727	880	10	2
727	895	9	6
729	42	9	8
729	179	8	3
729	350	9	3
729	631	1	7
415	517	-100	-100
415	529	-100	-100
415	541	-100	-100
415	521	-100	-100
415	484	-100	-100
415	628	-100	-100
415	927	-100	-100
415	58	-100	-100
415	779	-100	-100
415	650	-100	-100
415	930	-100	-100
415	260	-100	-100
415	751	-100	-100
415	459	-100	-100
554	612	-100	-100
554	146	-100	-100
554	597	-100	-100
554	284	-100	-100
554	892	-100	-100
554	189	-100	-100
554	308	-100	-100
554	733	-100	-100
554	959	-100	-100
554	590	-100	-100
554	588	-100	-100
554	949	-100	-100
554	724	-100	-100
554	449	-100	-100
699	60	-100	-100
699	647	-100	-100
699	54	-100	-100
699	831	-100	-100
699	665	-100	-100
699	204	-100	-100
699	410	-100	-100
693	769	-100	-100
693	205	-100	-100
693	912	-100	-100
693	841	-100	-100
693	944	-100	-100
693	39	-100	-100
693	268	-100	-100
693	275	-100	-100
693	705	-100	-100
548	765	-100	-100
548	322	-100	-100
414	809	-100	-100
724	660	-100	-100
623	443	-100	-100
526	631	-100	-100
205	583	-100	-100
111	746	-100	-100
63	523	-100	-100
137	268	-100	-100
627	429	-100	-100
95	908	-100	-100
58	818	-100	-100
192	840	-100	-100
449	392	-100	-100
665	410	-100	-100
461	478	-100	-100
217	807	-100	-100
122	392	-100	-100
784	457	-100	-100
223	71	-100	-100
289	923	-100	-100
556	446	-100	-100
273	943	-100	-100
423	698	-100	-100
523	402	-100	-100
345	103	-100	-100
872	503	-100	-100
894	364	-100	-100
932	21	-100	-100
83	229	-100	-100
840	183	-100	-100
941	146	-100	-100
338	944	-100	-100
187	327	-100	-100
183	818	-100	-100
99	637	-100	-100
751	107	-100	-100
809	713	-100	-100
531	916	-100	-100
909	72	-100	-100
600	584	-100	-100
769	643	-100	-100
968	299	-100	-100
538	759	-100	-100
765	756	-100	-100
865	957	-100	-100
964	983	-100	-100
218	185	-100	-100
777	855	-100	-100
