1 716
2 64
2 1241
2 1316
2 1490
2 1518
2 2048
2 2557
2 2717
2 3146
2 4840
2 4889
2 4891
3 616
3 927
3 1232
3 2944
4 354
4 591
4 636
4 1623
4 3237
5 922
5 4711
6 1517
6 2879
6 4868
7 1699
7 1994
7 3067
7 4286
8 113
8 588
8 1866
8 2282
8 2399
8 2813
8 3491
8 4027
8 4851
8 4901
9 1814
9 4459
10 43
10 313
10 4674
12 325
12 978
12 1247
12 1493
12 1579
12 2004
12 2068
12 2342
12 2454
12 2687
12 3059
12 3250
12 3629
12 3911
12 4050
13 3896
15 302
15 1200
15 2626
15 4757
17 130
18 2233
18 4785
19 3127
19 3964
19 4558
21 1029
22 1390
22 3779
22 4270
23 532
23 731
24 75
24 2244
24 2374
26 1438
26 1872
26 4802
27 841
27 1196
27 2399
27 4387
27 4850
28 141
28 180
28 2694
28 4155
29 1546
29 4113
30 2012
30 2647
31 3974
33 3399
33 3794
33 4911
35 768
35 2060
35 2540
35 4185
35 4904
37 184
37 420
37 945
37 1200
37 1345
37 2072
37 2192
37 2322
37 3526
37 4225
37 4354
38 181
38 2095
39 1177
39 1981
39 2412
39 2626
39 3852
39 4033
39 4200
39 4741
41 13
41 329
41 891
41 1690
41 1808
41 2028
41 3985
42 256
42 357
42 1804
42 1855
43 823
43 3225
45 429
45 1079
45 1645
45 3219
45 3430
45 4372
45 4856
46 1149
46 2486
47 35
47 1587
47 1689
47 3952
47 3990
47 4394
47 4839
47 4991
48 1514
48 2028
48 2654
48 4173
48 4523
48 4741
50 1350
50 4158
51 541
51 636
51 695
51 2488
51 3707
51 4885
52 1519
52 4126
52 4416
52 4827
53 1207
53 2297
53 2356
53 2579
53 4391
53 4855
54 4664
56 73
56 961
58 1118
58 3508
60 3527
61 3547
62 515
62 529
62 780
62 2461
62 2610
62 2660
62 3260
62 3793
64 466
64 541
64 590
64 733
64 974
64 1467
64 1532
64 1705
64 2492
64 2508
64 2669
64 3070
64 3797
64 4291
64 4364
64 4372
64 4798
65 914
65 1762
68 734
68 3023
68 4103
68 4198
69 1131
69 3315
70 442
70 2883
71 717
72 278
72 1150
72 2861
73 847
73 1678
73 3645
73 3697
73 4386
73 4532
73 4851
75 942
75 1583
75 2248
75 2789
75 2820
75 3132
76 27
76 4370
76 4460
78 612
78 1644
80 708
80 1325
81 2816
81 4742
82 134
82 633
82 1160
82 1289
82 1482
82 1682
82 2176
82 2511
82 2835
82 4235
82 4532
82 4970
83 1874
83 2972
85 1200
85 1657
85 3735
86 789
86 3322
86 4659
87 46
87 4534
87 4765
88 1014
88 1546
89 1983
89 2432
89 4841
91 465
91 857
91 995
91 2985
93 3542
93 4491
93 4676
94 2099
94 3285
95 475
96 3298
96 3712
96 3988
98 1789
99 259
99 461
99 874
100 409
100 1081
100 2312
100 2342
100 2511
100 4209
100 4532
100 4628
102 605
102 877
103 1352
103 4174
104 524
104 741
104 920
104 954
104 1539
104 2282
104 2399
104 2554
104 3526
104 4460
104 4955
105 279
105 314
105 391
105 615
105 632
105 999
105 1136
105 2104
105 2415
105 2987
105 3098
105 3958
105 3980
105 4903
106 801
106 1830
106 1974
106 2454
106 3005
106 3121
106 3180
106 3405
106 3990
106 4717
106 4797
106 4871
107 541
107 619
107 673
107 872
109 416
109 2463
109 2670
109 3794
109 4064
112 955
112 1136
112 4335
112 4532
112 4979
113 12
113 1868
113 2146
113 2866
113 3106
116 2867
117 461
117 636
117 1041
117 1719
117 1825
117 2163
117 3213
117 4929
118 1224
118 1727
119 580
119 4267
119 4897
119 4953
123 1893
125 840
125 1977
125 2692
125 3115
125 3164
125 4679
127 322
127 621
127 1514
127 2008
127 4140
128 4559
129 325
129 735
129 3097
130 4330
132 1761
132 4304
134 894
134 1273
134 2483
134 4606
135 2226
135 2398
136 636
137 199
137 372
137 534
137 762
137 868
137 900
137 967
137 1011
137 1326
137 1579
137 1861
137 1963
137 2000
137 2048
137 2205
137 2463
137 2465
137 2488
137 2666
137 2987
137 3007
137 3069
137 3677
137 3696
137 3854
137 4069
137 4140
137 4148
137 4185
137 4336
137 4570
137 4618
137 4840
137 4841
137 4955
138 41
138 917
138 2986
138 3130
138 3241
138 3303
138 3919
138 4354
138 4822
138 4998
139 907
139 1692
139 2268
139 2483
139 3828
139 4069
139 4239
141 149
141 1295
141 1309
141 1467
141 1468
141 1721
141 1862
141 2199
141 2211
141 2611
141 2866
141 3005
141 3290
141 3349
141 3869
141 4001
141 4081
142 243
142 2242
142 4034
144 1197
144 3108
144 3258
144 3696
145 3235
146 1693
147 1224
147 1419
147 2816
147 4924
148 169
148 2234
148 3223
148 3274
148 4048
148 4106
149 243
149 588
149 694
149 776
149 997
149 1071
149 1464
149 1956
149 2932
149 2976
149 3738
149 4010
149 4381
150 420
150 1012
150 1461
150 1591
150 1787
150 2191
150 2350
150 2622
150 2666
150 3904
150 4736
151 1272
151 3193
151 4023
151 4038
152 784
153 314
153 1741
153 1790
153 2675
153 2682
153 3467
153 4492
154 3894
155 455
155 612
155 1976
155 4563
156 1516
156 1678
156 2159
156 3450
156 4128
159 4973
160 3936
160 4419
162 44
162 2603
163 3470
164 1431
164 3087
164 4496
165 845
165 3113
165 4489
165 4725
166 857
166 991
166 1368
166 1962
166 2495
166 2504
167 1295
167 1339
167 1645
167 4665
169 202
169 865
169 1816
170 352
170 590
170 3757
171 4989
174 1714
176 982
176 2657
176 3627
178 147
178 148
178 652
178 955
178 1084
178 1122
178 1593
178 1754
178 2093
178 2345
178 3296
178 3787
178 4098
178 4544
178 4739
179 2425
179 3664
180 1912
183 714
183 3530
184 1318
184 1514
184 1964
184 2267
185 1529
185 4347
186 1754
187 3727
187 4087
188 176
188 307
188 321
188 706
188 1006
188 1302
188 2069
188 2939
188 3005
188 4408
188 4498
188 4714
188 4890
191 187
191 429
191 1536
191 1998
191 2715
191 3410
191 4765
192 1431
192 3325
192 3419
192 4120
192 4634
193 2909
193 4693
194 1470
194 2011
195 1251
196 1265
196 1366
196 2778
197 362
197 2271
197 3063
197 3606
197 4707
198 2697
198 3995
198 4062
198 4242
199 301
199 1019
199 2777
199 3691
199 4739
201 2168
201 2488
202 1390
202 1531
202 1891
202 2585
202 2752
202 3567
203 784
203 1483
203 2484
206 2518
207 1533
207 2459
207 2998
207 3733
207 4048
208 1608
208 2210
208 2887
208 3106
208 3315
208 4560
209 2681
209 2871
209 2953
209 2986
209 3001
210 967
210 1836
210 2603
210 3641
211 350
211 1337
211 4239
211 4286
211 4380
211 4757
212 3606
212 3961
213 1523
213 3684
214 1177
214 1934
214 2710
214 3897
215 4874
217 1122
217 1714
217 2578
217 3296
217 4551
218 3540
219 2295
219 2616
219 3074
219 3312
219 4757
220 539
220 864
220 1566
222 353
222 2610
223 2199
224 1648
224 4203
224 4317
228 1134
228 2271
228 3764
229 195
229 207
229 1074
229 3022
229 3152
230 1632
230 4087
230 4551
231 179
231 2225
233 3322
233 3852
233 4879
235 1097
235 1375
235 2418
235 4435
235 4648
236 68
236 188
236 471
236 955
236 1005
236 1431
236 1456
236 1511
236 1574
236 2229
236 3322
236 3500
236 3643
236 3873
237 4353
241 2228
242 2315
243 721
243 729
243 914
243 3138
243 3450
243 4841
244 137
244 219
244 1352
244 1393
244 1561
244 1597
244 1923
244 2104
244 2916
244 3467
244 3609
244 4699
246 3546
247 2937
247 3658
247 3759
247 4628
248 256
248 3053
248 3545
249 1822
249 3656
249 4705
250 659
250 741
250 1324
250 2170
250 2209
250 2342
250 2797
250 3158
250 4309
251 26
251 4725
252 4107
253 1002
253 2003
255 446
255 1045
255 4371
256 1483
257 836
257 1380
257 1533
259 2285
260 302
260 1860
260 1995
262 29
262 450
262 1807
263 488
263 3069
263 3123
263 3458
263 4605
263 4728
264 877
264 1383
264 1724
264 2355
264 3598
264 3873
265 1130
265 2532
265 2789
265 4357
266 1036
267 255
267 1674
270 1542
270 2048
270 3016
270 4783
271 191
271 1273
271 1939
271 2064
271 3044
271 4376
271 4392
271 4580
272 1983
272 4826
273 1031
273 1484
273 4911
274 465
274 1135
274 1508
274 4237
276 652
276 3834
278 682
279 256
279 1841
279 2508
280 469
282 1295
282 3258
282 4978
284 4364
284 4508
285 3544
285 4685
285 4775
285 4777
287 759
287 1561
287 1720
287 2060
287 2832
287 4866
291 3226
292 535
292 1225
292 3921
293 1685
294 920
294 2743
294 4962
295 2800
295 2803
295 4277
297 1593
297 1994
297 2165
297 4145
301 584
301 1118
301 4749
302 372
302 733
302 1006
302 1084
302 1531
302 1659
302 1904
302 1905
302 2296
302 2344
302 2655
302 3744
302 3822
302 4483
302 4850
302 4979
304 1275
304 1550
304 4042
304 4581
305 2778
307 1892
307 2653
307 4465
309 1195
310 117
310 831
310 1268
310 1434
310 2325
310 2350
310 2523
310 3069
310 3509
310 3595
310 4475
310 4682
310 4726
312 169
312 430
312 1136
312 2474
312 3859
312 4617
312 4904
313 3105
314 719
314 2377
314 3070
314 3592
314 3715
314 3718
314 4004
314 4120
314 4691
314 4757
314 4879
315 1444
315 4981
316 338
316 2150
317 1816
317 2717
317 4100
317 4429
320 54
320 1083
320 3406
321 392
321 3146
321 4771
322 225
322 2381
324 1241
324 4118
325 488
325 752
325 1727
325 2053
325 2161
325 3787
326 691
326 2066
326 2621
328 1074
328 1967
329 2099
329 3605
329 3862
330 4384
331 466
331 1480
331 1536
331 1763
331 2715
333 4717
334 4673
335 519
335 3486
335 3661
335 4903
336 578
336 748
336 827
336 2048
336 2307
336 2476
336 2657
336 3317
336 4242
336 4980
338 88
338 260
338 409
338 2912
338 3119
338 3462
338 3680
338 4408
339 2885
340 1180
340 2641
341 1081
341 2710
342 1950
342 2055
342 2069
342 3728
342 3993
343 41
343 2638
343 2980
343 3591
343 3869
344 1583
344 2390
344 2569
344 2714
344 4129
344 4218
344 4721
346 149
346 312
346 564
346 955
346 1241
346 2152
346 2412
346 3470
346 4235
349 826
349 4610
350 117
350 141
350 399
350 740
350 2000
350 2324
350 2456
350 3070
350 3289
350 3718
350 4010
350 4060
350 4247
350 4378
353 2918
353 3307
353 3521
353 3738
353 4392
353 4444
353 4892
354 134
354 566
354 1029
354 1295
354 2152
354 2918
354 3791
354 4570
357 820
357 4502
357 4713
358 593
358 609
358 2402
358 2454
358 2488
358 2640
358 2681
358 2791
358 3865
358 4546
358 4745
358 4775
358 4893
358 4955
360 2591
360 3856
361 1994
361 2221
361 3103
361 3544
362 242
362 2971
362 3064
363 280
363 1100
363 1286
363 2671
363 3120
363 4133
363 4929
365 1244
365 3188
365 4354
366 997
366 1203
366 1474
367 1100
367 2155
367 4364
369 2023
369 4063
370 109
370 1118
370 2594
370 3201
372 1393
372 3837
372 4901
375 1817
376 1025
376 3944
379 4253
380 2033
380 3256
380 4232
380 4634
380 4663
381 715
381 2220
381 4195
382 1474
382 2374
383 416
383 1779
387 1346
387 2994
387 4358
389 3495
389 4960
391 93
391 486
391 691
391 740
391 920
391 1340
391 1989
391 3735
391 4000
392 1670
393 1006
393 1701
398 314
398 477
398 566
398 823
398 955
398 1114
398 2034
398 2415
398 2733
398 3308
398 3540
398 3595
398 3677
398 4959
399 209
399 1190
399 3012
399 4736
400 3844
404 2496
404 3132
404 4542
405 2352
405 2443
405 4593
406 1737
407 651
407 690
407 2739
407 2842
408 1604
408 1763
408 1896
408 4398
409 429
409 476
409 551
409 980
409 1579
409 1948
409 3013
409 3329
409 3615
409 3873
409 4042
409 4103
409 4671
409 4956
410 271
410 1110
412 2972
414 565
414 2460
416 1045
416 1084
416 2481
416 2572
416 2875
416 2893
416 3337
416 4064
416 4172
416 4371
419 2568
419 3316
420 325
420 1531
420 1963
420 2499
420 3494
420 3579
420 3692
420 3895
423 1640
423 3791
424 818
424 1207
424 3349
424 4596
425 1622
425 2191
425 3677
426 2412
426 3527
427 1643
428 147
428 461
428 669
428 2265
428 2352
428 4648
428 4798
429 310
429 324
429 420
429 3462
429 3749
429 3793
429 3852
429 4421
429 4840
431 2706
432 3365
432 4371
434 1719
434 2099
434 3270
434 3302
434 4177
435 4953
438 19
438 1060
438 1412
439 362
439 4375
441 3950
441 4558
442 962
442 1403
442 2669
442 2805
443 637
443 4039
444 358
444 2752
444 4971
445 999
446 2310
446 4188
447 504
448 1026
448 1380
448 2192
448 3365
448 3918
450 2282
450 2858
450 2996
450 3213
450 3327
450 3454
450 4362
450 4984
453 2242
453 2541
453 3456
453 4047
455 398
455 2095
455 2377
455 2391
455 2461
455 4763
455 4875
456 636
456 3054
457 4133
457 4260
457 4950
458 197
458 1745
458 1891
458 1893
458 2026
458 2805
458 2847
458 2875
458 3131
458 3496
458 3720
460 141
460 1275
460 1975
460 2950
460 3568
460 3696
460 4042
460 4504
460 4880
461 353
461 456
461 1898
461 3586
461 3709
463 96
463 1883
463 1973
464 310
464 1596
465 2103
465 3858
465 4062
466 2465
466 2855
466 3198
466 3889
466 3980
468 903
468 4570
469 41
469 926
469 3237
469 4381
470 1135
471 2
471 877
471 1012
471 1084
471 1997
471 2387
471 2393
471 2432
471 2892
471 3990
471 4225
471 4809
473 4749
473 4929
475 4449
476 198
476 4378
476 4489
476 4588
477 1398
477 1443
477 1619
477 1656
477 2314
477 4732
479 508
479 1068
479 1578
480 1829
481 1217
482 184
482 543
482 4190
482 4911
484 2989
484 3751
485 12
485 14
485 2395
486 2103
486 2981
486 3256
487 2997
488 639
489 3099
489 4723
490 1314
491 196
491 398
491 1659
491 2104
491 3463
491 4703
492 1054
493 1193
494 2649
494 2813
494 4129
494 4268
494 4378
494 4819
495 1347
495 2241
495 3088
495 4693
495 4694
496 547
496 601
496 2492
496 2684
497 426
497 2060
497 2697
497 2866
497 3379
497 4106
500 1383
500 3980
504 207
504 441
504 2170
504 2587
504 3606
504 4741
505 152
505 776
505 823
505 889
505 1676
505 3395
505 3877
506 2950
507 456
507 1776
507 4380
508 1075
508 4143
508 4408
509 567
509 1522
509 2151
509 2461
509 3509
509 4645
510 2803
511 2023
512 1911
512 2874
512 3963
514 154
514 598
514 1256
514 1600
514 1655
514 3019
514 3079
514 3894
514 4723
515 891
515 4781
516 1479
516 1517
516 2029
517 2629
518 2523
519 157
519 677
519 1457
520 353
520 736
520 817
520 1241
521 1008
521 4874
523 383
523 4281
523 4929
524 482
524 3558
524 4378
524 4729
524 4995
525 372
525 2051
525 2569
525 2637
525 3798
526 1390
526 3733
526 4214
527 1870
528 3500
528 3885
529 428
529 2768
529 2872
530 1173
530 3539
531 4488
532 469
532 2329
532 2889
532 3111
532 3189
532 3512
534 219
534 1345
534 1523
534 1656
534 2296
534 2726
534 3491
534 4069
534 4618
535 191
535 2213
535 3895
535 4017
536 1204
536 1937
536 2212
536 4696
538 94
538 691
538 807
538 967
538 1199
538 1328
538 1685
538 2138
538 2228
538 2242
538 2417
538 2868
538 3134
538 3399
539 471
539 781
539 849
539 1170
539 1732
539 3064
539 3667
539 3879
539 4120
539 4723
539 4884
540 1940
540 4224
540 4517
541 12
541 362
541 612
541 650
541 1244
541 1467
541 4893
542 3144
542 4802
543 1340
543 1804
543 1852
543 2629
543 2743
544 2071
544 4149
546 759
547 1585
547 2738
547 2844
547 4188
548 540
549 3667
549 4937
550 1679
550 1895
551 1468
551 3190
551 3604
553 748
553 2486
553 4738
554 2569
555 2193
555 2311
555 3491
556 2975
557 2994
557 4261
557 4483
561 2975
561 4758
562 409
562 522
562 3045
562 3337
562 4318
563 2506
563 3918
564 338
564 1122
564 1319
564 1888
564 2542
564 3121
564 3123
564 3574
564 4523
565 2378
565 4273
566 340
566 2048
566 2103
566 3635
566 3749
567 1276
567 1468
567 1967
567 3300
569 980
569 2196
569 4019
570 85
570 1268
570 2048
570 2743
570 3092
570 3715
570 4610
570 4830
570 4931
571 748
571 888
571 1200
571 2728
571 3049
571 4408
571 4692
575 1532
575 3768
575 4173
576 3625
576 4572
580 353
580 621
580 1548
580 2353
580 4035
580 4787
580 4969
581 112
581 354
584 1263
584 3563
584 4648
585 3539
588 802
588 1593
588 2623
588 3130
588 3599
590 639
590 4470
590 4973
591 128
591 1105
591 2099
591 4048
593 1001
598 755
599 43
599 802
599 2464
599 3509
599 4030
601 484
601 1360
601 1994
601 2022
601 3264
601 3494
601 3651
601 3676
601 3814
601 4665
602 2692
605 140
605 590
605 717
605 795
605 1372
605 2412
605 2523
605 2813
605 3033
605 3164
605 3486
605 3656
607 1536
607 1943
607 4300
609 282
609 482
609 721
609 920
609 1862
609 2912
609 3311
609 3707
609 4970
610 614
610 3097
611 233
611 1934
611 3516
611 4291
611 4392
611 4505
611 4603
612 2068
612 2202
612 4774
614 1835
614 1976
614 2711
614 3769
614 3945
614 4304
614 4714
615 1273
615 1869
615 3029
615 3643
615 4707
616 1632
617 2081
617 4004
618 37
618 668
618 2228
618 4371
618 4931
619 2880
619 3606
620 6
620 3144
621 1139
621 2439
623 434
623 1310
623 2522
623 2571
623 4544
623 4741
624 2522
624 2584
624 4053
627 2457
627 3455
629 458
629 681
629 3678
629 4082
630 2907
631 599
631 1597
631 2063
631 2261
631 2390
631 3164
631 3537
632 1214
632 1539
632 2547
632 4200
632 4234
632 4636
633 611
633 3423
634 440
636 95
636 345
636 372
636 1514
636 2412
636 2912
636 3333
636 3379
636 3771
636 4943
637 773
637 861
637 1360
638 1152
638 3492
639 2672
639 3707
639 3718
643 4372
646 3236
646 4136
647 147
647 409
647 428
647 3336
647 4066
647 4839
648 2240
649 530
650 44
650 624
650 1495
650 3635
650 4126
650 4195
650 4588
651 1535
651 1828
651 2164
651 4718
651 4985
652 571
652 1701
652 1923
652 2113
652 2627
652 2715
652 3559
652 4946
655 1519
655 4082
655 4641
656 2660
656 2809
659 1048
659 2421
659 2457
659 2882
659 4021
659 4588
659 4736
659 4889
661 2013
661 3524
662 823
662 1019
662 1289
662 1831
662 4607
663 955
663 1628
663 1830
664 4246
665 1379
665 1824
665 2124
665 4858
666 4888
667 4741
668 3181
669 148
669 2059
669 3317
669 3336
669 4145
669 4748
670 484
670 1929
670 3019
672 703
672 1012
672 1609
672 1676
672 1811
672 2423
673 602
673 1107
673 2686
673 3697
673 4185
673 4904
675 263
675 350
675 1367
675 3289
676 36
676 2381
676 2399
676 2946
677 4651
679 312
679 1122
679 4260
679 4628
680 2093
680 2728
680 4286
681 336
682 377
682 523
687 3594
687 4080
689 141
689 830
689 1108
689 1590
689 1699
689 2138
689 4336
689 4672
690 1795
690 3586
690 4453
691 509
691 1131
691 1183
691 2314
691 2354
691 3007
691 3336
691 3379
691 4589
691 4948
692 542
693 169
693 728
693 2159
693 2597
694 137
694 369
694 1326
694 2423
694 3494
694 3537
695 148
695 519
695 561
695 2192
695 2758
698 2540
698 4063
698 4349
699 409
699 2108
699 2112
699 2866
699 2919
700 1271
700 2657
700 2860
700 2979
700 3413
700 4334
702 2440
703 920
703 1762
703 1947
703 2645
703 3421
703 3945
704 576
704 1255
704 2758
704 2919
704 4774
705 2048
705 2461
705 4490
706 1130
706 2163
706 3585
708 3722
708 3898
709 2031
709 4276
709 4611
712 944
712 2008
712 2763
712 2986
712 3609
712 4300
712 4416
713 98
713 211
713 571
713 812
713 3931
713 4070
715 1746
717 917
717 1613
717 2666
718 3740
719 4
719 2201
719 2710
719 3762
721 1307
721 1684
721 1974
723 2191
723 2220
723 4106
723 4606
723 4758
723 4961
725 652
725 2527
725 4966
726 312
726 3948
727 904
727 3636
727 4551
728 2298
728 3072
728 3332
729 1036
729 1722
729 1929
729 2048
729 2428
729 3033
729 3084
730 1214
730 1440
730 2279
731 57
731 3012
732 942
732 2528
733 1554
733 1615
733 2215
733 2751
734 64
734 461
734 706
734 1818
734 3821
735 557
735 795
735 1518
735 2835
735 4152
735 4287
735 4558
736 1860
736 3542
736 4802
737 3641
738 152
738 1222
738 1753
738 3962
740 1031
740 1646
740 1843
740 2415
740 2465
740 3863
740 4376
741 125
741 633
741 856
741 955
741 1519
741 1642
741 2629
741 3080
741 3405
741 3912
741 4312
741 4348
741 4828
741 4891
742 657
742 978
742 2825
742 3289
742 3893
742 4150
743 372
743 444
743 899
743 1193
743 1585
743 2314
743 2861
743 3005
743 4363
743 4462
744 520
744 2968
745 173
745 2146
747 762
747 980
747 1338
747 1902
747 2758
747 3599
747 4408
747 4692
748 538
748 1360
748 1438
748 1713
748 2283
748 2410
748 2622
748 4846
749 872
749 3054
749 4840
751 932
751 965
752 1321
752 2463
753 3667
755 210
755 729
755 1004
755 1564
755 1646
755 2048
755 2750
755 3048
755 3049
755 4502
755 4694
755 4741
757 569
757 4298
757 4956
758 872
759 521
759 2117
762 2492
762 3088
762 3942
762 4124
764 4497
765 414
765 3257
766 958
766 1595
767 2403
767 2729
767 2821
767 3369
767 4989
768 1305
768 2454
768 2792
768 3192
768 3990
768 4691
768 4714
772 391
772 551
772 1003
772 1660
776 966
776 1321
776 1494
776 2393
776 2670
776 3966
776 4606
777 662
777 2353
780 1390
780 3830
780 4039
780 4448
780 4677
781 342
781 656
781 884
781 2667
781 3185
781 3644
783 1628
783 4737
784 939
784 1611
784 4069
784 4392
784 4931
785 1975
785 2229
785 4482
786 405
786 2172
787 4536
788 1800
788 3456
789 2474
790 3126
794 458
794 2026
794 3332
794 3421
794 4992
795 945
795 1203
795 1666
795 2193
795 2500
795 4045
795 4098
795 4304
798 312
798 2081
798 3202
799 3485
799 3643
800 1140
800 2139
800 2943
800 4429
801 3979
801 4381
802 329
802 3112
802 3987
802 4185
802 4414
803 2192
803 3500
804 1635
804 3055
805 2458
806 1679
806 2069
806 2311
806 2556
806 3254
806 3455
807 107
807 375
807 541
807 1489
807 3427
807 3611
807 4179
807 4980
808 2490
810 82
810 2104
812 1853
812 3257
812 3494
813 137
813 297
813 453
813 1472
813 1657
813 1961
813 2886
813 3569
813 4113
813 4498
814 836
814 3068
814 4309
816 3500
816 3533
816 4859
817 12
817 237
817 936
817 945
817 1365
817 1834
817 4316
817 4825
817 4840
818 1561
818 1702
818 2113
818 2200
819 1427
819 1947
819 2069
820 14
820 1974
820 2611
820 2875
820 4177
820 4214
821 4234
822 889
822 1197
822 1403
822 1575
822 2550
822 3848
823 689
823 2000
823 2391
823 2998
823 3095
823 3561
823 3795
823 4376
826 2397
826 4262
827 2180
827 4019
827 4038
829 652
829 1084
829 1597
830 424
830 1118
831 4971
833 926
833 2048
833 2324
833 2882
833 3112
834 2095
834 2238
834 3119
834 3792
834 4666
835 2156
835 2344
835 2377
835 2727
835 2787
835 3149
835 3556
835 3613
835 3979
835 4162
835 4723
835 4979
836 920
836 1079
836 3506
836 3591
836 4547
836 4897
837 244
837 253
837 541
837 1097
837 1508
837 1612
837 1770
837 2188
837 2647
837 4050
837 4517
837 4610
837 5000
838 2545
838 4170
838 4540
839 15
839 719
839 1699
839 1763
839 2391
839 2751
839 2818
839 2826
839 2882
839 3084
839 3951
839 4520
839 4707
839 4889
840 1076
840 2255
840 4453
840 4957
841 1013
841 1083
842 1832
842 3631
843 997
843 1228
843 1519
843 3586
844 741
844 1738
844 2430
844 2897
844 4102
844 4219
844 4517
845 195
845 501
845 4242
846 46
846 2111
846 3587
847 210
847 3156
849 321
849 2048
849 2882
849 4694
849 4980
851 2944
851 3090
851 3595
851 4183
853 1478
853 1738
853 3940
853 4342
854 2217
854 3003
854 4271
856 2021
856 3367
856 4347
856 4553
857 682
857 2243
857 2821
859 1301
860 93
860 3058
862 2549
862 2803
862 3598
863 2505
863 2953
863 3044
863 4278
864 1003
864 3623
865 904
865 1474
867 410
867 1864
867 2388
868 2897
868 4425
871 106
871 474
871 2936
871 4298
871 4681
872 104
872 357
872 2250
872 2769
872 3392
872 4124
873 159
873 211
873 652
873 2268
873 2462
873 3069
873 3163
873 4158
873 4287
874 1809
874 2885
874 3073
875 873
875 3293
876 1495
876 3631
877 538
877 1457
877 1860
877 2164
877 2355
877 3836
877 4083
877 4295
877 4672
877 4739
881 3786
882 479
882 2556
883 185
883 2391
883 2694
883 3103
884 25
884 580
884 1345
884 2099
884 4097
886 2346
886 2597
886 4336
887 156
887 309
887 1950
887 2021
888 2412
888 2577
888 2626
888 2732
888 4931
888 4971
889 343
889 2266
889 3621
889 4435
889 4557
891 64
891 134
891 1059
891 1524
891 1719
891 2176
891 2412
891 2644
891 2911
891 3193
891 4242
891 4496
893 188
893 302
893 901
893 1274
893 1383
893 1612
893 2374
893 3266
893 4007
893 4024
893 4709
894 1076
894 4980
896 1178
896 1632
896 2554
896 4660
897 248
899 399
899 646
899 1080
899 1159
899 1801
899 2992
899 3912
900 1476
900 1757
900 2037
900 3633
900 4176
901 4917
903 314
903 398
903 719
903 971
903 1436
903 2318
903 2640
903 2666
903 3579
903 3737
903 4133
904 3023
905 1622
905 3494
905 3778
905 4386
906 2407
906 2790
906 2919
907 15
910 2088
910 2396
912 482
912 1019
912 3455
914 1627
914 3965
915 986
915 2123
915 2715
915 3575
916 169
916 315
916 991
916 2175
916 3430
916 4354
916 4385
917 19
917 137
917 391
917 434
917 798
917 955
917 1273
917 1289
917 1659
917 2052
917 2167
917 2454
917 3667
917 4241
917 4385
917 4836
917 4870
919 1864
919 4955
920 776
920 1590
920 2060
920 2120
920 2222
920 3270
920 4354
920 4635
922 2987
922 4996
923 4158
924 1682
924 3099
924 4287
926 519
926 811
926 906
926 1253
926 1365
926 2269
926 3359
926 4173
926 4344
926 4563
927 3630
929 1960
929 4228
936 4284
937 294
937 1233
938 682
938 1516
938 3103
938 3852
938 4381
939 1141
939 2694
939 4409
940 2728
940 4907
942 3084
942 3815
943 1996
943 2158
943 2194
943 4159
944 491
945 219
945 927
945 1218
945 1645
945 1690
945 1874
945 2222
945 2932
945 3631
945 4027
945 4198
945 4209
945 4408
946 29
946 239
946 1012
946 1252
946 1942
946 2527
946 2692
946 2866
946 4042
949 1039
949 2227
949 3057
949 4467
950 1097
950 3677
950 4728
951 1457
951 1961
951 2034
951 2068
951 2111
951 2916
952 2579
952 2758
952 3979
952 4064
953 96
953 1201
953 1552
953 4791
954 149
954 321
954 342
954 491
954 835
954 1001
954 1591
954 2706
954 2866
954 3738
954 4400
955 609
955 903
955 1208
955 1383
955 1592
955 1929
955 1968
955 2129
955 2131
955 2226
955 2399
955 2969
955 3045
955 3182
955 3270
955 3430
955 3595
955 3854
955 4137
955 4258
955 4763
955 4992
956 1314
956 1801
956 2553
956 3707
956 3969
956 4773
957 803
957 4638
958 1930
958 4131
959 2888
959 3587
959 3735
960 1518
960 2455
960 3555
961 122
961 1026
961 1532
962 105
962 476
962 813
962 857
962 1761
962 2161
962 2880
962 3046
962 3508
962 3540
962 4106
962 4532
964 496
964 1948
964 3260
965 461
965 1515
965 4828
966 694
966 745
966 765
966 1295
966 1313
966 1486
966 4847
967 345
967 391
967 601
967 891
967 955
967 1100
967 1247
967 1699
967 2318
967 2428
967 3045
967 3149
967 3164
967 3430
967 3718
967 4113
967 4786
968 920
968 2159
968 2611
968 3085
969 575
969 3004
970 2572
970 4309
971 192
971 561
971 3990
972 3184
972 4109
973 933
973 2140
973 3220
973 3467
973 4488
973 4710
974 856
974 1476
974 3534
974 3852
974 4027
975 4222
975 4367
978 3521
980 134
980 496
980 1200
981 382
981 1347
981 2003
981 3779
982 4983
983 2378
983 2501
983 2556
984 279
984 314
984 520
984 749
984 835
984 893
984 2416
984 3069
984 4045
985 3498
985 3703
985 4340
986 2062
987 991
987 1902
987 3182
987 3215
987 3748
987 4451
990 458
990 3722
991 1754
991 1766
991 1981
993 331
993 372
993 631
996 863
996 1241
996 1456
996 2460
997 1753
997 2711
997 4237
998 922
999 3213
1000 287
1000 733
1000 1501
1000 1924
1000 2053
1000 4519
1001 264
1001 1210
1001 2488
1001 4413
1001 4588
1002 514
1002 2027
1002 3409
1003 31
1003 1525
1004 3630
1004 3843
1005 2039
1005 2302
1005 2352
1005 3518
1005 4023
1006 416
1006 836
1006 1321
1006 2242
1006 2476
1006 2654
1006 3220
1006 3718
1008 2477
1010 1653
1010 1816
1010 3749
1011 966
1011 3226
1011 3520
1011 3758
1011 4063
1012 391
1012 497
1012 536
1012 1295
1012 2194
1012 2391
1012 3423
1012 3431
1012 3718
1012 4247
1012 4769
1013 2113
1013 4568
1014 4424
1015 345
1015 507
1015 1501
1015 1568
1015 2564
1017 789
1017 965
1017 1073
1017 1415
1017 3405
1017 3850
1017 4663
1019 719
1019 1750
1019 1995
1019 2180
1019 2433
1019 2603
1019 3912
1019 4793
1019 4840
1020 599
1020 748
1020 821
1020 1763
1020 2302
1020 2425
1020 2676
1020 3005
1020 3045
1020 3470
1020 3792
1020 4162
1022 4304
1022 4783
1023 179
1023 1538
1023 2181
1023 2410
1023 4798
1024 62
1024 1682
1024 3059
1024 3491
1026 2199
1026 4398
1027 843
1028 1689
1028 2691
1028 4150
1028 4210
1029 202
1029 246
1029 350
1029 783
1029 1934
1029 3749
1029 3758
1030 2163
1031 117
1031 141
1031 196
1031 479
1031 605
1031 955
1031 962
1031 998
1031 1063
1031 1438
1031 2581
1031 2669
1031 2758
1031 3076
1031 3124
1031 3486
1031 3674
1031 3854
1031 4371
1031 4579
1031 4741
1032 2008
1034 4375
1035 702
1036 1784
1036 2291
1036 3164
1037 3727
1038 2353
1038 3123
1038 3718
1038 4606
1038 4985
1039 951
1039 1553
1039 3264
1039 3320
1040 354
1040 2000
1040 2637
1040 3194
1041 72
1041 228
1042 3035
1042 3848
1044 1919
1044 4523
1045 2023
1045 2177
1045 2805
1046 219
1046 1307
1046 3086
1046 3775
1046 4960
1048 2111
1048 2657
1048 3329
1050 1524
1050 3072
1051 1317
1051 3678
1052 400
1052 1121
1052 1531
1052 2440
1052 2726
1052 3458
1054 2791
1055 2639
1056 106
1056 202
1056 528
1056 946
1056 1443
1056 1590
1056 1912
1056 2381
1056 3427
1056 4840
1059 285
1059 1084
1059 1218
1059 1335
1059 1653
1059 2188
1059 2261
1059 3656
1059 4253
1059 4312
1059 4929
1060 759
1060 1138
1062 181
1062 1347
1062 1491
1062 1549
1062 3172
1062 4000
1063 2203
1066 2578
1066 3201
1066 4098
1067 699
1067 1565
1067 3678
1068 505
1068 1005
1068 1107
1068 2715
1068 2911
1068 3157
1068 3428
1068 3653
1068 4955
1069 1268
1069 2790
1069 4433
1069 4745
1070 954
1070 1045
1070 2455
1070 2534
1070 2639
1071 1553
1071 2814
1071 3465
1072 3512
1073 2118
1073 2189
1073 2391
1073 4219
1073 4473
1074 1769
1074 3392
1075 2037
1076 1092
1076 2534
1078 3819
1079 2188
1079 2633
1079 2992
1079 3016
1079 3250
1080 3465
1080 4242
1081 1177
1081 1293
1083 344
1083 736
1083 1162
1083 2062
1083 2488
1083 4336
1084 141
1084 962
1084 2428
1084 3098
1084 3430
1084 3677
1084 3691
1084 3824
1084 4242
1084 4813
1084 4931
1086 3597
1086 4144
1086 4563
1087 446
1087 566
1087 1335
1087 1393
1087 2322
1087 2429
1087 2657
1087 2697
1087 4343
1087 4505
1089 2632
1089 2787
1089 3066
1092 1887
1092 2815
1092 4885
1094 4610
1097 1484
1097 1830
1097 2052
1097 2322
1097 2648
1097 3269
1097 4991
1100 69
1100 946
1100 1336
1100 1422
1100 1860
1100 2198
1100 2226
1100 4042
1101 967
1101 1510
1101 1820
1101 3516
1101 4238
1101 4535
1101 4841
1102 3950
1103 508
1103 1056
1103 2514
1103 3584
1103 4286
1105 1642
1107 322
1107 1929
1107 2018
1107 3667
1108 1174
1108 1398
1108 1754
1108 2522
1108 3494
1108 3863
1108 3980
1110 1069
1110 2506
1110 2527
1110 2897
1110 3144
1110 4082
1110 4223
1112 8
1112 1328
1112 1548
1112 2054
1112 2578
1112 4900
1113 2650
1113 2906
1113 3472
1114 2399
1114 2425
1114 2775
1114 2882
1114 3007
1114 3112
1114 3561
1114 4339
1114 4593
1114 4707
1114 4793
1116 315
1116 1662
1116 3399
1117 691
1117 3108
1117 3123
1118 4839
1119 248
1121 1348
1121 1844
1121 4694
1122 230
1122 271
1122 954
1122 1084
1122 1100
1122 2379
1122 2527
1122 4027
1123 39
1123 2988
1124 3134
1124 4614
1125 4651
1126 1456
1127 2250
1127 4084
1127 4488
1128 4641
1130 1613
1130 1870
1130 1919
1130 2352
1130 3912
1130 3974
1130 4940
1131 2200
1131 3268
1132 1947
1132 1988
1132 2136
1133 1159
1133 2560
1133 3491
1134 706
1134 1669
1134 2312
1134 3144
1135 2310
1135 2725
1135 3445
1135 3668
1135 4321
1136 104
1136 199
1136 530
1136 813
1136 1701
1136 3207
1136 3843
1136 4129
1136 4145
1136 4295
1136 4836
1137 1097
1139 197
1139 1974
1139 2059
1139 2124
1139 3652
1139 4177
1139 4292
1139 4721
1139 4798
1141 1513
1141 2072
1141 3961
1143 104
1143 1561
1143 2373
1144 479
1144 3867
1147 287
1147 2500
1147 3242
1148 1826
1148 2640
1148 2666
1149 28
1149 2511
1150 1914
1150 2320
1150 3294
1150 4563
1152 1019
1152 1622
1152 2829
1153 3157
1154 1776
1155 1453
1155 2039
1155 4042
1156 1758
1156 2268
1156 2342
1157 4189
1157 4225
1158 964
1159 156
1159 1795
1159 1897
1159 2684
1159 3009
1159 3826
1160 393
1162 320
1162 4488
1163 76
1164 811
1164 1514
1164 2749
1165 184
1165 1189
1165 1244
1165 3069
1165 3336
1165 4156
1166 4996
1168 1339
1168 2201
1169 412
1169 3388
1171 1225
1171 2548
1171 4433
1173 4958
1174 1558
1174 1580
1174 1622
1174 1850
1174 2400
1174 3754
1174 4758
1174 4760
1176 2553
1176 2689
1176 4731
1177 903
1177 972
1177 1741
1177 2354
1177 2775
1177 3220
1177 3430
1177 4114
1178 2006
1179 1948
1179 4775
1180 322
1180 1887
1181 276
1181 2475
1181 3198
1181 3984
1181 4846
1183 767
1183 1532
1183 2378
1183 2730
1183 2983
1183 3112
1183 3676
1183 4045
1183 4084
1183 4392
1183 4973
1184 320
1184 3166
1185 1454
1185 1632
1187 1720
1187 2850
1188 3802
1189 1246
1189 1365
1189 3541
1189 4363
1190 367
1190 1657
1190 2465
1190 3429
1190 3966
1190 4841
1192 773
1192 942
1193 33
1193 140
1193 2415
1193 2640
1193 4021
1193 4890
1193 4894
1195 2350
1197 736
1197 2305
1197 4750
1199 1708
1199 2371
1199 4364
1200 338
1200 553
1200 1763
1200 1896
1200 1974
1200 2085
1200 2739
1200 3980
1200 4802
1200 4861
1201 479
1201 689
1201 1492
1201 2120
1201 2296
1201 2484
1201 3017
1201 3034
1201 3124
1201 3192
1201 3270
1201 4672
1201 4692
1203 405
1203 515
1203 959
1203 1438
1203 2191
1203 4155
1203 4562
1204 321
1204 547
1204 1671
1204 4128
1204 4427
1206 1259
1206 2875
1206 3124
1207 1114
1207 1152
1207 3488
1208 581
1208 1012
1208 2309
1208 3676
1208 4281
1208 4798
1209 1488
1209 2381
1209 3068
1209 4291
1209 4611
1209 4998
1210 1850
1210 3120
1211 2099
1211 2437
1211 2685
1211 2692
1211 3005
1211 4248
1211 4400
1215 104
1215 137
1215 655
1215 967
1215 1045
1215 1837
1215 2049
1215 2515
1215 2863
1215 3060
1215 3337
1215 3430
1216 2022
1217 1504
1217 1516
1217 1701
1217 4579
1218 198
1218 509
1218 755
1218 1312
1218 1974
1218 2099
1218 2105
1218 2262
1218 2440
1218 2502
1218 3656
1218 4728
1218 4904
1221 581
1221 747
1221 2000
1221 2262
1221 2464
1221 2813
1221 3097
1221 3100
1221 4223
1222 819
1222 1224
1222 2486
1222 4513
1224 3534
1224 4748
1225 3016
1225 4378
1225 4381
1227 96
1227 638
1227 2141
1227 4211
1228 1932
1229 214
1232 1052
1232 4080
1232 4223
1233 52
1233 877
1233 953
1233 1757
1233 2192
1233 2344
1233 3270
1233 4008
1233 4793
1233 4871
1235 2225
1237 1299
1237 1486
1237 2640
1237 3678
1237 3680
1237 4247
1237 4827
1238 297
1238 1436
1238 2471
1239 955
1239 1241
1239 3322
1239 4520
1240 4314
1240 4482
1241 588
1241 1656
1241 1768
1241 1860
1241 2835
1241 2917
1241 3679
1241 4027
1241 4064
1243 244
1243 2388
1245 1805
1245 4174
1246 3361
1246 4693
1247 2059
1247 2188
1247 3918
1247 4060
1247 4189
1247 4798
1248 2378
1248 4702
1249 2655
1249 4139
1250 1217
1250 1405
1250 1994
1250 2201
1250 3590
1250 4247
1251 1546
1251 4069
1252 2738
1252 3334
1252 4754
1255 93
1255 2765
1255 2821
1255 4042
1256 960
1256 1759
1256 3084
1257 266
1257 1858
1257 3003
1257 3987
1258 953
1258 1023
1258 1549
1258 2004
1258 2957
1258 4300
1259 20
1259 663
1259 1262
1259 1324
1260 3627
1262 2643
1262 3910
1262 4672
1263 1964
1263 4415
1265 80
1265 297
1265 2758
1265 2868
1265 3625
1265 4119
1265 4479
1267 2004
1267 2167
1267 3523
1268 207
1268 638
1268 955
1268 985
1268 1130
1268 1338
1268 1523
1268 2118
1268 3422
1271 1414
1271 1841
1271 2261
1271 2826
1271 3317
1271 4545
1272 984
1272 1610
1272 2599
1272 2900
1272 3767
1272 4184
1273 47
1273 75
1273 400
1273 441
1273 1305
1273 2176
1273 2646
1273 3315
1273 3667
1274 1400
1275 201
1275 217
1275 1590
1275 1743
1275 2429
1275 2491
1275 3556
1275 3561
1275 3759
1275 4001
1276 2184
1276 3990
1279 304
1280 50
1280 259
1280 3322
1281 933
1281 2189
1281 2227
1281 2969
1281 3395
1282 3226
1282 4971
1283 924
1283 1366
1283 2549
1283 2626
1283 3163
1283 3491
1283 4531
1283 4870
1286 338
1286 429
1286 2220
1286 3223
1287 3430
1287 3584
1288 1818
1289 522
1289 601
1289 743
1289 968
1289 1130
1289 2314
1289 4168
1290 615
1290 3621
1290 3964
1291 758
1291 1011
1291 3486
1292 1893
1294 2033
1295 304
1295 460
1295 557
1295 1029
1295 1241
1295 1797
1295 1963
1295 2787
1295 3079
1295 4347
1295 4496
1296 25
1296 2644
1296 4320
1296 4993
1298 1134
1298 2407
1298 4814
1299 1536
1299 1897
1299 2163
1299 3153
1299 3456
1300 2322
1300 3486
1300 4862
1301 3132
1301 4870
1302 516
1302 643
1302 873
1302 2744
1302 2792
1302 3794
1303 236
1303 410
1303 1107
1303 1309
1303 1772
1303 1984
1303 2377
1303 2706
1303 2747
1303 3033
1303 3677
1303 3854
1304 2461
1304 2767
1305 643
1305 1494
1305 2249
1305 2312
1305 3554
1305 3782
1305 4291
1305 4985
1307 37
1307 314
1307 1515
1307 1567
1307 1764
1307 1936
1307 2522
1307 2765
1307 3723
1307 4889
1309 962
1309 1467
1309 1571
1309 1714
1309 2233
1309 2391
1309 2911
1309 2982
1309 3213
1309 3676
1309 4069
1309 4131
1309 4460
1310 2087
1310 2880
1310 4198
1312 4807
1314 3
1314 2570
1314 2921
1314 3099
1314 3403
1314 3472
1314 3823
1314 4027
1314 4203
1315 2192
1315 3033
1315 3186
1315 4596
1316 1003
1316 1210
1317 1443
1317 2130
1317 4234
1318 3046
1318 4502
1319 2314
1319 4460
1320 3656
1321 137
1321 2030
1321 2265
1321 2942
1321 3615
1322 1474
1322 2480
1323 639
1323 1511
1323 1602
1324 253
1324 1031
1324 1571
1324 1743
1324 1910
1324 1924
1324 2882
1324 3690
1326 1974
1326 2845
1326 3980
1326 4523
1328 677
1328 823
1328 1597
1328 1604
1328 1611
1328 2312
1328 2914
1328 3782
1328 4453
1328 4983
1329 3103
1331 44
1331 712
1331 3528
1331 3659
1332 2354
1332 2421
1332 3440
1332 4004
1332 4298
1332 4429
1335 302
1335 1730
1335 1900
1335 2637
1335 3450
1335 4036
1335 4543
1336 2260
1336 2780
1336 4699
1336 4787
1337 1995
1337 2403
1338 1549
1338 2054
1338 3143
1339 1063
1339 1341
1340 802
1341 796
1342 831
1342 1155
1342 1475
1342 3067
1343 1139
1343 3445
1344 1473
1344 4690
1345 659
1345 891
1345 2165
1345 3253
1345 3395
1345 4042
1345 4445
1345 4538
1345 4997
1346 884
1346 926
1346 1256
1346 4700
1347 1012
1347 1419
1349 1531
1349 1727
1350 1694
1350 3067
1352 1803
1352 2825
1352 3110
1352 3670
1352 4794
1354 1320
1354 1356
1354 1482
1354 4444
1356 865
1356 3250
1356 4827
1360 967
1360 2916
1360 2932
1360 2998
1360 3607
1361 1835
1362 1243
1362 2730
1362 2807
1362 2997
1365 3361
1365 3438
1365 3845
1366 956
1366 1414
1366 2394
1366 2879
1366 3016
1366 3823
1366 4024
1366 4975
1367 1809
1367 3398
1367 4424
1368 857
1368 942
1368 1924
1368 4932
1370 1296
1370 2812
1370 3601
1371 741
1371 1431
1371 1628
1371 1820
1371 1863
1371 2828
1371 2892
1371 3095
1371 4452
1371 4718
1372 149
1372 743
1372 3642
1372 4242
1372 4386
1372 4636
1372 4687
1372 4889
1373 354
1373 795
1373 1960
1373 4654
1374 391
1374 497
1374 4064
1374 4588
1374 4604
1375 841
1375 1371
1375 1699
1375 1828
1375 2069
1375 2637
1375 3055
1375 3696
1375 4064
1375 4339
1375 4492
1377 1509
1379 3165
1380 1162
1380 1974
1381 52
1381 699
1381 1060
1383 12
1383 2353
1385 1997
1388 243
1388 944
1388 1084
1388 3134
1388 4516
1389 105
1389 2298
1390 346
1390 471
1390 614
1390 1590
1390 1977
1390 2585
1390 4714
1390 4787
1392 652
1392 4420
1393 712
1393 798
1393 917
1393 1824
1393 1919
1393 2000
1393 2254
1393 2279
1393 2312
1393 2407
1393 2622
1393 2767
1393 2828
1393 3002
1393 3361
1393 3430
1393 3863
1393 4176
1393 4432
1395 4425
1397 91
1397 2939
1397 3049
1398 1994
1398 3942
1401 4885
1402 4049
1402 4448
1403 137
1403 806
1403 2194
1403 2377
1403 2462
1403 3768
1403 4021
1403 4103
1403 4672
1403 4681
1404 856
1404 1548
1404 2000
1404 2297
1404 2795
1404 2983
1404 3656
1405 1158
1405 1768
1405 1995
1405 3853
1405 3931
1407 2967
1407 3170
1407 3673
1407 4653
1409 477
1410 60
1410 2180
1410 2496
1410 3498
1410 3976
1410 4773
1410 4985
1411 3498
1411 3882
1411 3995
1411 4715
1412 2405
1413 1640
1414 1976
1414 3281
1415 1118
1415 3560
1418 2083
1418 2229
1418 3146
1418 3873
1418 4854
1419 983
1419 1504
1419 2053
1419 2161
1419 3151
1419 3275
1419 3575
1419 4527
1420 578
1420 660
1420 3005
1420 4764
1421 420
1421 2114
1422 331
1422 802
1422 2243
1422 2314
1422 3667
1422 4512
1423 556
1423 2667
1423 3375
1423 4129
1424 432
1424 2394
1425 2912
1425 4394
1425 4570
1426 35
1426 1541
1426 1829
1427 264
1427 382
1427 1275
1427 2062
1428 2358
1429 1283
1429 2074
1429 4334
1429 4426
1429 4477
1430 1314
1430 1772
1430 3650
1431 1271
1431 3175
1431 3544
1431 4563
1433 2807
1434 67
1434 1793
1436 230
1436 1296
1436 3530
1437 1181
1437 1525
1437 3526
1437 3963
1437 4556
1438 3003
1438 4487
1439 2099
1439 2747
1439 3486
1440 162
1440 1705
1440 1860
1440 3668
1442 962
1443 340
1443 564
1443 1808
1443 1861
1443 2353
1443 2911
1443 3152
1443 3417
1443 3422
1443 4330
1443 4694
1443 4915
1444 391
1444 479
1444 4505
1445 35
1445 878
1446 955
1446 1743
1446 2727
1446 3052
1450 1151
1453 1825
1454 2697
1455 2031
1455 3920
1456 733
1456 2216
1457 251
1457 2953
1457 4192
1457 4540
1457 4739
1459 339
1459 4100
1459 4530
1461 1993
1461 2576
1462 1116
1462 2104
1462 3037
1462 3088
1462 3519
1463 100
1463 313
1463 338
1465 2367
1466 4977
1467 148
1467 888
1467 1324
1467 2657
1467 3540
1467 4131
1467 4622
1468 1155
1468 2749
1468 2775
1470 1580
1470 2651
1470 3484
1470 4777
1471 156
1471 870
1471 2003
1472 1019
1472 1184
1472 3283
1472 3705
1472 4051
1472 4739
1472 4859
1473 1012
1474 2865
1475 2517
1476 1189
1476 2377
1476 2456
1476 4596
1477 251
1477 1078
1477 2508
1477 3734
1478 1739
1478 1891
1479 559
1479 3612
1479 4457
1480 279
1481 1162
1481 1811
1481 4109
1482 1084
1482 4062
1482 4120
1482 4323
1482 4745
1482 4891
1483 2248
1483 3621
1483 3779
1483 4185
1484 1803
1485 669
1485 1183
1485 1698
1485 1875
1486 523
1486 1020
1486 1390
1486 1403
1486 1525
1486 1707
1486 1750
1486 1859
1486 2281
1486 2390
1486 2428
1486 2581
1486 4177
1488 498
1488 1119
1489 107
1489 362
1489 1028
1489 1644
1489 1977
1489 2158
1489 2534
1489 3003
1489 4352
1490 96
1490 1779
1490 1929
1490 2064
1490 2393
1490 4357
1490 4603
1491 2181
1491 3553
1491 4809
1492 2442
1492 4689
1492 4842
1493 186
1493 955
1493 1388
1493 1561
1493 3662
1493 4809
1494 222
1494 721
1494 812
1494 962
1494 1031
1494 1174
1494 1241
1494 2393
1494 3494
1494 3839
1495 87
1495 549
1495 2061
1495 2398
1495 3279
1498 106
1498 1052
1498 2160
1498 2329
1498 2617
1498 4198
1500 179
1500 2238
1500 4105
1501 1018
1501 1319
1501 1867
1501 2375
1501 4010
1501 4973
1502 95
1502 320
1502 1183
1502 1237
1502 2381
1502 4386
1503 2203
1503 2719
1503 4427
1504 985
1504 1233
1504 1750
1504 2304
1504 2604
1504 3464
1504 3779
1505 1655
1506 1210
1506 3222
1506 3737
1506 4811
1507 1062
1507 1360
1507 2205
1507 2545
1507 2563
1507 3011
1507 4502
1507 4856
1508 856
1508 984
1508 1500
1508 1975
1508 3098
1508 3227
1508 3404
1508 4395
1510 2099
1511 1523
1511 2312
1511 4392
1513 555
1513 3219
1514 7
1514 37
1514 99
1514 1502
1514 1561
1514 1622
1514 1750
1514 2673
1514 3007
1514 3373
1514 3556
1514 4811
1515 984
1515 1303
1515 1472
1515 4728
1516 517
1516 732
1516 2702
1517 3833
1517 4082
1517 4586
1518 457
1518 1410
1518 2268
1518 3215
1518 3300
1518 4367
1518 4411
1519 1656
1519 4540
1521 1069
1521 4402
1521 4516
1523 358
1523 955
1523 2112
1523 2617
1523 2900
1523 4101
1523 4703
1524 699
1524 2821
1524 2842
1524 3149
1524 3253
1524 4171
1524 4381
1525 1168
1525 1515
1525 2510
1525 2805
1525 3264
1525 4069
1527 939
1528 3112
1529 1598
1531 954
1531 1002
1531 1295
1531 1750
1531 2000
1531 3112
1531 3225
1531 3270
1531 3644
1531 4321
1532 1615
1532 1738
1532 3598
1532 4075
1533 2842
1533 2886
1533 3373
1533 3422
1533 4117
1535 2440
1536 149
1536 954
1536 1866
1536 2299
1536 3957
1537 1135
1538 1701
1538 2212
1538 3270
1538 4579
1539 2049
1539 2687
1539 3349
1539 3405
1540 2305
1540 2360
1541 2571
1541 4455
1542 460
1542 1975
1542 2390
1542 2610
1543 1909
1543 2253
1546 428
1546 3775
1546 4492
1547 1299
1547 1549
1547 2886
1547 2980
1547 3112
1547 3824
1547 3988
1548 357
1548 807
1548 820
1548 856
1548 1818
1548 1963
1548 2184
1548 2391
1549 1788
1549 1878
1549 1904
1549 2072
1549 2879
1549 4364
1549 4530
1549 4839
1550 974
1550 4275
1552 1359
1553 755
1554 109
1554 1643
1554 2616
1554 2692
1554 3124
1554 4380
1554 4509
1555 3232
1555 4445
1557 877
1557 2268
1557 2880
1557 3142
1557 3487
1557 3925
1557 4889
1558 715
1558 944
1558 3758
1558 3912
1558 4618
1559 4211
1559 4590
1560 1071
1561 1977
1561 2758
1561 3053
1561 3448
1561 3876
1561 4082
1561 4450
1562 3828
1564 631
1565 4336
1566 2992
1566 3873
1567 147
1567 1174
1567 1781
1567 2342
1567 3695
1568 1174
1568 1504
1568 2941
1568 4286
1571 1597
1571 3257
1571 3456
1571 3963
1571 4592
1572 2421
1572 3241
1574 2915
1574 3738
1574 4387
1575 12
1575 628
1575 904
1575 2034
1575 2562
1575 2996
1578 4186
1579 141
1579 149
1579 917
1579 986
1579 1617
1579 2191
1579 2391
1579 2537
1579 2797
1579 2859
1579 3384
1579 3568
1579 3609
1579 3667
1579 3677
1579 3855
1579 4064
1579 4103
1579 4245
1579 4255
1579 4309
1579 4676
1579 4707
1579 4798
1579 4861
1579 4870
1581 2111
1581 2192
1582 859
1582 1225
1582 4742
1583 3648
1585 2669
1585 4223
1586 956
1586 2568
1586 2645
1586 3357
1586 3897
1587 557
1587 887
1587 1433
1587 1931
1587 4517
1589 1962
1590 137
1590 248
1590 340
1590 955
1590 1200
1590 1280
1590 1617
1590 1738
1590 1763
1590 2464
1590 2492
1590 2845
1590 2978
1590 3098
1590 3176
1590 3270
1590 3316
1590 3803
1590 4033
1590 4527
1590 4879
1590 4995
1591 1587
1591 1862
1591 4339
1592 1122
1592 1597
1592 1766
1592 2755
1593 1244
1593 1950
1593 2295
1593 2726
1593 3096
1593 4211
1593 4532
1593 4622
1594 134
1594 248
1594 700
1594 1490
1594 3007
1594 4198
1595 1361
1595 1977
1595 4361
1596 1281
1597 980
1597 3857
1598 1557
1599 924
1599 3438
1600 2728
1600 3206
1600 3456
1600 4293
1600 4664
1601 4340
1603 1241
1603 2845
1603 3648
1603 3985
1604 2136
1604 3742
1605 1370
1605 1827
1605 2657
1605 2700
1605 3155
1606 840
1606 3837
1607 1603
1607 4593
1608 687
1608 955
1608 956
1608 4295
1608 4400
1608 4796
1608 4932
1609 2980
1609 4385
1610 830
1610 1556
1610 4026
1611 1713
1611 4414
1612 835
1612 2710
1612 3182
1612 3984
1612 4082
1613 466
1613 1279
1613 1443
1613 2302
1613 2517
1613 4119
1613 4743
1615 35
1615 539
1615 631
1615 1023
1615 1404
1615 1419
1615 1514
1615 2164
1615 2945
1615 2995
1615 3059
1615 3683
1615 4177
1616 676
1616 4371
1617 2970
1617 3770
1618 1443
1618 1524
1618 2205
1618 2270
1618 2649
1618 2667
1618 3613
1618 3779
1618 3925
1618 4357
1619 2545
1619 3979
1620 479
1620 1455
1620 1708
1620 2949
1620 3108
1621 1374
1621 2086
1621 3001
1621 3324
1621 3995
1622 7
1622 188
1622 287
1622 962
1622 2394
1622 2572
1622 3315
1623 2868
1623 3775
1623 3867
1623 4587
1623 4836
1624 3215
1624 4636
1624 4874
1626 712
1626 745
1626 1454
1627 741
1627 1029
1627 1040
1627 2456
1627 2626
1627 4622
1627 4794
1627 4813
1628 772
1628 1375
1628 2013
1628 2415
1630 1999
1630 3387
1630 3852
1632 967
1632 1891
1632 3362
1632 3600
1635 3001
1636 872
1637 1044
1638 734
1639 1580
1639 2113
1639 2165
1639 4680
1640 314
1640 4897
1642 353
1642 1112
1642 1136
1642 2972
1642 3656
1642 4471
1643 4642
1643 4700
1644 975
1644 1417
1644 2986
1644 4193
1644 4736
1645 1103
1645 2161
1645 2399
1645 3876
1645 4187
1646 1192
1646 3227
1646 3548
1646 4714
1648 1698
1648 4335
1648 4354
1649 1209
1649 1812
1651 338
1651 2217
1651 3168
1651 4924
1652 2407
1652 3146
1653 599
1653 4596
1654 2059
1655 4084
1655 4696
1656 713
1656 2425
1656 2611
1656 2813
1656 3048
1656 3270
1656 4665
1656 4798
1657 370
1657 612
1657 1515
1657 1998
1657 2666
1657 2706
1657 2907
1657 3151
1657 3902
1657 4152
1657 4837
1659 1087
1659 2564
1659 2751
1659 2858
1659 3123
1659 4120
1659 4223
1660 304
1660 712
1660 1875
1660 2581
1660 4894
1661 3839
1663 2998
1664 312
1664 1114
1664 3896
1664 4793
1665 1188
1666 3794
1666 4520
1667 925
1667 1605
1667 1692
1667 3685
1667 4721
1669 341
1669 1094
1669 2036
1669 2611
1669 4778
1669 4830
1670 3945
1671 3555
1671 4557
1673 1071
1674 3665
1674 4793
1675 1981
1677 1361
1678 663
1678 1347
1678 4354
1678 4820
1679 43
1679 408
1679 1549
1679 1945
1679 2939
1680 1393
1680 4018
1682 271
1682 491
1682 817
1682 955
1682 3630
1682 3718
1682 3869
1684 236
1684 398
1684 434
1684 1296
1684 3439
1684 3879
1684 3979
1684 4093
1684 4245
1685 106
1685 312
1685 780
1685 962
1685 1531
1685 1891
1685 2000
1685 2008
1685 2683
1685 3067
1685 3181
1685 3219
1685 3300
1685 3877
1685 4492
1686 559
1686 2184
1689 2726
1689 3128
1689 4149
1689 4295
1689 4739
1690 719
1690 2777
1690 4072
1690 4640
1690 4882
1692 244
1692 285
1692 1771
1692 3106
1692 3442
1692 4870
1693 113
1693 3839
1695 406
1695 1310
1695 1655
1695 2912
1698 246
1698 2921
1699 141
1699 2895
1700 1862
1700 2163
1700 2181
1700 2792
1700 2882
1700 3851
1700 4127
1701 417
1701 4522
1702 494
1704 1942
1704 4453
1704 4581
1705 148
1705 264
1705 609
1705 1375
1705 1403
1705 1590
1705 1765
1705 2000
1705 2064
1705 2428
1705 3364
1705 3904
1705 4505
1705 4692
1705 4699
1705 4995
1707 1187
1707 3526
1707 4484
1708 198
1708 466
1708 816
1708 926
1708 955
1708 1307
1708 1571
1708 3069
1708 3912
1708 4586
1708 4596
1708 4969
1712 219
1712 751
1712 899
1712 2072
1712 2697
1712 3679
1712 4384
1713 656
1713 3312
1713 3461
1713 3530
1713 4061
1713 4579
1714 207
1714 752
1714 1286
1714 3270
1714 3486
1714 3826
1714 4194
1714 4520
1714 4798
1715 137
1715 1414
1715 3607
1716 264
1716 1464
1716 2750
1716 2866
1716 3832
1716 4021
1716 4386
1717 2817
1719 823
1719 967
1719 997
1719 1763
1719 1861
1719 1874
1719 2234
1719 3979
1720 137
1720 398
1720 705
1720 1040
1720 1184
1720 1461
1720 1901
1720 2761
1720 3071
1720 4285
1720 4798
1721 759
1721 2006
1721 3540
1721 4676
1722 3794
1725 2308
1725 2852
1725 2879
1727 812
1727 2000
1727 2863
1730 1420
1731 272
1731 1052
1731 1943
1731 1947
1731 2498
1731 3673
1731 4010
1732 609
1732 1443
1732 2970
1732 3779
1732 3913
1732 3980
1732 4021
1732 4122
1732 4523
1733 2560
1733 3071
1734 1827
1734 2644
1734 4137
1734 4678
1735 474
1735 3934
1738 358
1738 1393
1738 2945
1739 1669
1739 2423
1739 2689
1739 3084
1739 4943
1740 2173
1741 131
1741 314
1741 631
1741 955
1741 2835
1741 3379
1741 3426
1741 3665
1741 4078
1741 4793
1745 1948
1745 3303
1745 3772
1746 4854
1747 4969
1750 82
1750 107
1750 891
1750 1974
1750 2611
1750 2968
1750 3192
1750 3990
1750 4010
1750 4069
1750 4378
1750 4380
1750 4787
1750 4826
1753 1693
1753 4991
1754 618
1754 1267
1754 3621
1754 4349
1754 4371
1757 1549
1757 3237
1757 4085
1757 4368
1757 4530
1758 37
1758 1525
1758 3847
1759 3432
1761 482
1761 1084
1761 1117
1761 1164
1761 1193
1761 1508
1761 4247
1762 4414
1763 37
1763 64
1763 466
1763 967
1763 1031
1763 1275
1763 1579
1763 1646
1763 1805
1763 1825
1763 1929
1763 1939
1763 1975
1763 2000
1763 2069
1763 2176
1763 2430
1763 3007
1763 3462
1763 3596
1763 3718
1763 4042
1763 4120
1763 4247
1763 4448
1763 4596
1763 4777
1763 4840
1764 293
1764 477
1764 1950
1764 4827
1765 416
1765 733
1765 1281
1765 2530
1766 307
1766 1028
1766 4361
1767 4890
1768 37
1768 329
1768 689
1768 1525
1768 2192
1768 2210
1768 2706
1768 3852
1768 4664
1770 4774
1771 1428
1771 1613
1771 2249
1771 2261
1771 3590
1771 4362
1772 829
1772 1552
1772 1844
1772 3571
1772 4741
1773 191
1773 981
1773 4765
1775 674
1775 757
1775 1606
1775 3407
1775 3508
1777 2684
1778 127
1778 417
1778 476
1778 957
1778 2805
1778 2825
1778 3414
1778 3850
1779 127
1779 670
1779 926
1779 1112
1779 1393
1779 2064
1779 2103
1779 3600
1779 4408
1779 4715
1781 669
1781 708
1781 837
1781 2391
1781 2699
1781 3059
1781 3759
1781 3770
1781 3856
1781 4203
1781 4504
1781 4517
1781 4579
1782 1518
1782 2692
1784 219
1784 1606
1784 3942
1784 4084
1785 2855
1786 4195
1787 37
1787 2008
1788 3375
1788 3755
1788 3854
1790 37
1790 123
1790 1371
1790 1699
1790 2810
1790 4596
1790 4725
1790 4890
1791 2882
1792 4471
1793 1301
1793 1491
1793 2797
1793 3864
1794 762
1795 515
1795 3013
1795 3190
1795 4341
1795 4492
1796 648
1796 3333
1797 563
1797 1771
1797 3201
1798 456
1798 731
1799 639
1799 747
1799 860
1800 2090
1801 897
1801 3395
1801 3472
1803 1236
1803 1942
1803 3257
1804 68
1804 338
1804 1006
1804 1618
1804 1727
1804 1989
1804 2537
1804 2881
1804 2937
1804 3845
1804 4185
1804 4544
1804 4783
1805 383
1805 781
1805 811
1805 1393
1805 2042
1805 2660
1805 3405
1805 3879
1806 1508
1806 1642
1806 1874
1806 2855
1806 4718
1807 106
1807 260
1807 538
1807 1383
1807 2353
1807 3107
1807 3201
1807 3509
1807 3602
1807 3715
1807 3718
1807 3728
1807 4045
1809 735
1809 2908
1809 4041
1811 276
1811 813
1811 1281
1811 2492
1811 2932
1811 3677
1811 4030
1811 4663
1811 4769
1811 4962
1812 1765
1812 2578
1812 2921
1812 3033
1812 3540
1813 530
1813 1005
1813 1439
1813 2042
1813 3727
1813 4175
1813 4343
1813 4542
1814 2769
1814 3551
1815 155
1815 1038
1815 1442
1816 923
1816 2528
1816 3315
1816 3780
1816 4085
1816 4293
1817 3128
1817 4504
1818 4692
1818 4759
1819 1722
1819 1818
1819 2261
1820 800
1820 4386
1822 997
1822 2268
1822 2325
1822 2374
1822 2428
1822 2985
1822 4879
1824 741
1824 1909
1824 2360
1824 2391
1824 2428
1824 2463
1824 2790
1824 3432
1824 4527
1825 292
1826 3727
1826 4427
1827 2180
1827 2594
1828 276
1828 2220
1828 2437
1828 2672
1828 4045
1828 4347
1829 903
1829 4376
1830 134
1830 1273
1830 2394
1830 2495
1830 3095
1830 3814
1830 4512
1831 262
1831 2542
1834 273
1834 291
1834 540
1834 735
1834 4109
1834 4749
1835 1050
1835 1582
1835 3894
1836 817
1836 3378
1837 1834
1837 4983
1839 326
1839 1092
1839 1830
1839 3092
1839 4871
1841 1808
1842 2791
1843 1790
1843 2353
1843 2452
1843 2950
1843 4227
1843 4992
1846 3303
1850 2202
1850 2998
1851 150
1851 2184
1851 3658
1853 1515
1853 2319
1853 3415
1853 4894
1854 30
1854 3311
1854 3486
1854 4621
1854 4676
1855 1084
1855 3949
1856 2692
1858 295
1858 3196
1858 4587
1859 2085
1859 2099
1859 2805
1859 4330
1860 446
1860 2412
1860 3596
1860 3652
1860 4062
1860 4542
1860 4821
1861 847
1861 1089
1861 1179
1862 733
1862 920
1862 1136
1862 1763
1862 1891
1862 2391
1862 2912
1862 3540
1862 3718
1862 3876
1862 4042
1862 4794
1863 616
1863 4172
1864 4380
1865 342
1865 980
1865 3430
1866 2626
1867 3356
1868 3333
1869 859
1869 1763
1869 1790
1869 1799
1869 1909
1869 1989
1869 2052
1869 2629
1869 3380
1869 3473
1869 3643
1869 4105
1869 4520
1870 530
1870 974
1870 1953
1870 2301
1870 2644
1870 2801
1870 3073
1870 3092
1871 18
1871 2942
1871 4150
1872 60
1872 1862
1872 2581
1872 2866
1874 920
1874 1062
1874 1692
1874 2492
1874 3821
1874 4600
1875 4605
1876 31
1878 2818
1878 4024
1878 4105
1880 609
1880 1739
1880 3415
1880 3442
1880 4252
1880 4444
1880 4809
1881 1444
1881 3473
1883 244
1883 612
1883 2245
1883 3076
1883 3718
1883 3921
1883 4247
1883 4772
1885 5000
1887 1020
1887 2070
1887 3353
1887 3449
1887 3917
1888 694
1888 962
1888 2199
1889 1478
1889 1612
1889 2093
1889 2723
1889 3794
1889 3873
1889 4840
1891 491
1891 1029
1891 2069
1891 3044
1891 3059
1892 326
1892 342
1892 705
1892 3732
1892 3866
1894 2580
1894 3591
1895 4139
1895 4787
1896 787
1896 1084
1896 1546
1896 1680
1896 1883
1896 2272
1896 3510
1898 377
1898 2011
1900 1515
1900 2410
1900 2704
1900 3744
1900 4443
1900 4457
1902 45
1902 1360
1902 4879
1904 842
1904 1087
1904 3213
1904 3672
1905 207
1905 920
1905 1293
1905 2270
1905 2534
1905 2758
1905 2805
1905 3718
1905 4362
1905 4828
1906 4900
1907 2025
1908 252
1908 1702
1908 2455
1909 27
1909 466
1909 2048
1909 2111
1909 3007
1910 2100
1910 2992
1910 4153
1911 1390
1911 3049
1912 132
1912 1373
1912 3373
1912 4453
1912 4978
1913 1253
1913 3152
1913 4007
1914 851
1915 820
1915 4870
1918 163
1918 314
1918 1595
1918 2990
1918 4137
1919 207
1919 3041
1919 3121
1919 4948
1923 1059
1923 3866
1923 4424
1924 3823
1924 4484
1927 757
1927 3701
1928 1732
1928 3165
1929 134
1929 137
1929 458
1929 1467
1929 2241
1929 2312
1929 3496
1929 3539
1929 3607
1929 3642
1929 3737
1929 3854
1929 4559
1929 4579
1929 4798
1930 772
1930 2553
1930 3090
1930 4911
1932 2865
1933 747
1933 4658
1934 2022
1934 2174
1934 4186
1936 12
1936 344
1936 529
1936 1405
1936 1638
1936 1940
1936 2039
1936 2062
1936 4530
1936 4546
1936 4595
1937 94
1937 2651
1939 1070
1939 2018
1939 2428
1939 2692
1939 2867
1939 2885
1939 3103
1939 3854
1939 4904
1940 2000
1942 68
1942 398
1942 599
1942 1531
1942 3934
1942 4686
1943 7
1943 1141
1943 2258
1943 2775
1943 4544
1944 185
1944 1883
1944 4793
1945 64
1945 2357
1947 2906
1948 815
1948 1659
1948 3298
1948 3879
1948 4777
1948 4816
1949 2912
1950 3419
1950 4411
1950 4903
1952 201
1952 1536
1952 1622
1952 4612
1953 324
1953 716
1953 1316
1953 2332
1953 2706
1953 2987
1953 4432
1956 2809
1956 2835
1956 2965
1956 3193
1956 3678
1956 4362
1956 4460
1956 4840
1958 847
1958 1645
1958 2852
1958 2932
1958 3041
1959 1585
1959 4707
1961 243
1961 676
1961 1770
1961 2511
1962 469
1962 621
1962 3696
1962 4334
1962 4558
1963 357
1963 899
1963 1117
1963 3222
1963 3528
1963 4717
1964 816
1964 2787
1964 3371
1964 4569
1967 346
1967 675
1967 966
1967 2393
1967 3442
1967 3677
1968 324
1968 1224
1968 1420
1968 1446
1968 1881
1968 2629
1968 4815
1972 3909
1973 2318
1973 2842
1974 107
1974 260
1974 314
1974 735
1974 781
1974 1001
1974 1682
1974 2669
1974 2670
1974 2882
1974 3509
1974 3792
1974 4176
1974 4198
1974 4532
1975 137
1975 962
1975 1056
1975 1130
1975 1317
1975 1622
1975 1768
1975 2000
1975 2193
1975 2412
1975 2454
1975 2733
1975 2997
1975 3182
1975 3327
1975 3379
1975 3534
1975 3749
1975 3852
1975 3854
1975 4223
1975 4979
1976 134
1976 2243
1977 772
1977 819
1977 1073
1977 1539
1977 2373
1977 2692
1977 2815
1977 3213
1977 3540
1977 3677
1977 4955
1979 964
1981 88
1981 4677
1983 470
1984 134
1984 1931
1984 2064
1984 2511
1988 563
1989 515
1989 1118
1989 2153
1989 2716
1989 4596
1989 4686
1989 4757
1990 978
1991 983
1991 2906
1993 490
1993 1356
1993 1793
1993 2790
1993 4065
1993 4604
1994 405
1994 955
1994 983
1994 1006
1994 1132
1994 1870
1994 3049
1994 3070
1994 3718
1994 4047
1994 4070
1994 4120
1994 4555
1994 4692
1994 4758
1994 4802
1995 802
1995 2243
1995 2292
1995 4709
1997 3075
1998 853
1998 1326
1998 2796
1998 4214
1998 4841
1999 1824
1999 2798
1999 3164
1999 3839
1999 4446
2000 117
2000 398
2000 1295
2000 1843
2000 1943
2000 2262
2000 2412
2000 2464
2000 3491
2000 3561
2000 3723
2000 3912
2000 4021
2000 4062
2000 4082
2000 4841
2000 4932
2003 1653
2003 2851
2003 4654
2004 773
2004 919
2004 1122
2004 1431
2004 2062
2004 2164
2004 3241
2004 4350
2005 1112
2005 1555
2005 1770
2005 2549
2005 3741
2006 64
2006 1830
2006 2785
2006 3268
2006 3963
2007 3298
2008 1682
2008 3368
2009 1201
2009 2102
2009 3236
2010 248
2010 1892
2010 3181
2010 4879
2011 502
2011 2989
2011 4477
2012 1381
2012 2309
2012 4131
2013 137
2013 425
2013 715
2013 1048
2013 1235
2013 1542
2013 1720
2013 1732
2013 2391
2013 2456
2013 3152
2013 4018
2013 4391
2013 4396
2013 4574
2013 4832
2014 1764
2016 1657
2016 1819
2016 3429
2018 2093
2019 527
2019 1328
2021 310
2021 1934
2021 3288
2021 4314
2021 4481
2021 4699
2021 4956
2022 4495
2024 312
2024 605
2024 1732
2024 1989
2024 3542
2024 3663
2024 4084
2024 4265
2025 668
2025 952
2025 4180
2026 64
2026 2604
2026 4034
2026 4651
2027 955
2027 1594
2027 2062
2027 2094
2027 2585
2027 3994
2028 2925
2028 3571
2028 4253
2030 37
2030 4269
2030 4354
2031 4741
2033 1015
2033 1558
2033 1868
2033 2062
2033 3865
2033 4152
2033 4378
2034 827
2034 1929
2034 3149
2036 3126
2037 2671
2037 3380
2037 3549
2037 3690
2037 4754
2039 321
2039 717
2039 735
2039 967
2039 1314
2039 1393
2039 1424
2039 1617
2039 2412
2039 2436
2039 3016
2039 3168
2039 3373
2039 3683
2039 3718
2039 4089
2039 4448
2039 4603
2039 4703
2040 428
2042 943
2042 3266
2042 3633
2043 506
2045 877
2045 2623
2045 3985
2045 4010
2046 3653
2047 211
2047 3048
2047 4595
2048 35
2048 813
2048 1200
2048 1218
2048 1847
2048 2099
2048 2104
2048 2912
2048 3149
2048 3486
2048 3549
2048 3570
2048 3611
2048 3667
2048 3670
2048 3677
2048 3762
2048 4083
2048 4087
2048 4336
2048 4354
2048 4871
2049 520
2049 3058
2049 3122
2050 605
2051 1424
2051 1554
2051 3445
2052 1443
2052 2118
2052 3521
2052 3574
2052 3742
2052 4291
2052 4322
2053 345
2053 1521
2053 1618
2053 3677
2054 816
2054 1380
2054 1594
2054 2338
2054 3684
2055 1411
2055 1701
2055 4380
2059 1291
2059 1777
2059 3430
2060 981
2060 2271
2060 2854
2060 2875
2060 3110
2060 4660
2061 1539
2061 3845
2062 12
2062 127
2062 184
2062 460
2062 889
2062 1476
2062 2291
2062 3668
2062 3795
2062 4465
2063 1766
2063 4797
2064 1431
2065 3602
2068 655
2068 4119
2068 4915
2069 102
2069 1237
2069 2585
2069 3377
2069 3951
2069 4225
2069 4979
2072 470
2072 631
2072 962
2072 1085
2072 2637
2072 3637
2073 335
2073 1218
2073 1241
2073 1862
2073 1900
2073 2048
2073 2099
2073 2200
2073 2553
2073 2640
2073 2789
2073 2875
2074 3065
2074 3198
2074 3366
2074 4933
2075 1630
2075 2199
2075 2315
2075 2997
2075 3164
2075 4295
2075 4457
2075 4461
2076 2933
2077 4149
2077 4330
2080 1826
2081 550
2081 2012
2081 3749
2082 656
2082 854
2082 3690
2082 3823
2082 4288
2083 1771
2083 2102
2083 3715
2085 1433
2085 3547
2086 1000
2087 191
2087 1260
2087 1489
2087 4127
2088 4892
2090 445
2090 785
2090 2532
2090 2902
2091 802
2091 4884
2093 4452
2095 535
2095 2626
2095 3333
2099 271
2099 955
2099 2391
2099 2466
2099 2496
2099 2733
2099 2882
2099 4077
2099 4149
2099 4295
2099 4868
2100 1918
2101 1891
2101 2901
2101 4604
2102 841
2102 1678
2102 2437
2103 2377
2103 3071
2103 3848
2103 4710
2103 4722
2104 26
2104 235
2104 1028
2104 1304
2104 1528
2104 1759
2104 3462
2104 3718
2104 4027
2104 4776
2105 2412
2105 2627
2106 2684
2108 339
2108 508
2108 601
2108 2926
2108 3432
2108 4164
2109 747
2109 3226
2109 3473
2111 893
2111 1730
2111 2052
2111 2823
2111 3419
2111 4741
2112 954
2112 1130
2112 1578
2112 3711
2112 4498
2113 228
2113 837
2113 1426
2113 1974
2113 3001
2113 3715
2113 4483
2113 4568
2114 2191
2114 2632
2114 3354
2114 4024
2114 4516
2115 3375
2117 4942
2118 251
2118 1531
2118 1708
2118 2300
2118 3113
2118 3201
2118 3980
2118 4378
2119 1199
2120 4756
2121 2553
2121 3472
2121 3893
2121 4791
2122 3257
2123 253
2123 428
2123 3097
2123 3820
2124 2483
2124 3073
2124 4102
2124 4177
2126 2726
2127 1235
2127 4270
2129 1319
2129 1446
2129 2319
2129 2428
2129 3071
2129 3429
2130 464
2130 3279
2130 4922
2131 382
2131 699
2131 920
2131 1110
2131 1443
2131 1615
2131 1763
2131 2139
2131 2211
2131 2684
2131 3677
2131 3980
2131 4562
2131 4841
2133 4588
2134 2136
2134 4304
2135 3561
2136 458
2137 259
2137 946
2138 1611
2138 2772
2139 2815
2139 4363
2140 48
2140 1715
2140 3602
2142 145
2143 2031
2145 1086
2145 2319
2145 2386
2145 3680
2146 1335
2146 3232
2146 3884
2146 4124
2147 4994
2148 2852
2151 3447
2152 44
2152 236
2153 137
2153 2191
2153 2874
2153 4491
2153 4879
2156 740
2156 1910
2156 2484
2156 4563
2158 60
2158 1825
2158 3001
2159 888
2159 1594
2159 2797
2159 3772
2159 4381
2160 1909
2160 2287
2161 1699
2161 2188
2161 2271
2161 2966
2161 3463
2161 4793
2163 276
2163 352
2163 1956
2163 2581
2164 2686
2164 3391
2164 3940
2165 954
2165 978
2165 3088
2165 4198
2165 4855
2165 4891
2166 271
2166 379
2166 951
2166 1201
2166 1503
2166 2165
2166 2813
2166 2928
2166 3550
2166 4144
2167 434
2167 1189
2167 3007
2168 4119
2168 4947
2170 398
2170 3380
2172 967
2172 1250
2172 1434
2172 2027
2172 3540
2172 4533
2173 733
2173 3851
2174 244
2174 1225
2174 2295
2174 2392
2174 2741
2174 3410
2174 4109
2175 1022
2175 3563
2176 1193
2176 2787
2176 2892
2176 2976
2176 3070
2176 3216
2176 3370
2176 4532
2176 4579
2177 1296
2177 4199
2179 571
2179 1008
2179 1613
2179 3743
2179 4347
2180 137
2180 1003
2180 1475
2180 3379
2181 955
2181 1900
2181 2922
2181 3453
2181 3509
2182 2569
2184 1843
2184 2380
2184 2518
2184 3647
2184 3911
2184 4871
2184 4929
2184 4974
2185 618
2185 1632
2185 2816
2187 1567
2187 3674
2187 3677
2187 4815
2188 312
2188 391
2188 1300
2188 1419
2188 1656
2188 3090
2188 3207
2188 3917
2188 4570
2189 48
2189 2533
2189 2953
2190 1092
2190 1622
2190 2268
2190 2987
2190 3456
2191 104
2191 117
2191 259
2191 917
2191 1051
2191 1586
2191 1776
2191 2227
2191 2390
2191 2578
2191 2969
2191 3667
2191 4393
2192 57
2192 1305
2192 2855
2192 3728
2192 3851
2192 4089
2192 4996
2193 1217
2193 2390
2194 1056
2194 1769
2194 2322
2194 2661
2194 2870
2194 2926
2194 4156
2196 1537
2196 4837
2198 2112
2198 2581
2198 2627
2199 82
2199 1217
2199 1266
2199 1283
2199 1656
2199 1705
2199 1741
2199 3492
2200 2382
2201 1391
2201 2996
2201 3111
2201 4483
2202 601
2202 1579
2202 1785
2203 4320
2204 376
2204 905
2205 22
2205 1524
2205 2018
2205 2998
2205 4429
2205 4555
2206 1502
2207 937
2207 2861
2207 4865
2208 4087
2208 4345
2208 4728
2209 672
2209 1231
2209 4339
2210 1354
2210 2072
2210 4023
2211 325
2211 1579
2211 3207
2211 3322
2212 25
2212 689
2212 1056
2212 2687
2212 3450
2212 3667
2213 1272
2213 2445
2213 2465
2214 1604
2214 2146
2216 1579
2216 1999
2216 4452
2216 4621
2217 338
2217 1056
2217 1889
2217 3742
2218 1881
2219 363
2219 2477
2220 137
2220 2054
2220 2562
2220 3017
2220 4759
2222 1031
2222 3430
2225 2684
2225 3986
2225 4222
2226 1074
2226 1785
2226 3889
2226 3925
2226 4341
2226 4505
2226 4764
2226 4995
2227 1727
2227 2250
2227 3568
2227 3741
2227 4237
2228 514
2228 1781
2228 3945
2228 4879
2229 313
2229 539
2229 798
2229 1218
2229 2391
2229 4158
2229 4392
2229 4721
2233 2350
2233 4417
2234 2541
2234 3382
2234 4608
2234 4835
2235 741
2235 832
2235 4158
2237 357
2237 1094
2238 302
2238 1446
2240 983
2241 2261
2241 4726
2241 4964
2242 297
2242 956
2242 1891
2242 3925
2242 4098
2242 4703
2243 1498
2243 3508
2244 3383
2245 502
2245 2741
2245 2917
2247 14
2247 2863
2247 4019
2248 1908
2248 2854
2248 4341
2249 350
2249 3151
2249 3592
2249 4392
2250 555
2250 648
2250 2161
2250 2969
2250 3974
2253 915
2253 1598
2253 2059
2253 3623
2254 104
2255 113
2255 2190
2255 2796
2255 3318
2255 3711
2258 1100
2258 2623
2258 2717
2258 3122
2260 2765
2260 3242
2260 3556
2260 3645
2260 4542
2261 965
2261 3530
2261 3650
2261 3688
2262 198
2262 473
2262 506
2262 2429
2262 3472
2262 3548
2262 3848
2262 4741
2262 4840
2264 173
2264 3772
2265 3295
2266 37
2266 306
2266 1732
2266 2506
2266 2576
2266 2706
2266 3166
2266 3851
2266 3979
2266 4021
2266 4413
2266 4448
2267 1627
2267 2648
2267 3450
2268 35
2268 564
2268 966
2268 1101
2268 1472
2268 1974
2268 2342
2268 2412
2268 2783
2268 2912
2268 2998
2268 3112
2268 3863
2268 4523
2268 4720
2269 1149
2269 1360
2269 3091
2269 3266
2269 4007
2270 3845
2271 481
2271 2790
2271 2855
2272 549
2272 3167
2273 228
2276 1801
2276 4239
2277 3174
2279 497
2279 1295
2279 1732
2279 2969
2279 3670
2279 3920
2279 4232
2281 60
2281 3558
2281 4609
2282 865
2282 1554
2282 3843
2283 1032
2283 4067
2284 1374
2284 2915
2284 4195
2287 3597
2287 3689
2288 1297
2288 4904
2291 946
2291 1056
2291 1455
2291 4517
2292 1039
2292 1583
2293 1126
2293 3261
2294 2557
2295 230
2295 591
2295 1975
2295 4955
2296 609
2296 893
2296 2006
2296 2396
2296 2885
2296 4049
2297 605
2297 1939
2297 2069
2297 2185
2297 2404
2297 2747
2297 4128
2299 3095
2301 822
2302 2314
2302 2851
2302 2960
2302 3118
2302 4046
2305 1475
2305 1815
2306 4508
2307 418
2307 1590
2307 3429
2307 4964
2308 8
2308 954
2308 1222
2308 1305
2308 1506
2308 2334
2308 3069
2308 3241
2308 3540
2308 3884
2308 4600
2309 2191
2309 4113
2309 4516
2309 4596
2310 454
2310 543
2310 2102
2312 137
2312 150
2312 507
2312 1486
2312 2505
2312 2692
2312 2771
2312 3131
2312 4312
2312 4663
2312 4729
2312 4769
2312 4832
2314 837
2314 2139
2314 2238
2314 2987
2315 69
2315 199
2315 398
2315 1028
2315 1218
2315 1431
2315 1779
2315 3065
2315 3284
2315 3549
2315 3869
2315 4162
2315 4314
2315 4498
2318 178
2318 1995
2318 2121
2318 2161
2318 2249
2318 3270
2318 4024
2319 137
2319 372
2319 1444
2319 2352
2319 2425
2319 2503
2319 2942
2319 4648
2320 539
2320 829
2320 1097
2320 4519
2320 4739
2322 1141
2322 1309
2322 1366
2322 2792
2322 3033
2322 4069
2322 4230
2322 4579
2322 4739
2322 4840
2322 4897
2324 2191
2324 2943
2324 3134
2324 4570
2325 2411
2325 4063
2326 39
2326 2047
2327 741
2327 2034
2327 4086
2328 1066
2329 72
2329 2233
2330 1565
2330 4442
2332 751
2332 1715
2332 4296
2332 4312
2334 4014
2334 4894
2337 1312
2337 3663
2338 203
2338 1956
2338 2226
2338 4723
2339 3679
2341 2803
2341 3949
2342 442
2342 2571
2342 3491
2342 4033
2344 1193
2344 1241
2344 1335
2344 1656
2344 3005
2344 4385
2344 4667
2345 345
2345 3049
2345 3676
2345 4570
2346 212
2346 4095
2346 4557
2347 1976
2349 2393
2349 3131
2350 973
2350 2676
2350 2848
2350 3018
2350 3048
2350 3812
2350 4710
2351 417
2352 325
2352 380
2352 986
2352 1532
2352 1645
2352 2504
2352 3163
2352 3491
2352 4027
2353 104
2353 271
2353 2008
2353 2053
2353 3149
2353 3447
2353 3696
2354 54
2354 787
2354 1114
2354 2111
2354 3984
2355 217
2355 831
2355 2145
2355 2356
2355 2863
2355 4523
2356 1190
2356 2622
2356 3055
2356 3199
2356 3540
2356 3895
2356 4242
2357 3529
2357 4046
2358 241
2358 272
2358 2000
2358 3131
2360 966
2360 2560
2360 4288
2360 4994
2363 336
2363 1763
2363 2302
2363 2669
2363 4287
2363 4756
2364 1291
2364 1741
2364 1893
2366 1979
2366 2326
2366 3123
2366 4278
2366 4751
2367 2358
2368 4180
2369 2440
2370 361
2370 903
2370 2455
2370 2880
2370 4247
2370 4377
2371 887
2371 2260
2372 1519
2374 128
2374 3549
2374 4714
2376 1102
2376 4993
2377 253
2377 412
2377 576
2377 806
2377 984
2377 1448
2377 1531
2377 1715
2377 2391
2377 2407
2377 3427
2377 3852
2377 4003
2377 4254
2378 1069
2378 1203
2378 2695
2378 3848
2378 4460
2380 546
2381 1815
2381 2387
2381 4281
2381 4320
2386 2425
2387 820
2387 1112
2387 1975
2387 2004
2387 2039
2387 3121
2387 3738
2387 4433
2388 2594
2390 314
2390 523
2390 621
2390 1590
2390 1694
2390 1905
2390 1975
2390 2000
2390 2039
2390 2453
2390 2807
2390 2884
2390 3431
2390 3540
2390 3718
2390 3852
2390 3879
2390 4007
2390 4516
2390 4741
2391 338
2391 409
2391 466
2391 813
2391 955
2391 1443
2391 1541
2391 1559
2391 1590
2391 1763
2391 1952
2391 2131
2391 2202
2391 2205
2391 2312
2391 2396
2391 2488
2391 2669
2391 2706
2391 2723
2391 2842
2391 2987
2391 3419
2391 3677
2391 3812
2391 3852
2391 4063
2391 4357
2391 4400
2391 4448
2391 4453
2391 4457
2391 4579
2391 4897
2391 4979
2392 3231
2393 877
2393 1790
2393 2320
2393 2568
2393 3403
2393 4378
2394 260
2394 344
2394 507
2394 1395
2394 2950
2394 3155
2394 3264
2394 3980
2394 4943
2395 1813
2396 113
2396 2004
2396 3897
2397 2942
2397 3272
2397 3585
2398 26
2398 1002
2398 2368
2398 3523
2399 1309
2399 1590
2399 2191
2399 2739
2399 3652
2399 4284
2399 4460
2399 4633
2400 2871
2402 700
2402 1169
2402 1440
2402 2969
2402 3544
2403 216
2403 893
2403 1585
2403 1766
2403 2083
2403 2241
2404 29
2407 432
2407 534
2407 549
2407 1241
2407 2131
2407 2418
2407 2425
2407 3226
2407 3854
2407 4014
2407 4783
2407 4798
2407 4983
2409 1725
2411 752
2411 860
2411 1712
2411 3727
2412 149
2412 153
2412 425
2412 748
2412 920
2412 984
2412 1012
2412 1393
2412 1486
2412 1682
2412 1779
2412 2425
2412 2882
2412 4120
2412 4166
2412 4555
2412 4672
2412 4749
2412 4783
2412 4793
2412 4897
2415 62
2415 68
2415 78
2415 279
2415 1006
2415 1837
2415 2118
2415 2377
2415 2675
2415 3134
2415 3982
2415 4462
2415 4540
2416 1393
2416 2013
2416 3641
2418 1087
2418 2430
2418 4320
2421 2991
2421 3387
2423 2979
2423 3600
2423 4460
2425 137
2425 520
2425 957
2425 2040
2425 2692
2425 3030
2425 3091
2425 3623
2425 3651
2425 3837
2425 3873
2425 4170
2425 4915
2425 4994
2427 917
2427 1001
2428 1501
2428 1524
2428 1716
2428 2134
2428 2217
2428 2581
2428 2654
2428 3149
2428 3164
2428 3293
2428 3431
2428 4242
2428 4580
2428 4699
2429 19
2429 538
2429 833
2429 4211
2429 4457
2430 446
2432 859
2432 1824
2432 2006
2432 2608
2432 4771
2433 2087
2435 1390
2435 1788
2435 2249
2435 2416
2435 3375
2436 3314
2437 1855
2437 2511
2437 2666
2437 2815
2437 3430
2439 839
2439 4959
2440 747
2440 2377
2440 2777
2440 3671
2440 4018
2442 312
2442 412
2443 136
2443 4785
2444 2554
2445 3186
2447 1713
2447 3430
2448 4981
2451 4246
2452 87
2452 2023
2452 2143
2452 2623
2452 3317
2452 3414
2452 4387
2453 1720
2453 4527
2454 15
2454 207
2454 610
2454 1100
2454 2309
2454 2391
2454 3644
2454 3863
2454 4131
2454 4408
2455 37
2455 1591
2455 4642
2455 4787
2456 893
2456 1084
2456 1904
2456 2164
2456 3202
2456 3316
2456 3337
2456 3518
2456 3718
2456 4048
2456 4758
2457 2222
2458 244
2458 3599
2458 4090
2459 1333
2459 1962
2459 3415
2459 4618
2460 1616
2460 2958
2460 4720
2461 460
2461 3549
2461 4741
2462 404
2462 405
2462 1994
2462 3486
2462 3896
2462 3917
2462 4224
2463 157
2463 1405
2464 329
2464 894
2464 2660
2464 4408
2465 538
2465 811
2465 1001
2465 1656
2465 1923
2465 1975
2465 2969
2465 3098
2465 3546
2465 4459
2465 4496
2466 891
2466 1870
2466 3609
2466 4103
2466 4931
2471 1601
2471 1934
2474 565
2474 883
2474 1608
2474 2095
2474 2715
2475 1507
2475 1739
2475 2816
2475 4113
2475 4392
2476 838
2476 1682
2476 2425
2476 4315
2477 4873
2479 62
2480 4776
2481 2127
2483 64
2483 963
2483 1073
2484 1087
2484 1366
2484 1453
2484 2840
2484 3182
2484 4248
2486 922
2486 2914
2487 3596
2487 4555
2488 202
2488 817
2488 917
2488 1056
2488 1622
2488 1750
2488 1862
2488 2322
2488 3059
2488 3404
2488 3602
2488 3869
2488 4129
2488 4908
2489 3832
2489 4612
2490 488
2490 1523
2491 383
2491 515
2491 3049
2491 3621
2491 4198
2491 4821
2492 405
2492 611
2492 1350
2492 1705
2492 3033
2492 3034
2492 3631
2492 4124
2492 4504
2495 2073
2495 2515
2495 3286
2495 3630
2495 3656
2495 3777
2495 3823
2497 4030
2497 4248
2498 409
2498 1100
2498 4341
2498 4736
2498 4894
2499 1905
2499 2689
2499 3413
2499 3951
2500 843
2500 1314
2500 1923
2500 2306
2500 2637
2500 3542
2502 2813
2502 4120
2502 4286
2503 1635
2503 2808
2503 4280
2504 659
2504 1915
2505 1708
2505 1756
2505 3086
2505 3146
2505 3509
2505 4725
2506 893
2506 1037
2506 1932
2506 2571
2508 951
2508 1143
2508 1538
2508 1653
2508 2407
2508 2627
2508 3048
2508 3516
2508 4210
2510 3823
2511 443
2511 1000
2511 1732
2511 2425
2511 3909
2511 4623
2511 4840
2512 1092
2513 2163
2513 3737
2513 4793
2513 4979
2514 54
2514 1660
2514 3005
2515 119
2515 1019
2515 2029
2515 3107
2515 3523
2515 4046
2515 4093
2516 1998
2516 2534
2517 4378
2517 4766
2517 4871
2518 166
2518 2669
2518 3395
2518 3854
2521 107
2521 801
2521 3462
2522 1237
2522 2492
2522 3408
2522 4427
2522 4471
2523 536
2523 637
2523 2111
2523 2892
2523 3374
2525 10
2525 3114
2526 2028
2526 3877
2526 4207
2527 2005
2527 2161
2527 2192
2527 3127
2527 3495
2527 3825
2527 4336
2532 2411
2532 4433
2532 4693
2533 4536
2534 953
2534 1174
2534 4225
2536 399
2536 2299
2539 759
2539 3261
2540 1984
2540 2775
2540 2918
2540 3013
2540 4083
2540 4477
2541 690
2541 741
2541 766
2541 945
2541 1086
2541 2034
2541 3173
2542 1855
2542 2113
2543 409
2543 681
2543 1538
2543 2456
2545 2758
2547 2852
2547 4403
2548 566
2548 958
2548 1038
2548 3041
2548 4139
2548 4433
2549 448
2549 1079
2549 2723
2549 3023
2549 3904
2553 926
2553 1019
2553 1661
2553 3223
2553 4013
2553 4035
2553 4387
2553 4542
2553 4870
2554 147
2554 2291
2554 2322
2554 2349
2554 2672
2554 3370
2554 3430
2554 3768
2554 4385
2555 4995
2556 3417
2557 54
2557 313
2557 391
2557 2271
2557 2937
2557 3033
2558 264
2558 3470
2558 3895
2560 956
2560 1201
2560 1843
2560 1859
2560 2315
2560 2897
2560 3037
2563 3285
2563 3692
2563 3918
2564 3601
2565 4622
2566 4420
2567 1215
2568 1525
2568 4888
2569 425
2569 1291
2569 1878
2569 3270
2569 4186
2569 4336
2569 4917
2570 4
2570 748
2570 967
2570 1048
2570 1620
2570 3629
2571 1010
2571 2775
2571 3427
2571 4480
2572 310
2572 1020
2572 1084
2572 1644
2572 2269
2572 3379
2572 3530
2573 3318
2576 1299
2576 1936
2576 2744
2577 562
2577 776
2578 1283
2578 2403
2578 3488
2578 4034
2578 4409
2578 4894
2580 2394
2581 1217
2581 1236
2581 2054
2581 2131
2581 2360
2581 3029
2581 3090
2581 3668
2583 767
2584 1424
2585 12
2585 1586
2585 1620
2587 4749
2590 743
2590 2540
2590 2723
2591 127
2591 469
2591 1516
2591 2299
2591 3723
2592 889
2592 2377
2592 2946
2592 3185
2593 993
2593 2070
2593 3625
2593 4117
2593 4503
2593 4752
2594 184
2594 1671
2594 2758
2597 1052
2597 4553
2598 874
2598 1190
2598 1913
2598 2062
2598 2389
2598 3472
2598 3985
2598 4813
2599 2201
2600 1778
2600 3442
2600 3980
2601 1459
2601 4421
2603 291
2603 4904
2604 2029
2604 2342
2604 4021
2607 618
2607 3592
2608 638
2608 911
2609 4643
2610 1519
2610 3258
2610 4238
2610 4628
2611 262
2611 621
2611 1309
2611 1403
2611 1705
2611 1746
2611 1843
2611 2191
2611 2622
2611 2750
2611 2976
2611 3478
2611 3686
2611 3740
2611 3855
2611 4520
2611 4889
2613 2841
2613 2999
2613 3205
2614 3615
2615 783
2615 3679
2616 2137
2616 3276
2616 3485
2617 1433
2617 1494
2617 1989
2617 4345
2617 4618
2620 4416
2621 247
2621 1779
2621 3380
2622 1597
2622 4392
2622 4776
2622 4798
2623 321
2623 3324
2626 534
2626 535
2626 663
2626 893
2626 1370
2626 2131
2626 2453
2626 3002
2626 4709
2627 680
2627 1445
2627 2191
2627 2496
2627 3070
2627 3292
2627 4242
2629 2798
2629 4174
2632 1078
2632 2288
2632 3912
2633 1862
2633 3547
2635 2008
2635 2011
2635 2666
2635 3665
2635 4816
2637 425
2637 965
2637 1514
2637 1685
2637 1772
2637 1953
2637 2892
2638 2847
2638 3135
2639 1485
2639 2209
2639 2562
2639 2763
2639 3575
2639 4945
2640 54
2640 344
2640 659
2640 2421
2641 335
2641 1255
2641 2272
2641 2357
2641 4007
2641 4232
2641 4763
2641 4870
2642 1767
2642 2486
2642 3944
2642 4041
2642 4957
2643 164
2643 605
2643 1020
2643 3107
2643 3332
2643 3430
2644 37
2644 52
2644 571
2644 609
2644 633
2644 1214
2644 1444
2644 2511
2644 2669
2646 675
2646 4124
2647 2244
2647 3273
2648 183
2648 3225
2648 3311
2648 3920
2649 1464
2649 2378
2649 3607
2650 729
2650 2307
2650 3168
2650 3766
2650 4177
2651 2412
2652 2168
2652 2801
2652 3406
2653 621
2653 1414
2653 3873
2654 801
2654 2681
2654 2939
2655 674
2655 1409
2655 2199
2655 2458
2655 3293
2655 4288
2655 4904
2657 982
2657 1477
2657 1659
2657 2402
2657 3373
2657 3462
2657 3655
2658 1206
2658 1636
2658 4509
2660 159
2660 891
2660 1101
2660 1618
2660 3613
2660 3764
2660 4465
2661 810
2661 2120
2661 4197
2662 1963
2662 2874
2662 4470
2664 2765
2664 3984
2664 4538
2664 4777
2664 4867
2665 1063
2665 1815
2665 2662
2665 3124
2665 3858
2666 147
2666 302
2666 2370
2666 2675
2666 3879
2666 3963
2667 3567
2669 375
2669 512
2669 1437
2669 1781
2669 2048
2669 3088
2669 4340
2669 4879
2670 829
2670 978
2670 1813
2670 2637
2670 2916
2670 3074
2670 3436
2671 2576
2671 3535
2671 3584
2671 3741
2671 4381
2672 1133
2672 1201
2672 1218
2672 1862
2672 2776
2672 2911
2672 3055
2673 813
2673 1312
2673 1649
2673 4180
2675 314
2675 903
2675 959
2675 1771
2675 1878
2675 2302
2675 3317
2675 3322
2675 3952
2675 4103
2675 4247
2675 4433
2676 2105
2676 2883
2676 3668
2676 4398
2679 1297
2679 2105
2679 2508
2679 3016
2681 1732
2681 4093
2682 1732
2682 2167
2683 4063
2684 1235
2684 2962
2684 3455
2685 929
2685 4420
2686 810
2686 1983
2686 3097
2687 73
2687 787
2687 2532
2687 3365
2687 4009
2689 100
2689 618
2689 905
2689 2381
2689 3567
2689 4312
2689 4855
2691 743
2691 1114
2691 1509
2691 2066
2691 2961
2691 4186
2692 27
2692 453
2692 851
2692 1431
2692 1874
2692 2308
2692 2847
2692 2872
2692 3192
2694 881
2694 2874
2694 3545
2694 3886
2695 338
2695 4559
2696 3718
2697 139
2697 3855
2698 2573
2698 3677
2698 4127
2699 14
2699 1618
2699 4288
2700 2564
2702 3334
2704 1667
2706 1117
2706 1122
2706 1419
2706 1485
2706 1613
2706 1642
2706 1781
2706 2027
2706 2048
2706 2192
2706 2355
2706 3322
2706 3403
2706 4137
2706 4403
2706 4413
2707 1307
2707 2264
2709 4196
2709 4345
2709 4765
2710 1381
2710 1862
2710 2012
2710 2337
2710 2375
2710 3672
2710 4816
2710 4957
2711 2099
2711 2603
2711 2695
2713 471
2713 1030
2713 2492
2714 1485
2714 3172
2715 160
2715 541
2715 888
2715 1467
2715 1910
2715 2608
2715 2892
2715 4856
2716 484
2716 823
2716 1395
2716 1648
2716 2567
2716 2728
2717 3120
2718 155
2719 1555
2723 202
2723 1365
2723 1638
2723 2892
2724 4866
2725 1829
2725 3568
2726 846
2726 2295
2726 3226
2726 3516
2726 3622
2726 3775
2726 4741
2727 4942
2728 274
2728 669
2728 2124
2728 3884
2729 2249
2729 3002
2730 381
2730 2213
2730 2569
2730 4902
2731 353
2731 820
2731 3575
2731 4786
2731 4996
2732 135
2732 482
2732 740
2732 4044
2732 4386
2733 837
2733 1087
2733 1929
2733 3329
2735 409
2735 1159
2737 920
2737 2755
2738 295
2738 2669
2738 3089
2738 3202
2739 599
2739 1508
2739 2775
2739 3951
2739 4176
2739 4345
2739 4391
2740 1712
2740 2297
2740 3670
2741 853
2741 2783
2741 3005
2743 37
2743 823
2743 897
2743 1247
2743 1554
2743 3359
2743 3424
2743 3490
2744 2104
2745 324
2746 3
2747 2024
2747 3755
2747 4496
2749 1818
2749 2739
2750 578
2750 893
2750 1012
2750 1215
2750 1241
2750 1388
2750 1486
2750 2655
2750 2805
2750 3034
2750 3164
2750 3295
2750 3855
2750 4113
2750 4225
2750 4392
2750 4723
2751 1163
2751 1869
2751 2439
2751 3144
2751 3587
2752 129
2752 1187
2752 1250
2752 3084
2752 3494
2755 210
2755 2129
2755 3696
2756 281
2756 1350
2756 1597
2757 575
2758 83
2758 117
2758 708
2758 1719
2758 2048
2758 2412
2758 3406
2760 3133
2761 474
2761 479
2761 1891
2761 3792
2762 3327
2763 353
2763 755
2763 1024
2763 3967
2764 2042
2765 877
2765 2455
2765 3540
2765 4093
2765 4113
2766 96
2766 1316
2766 1685
2766 3979
2766 4106
2766 4652
2768 134
2768 1646
2768 3780
2769 1059
2771 692
2771 894
2771 4809
2772 3502
2775 691
2775 1259
2775 1467
2775 2521
2775 2987
2775 2994
2775 3033
2775 3667
2775 3980
2775 4042
2775 4596
2775 4841
2775 4929
2776 2337
2776 4623
2776 4664
2778 62
2778 492
2778 2585
2778 2728
2778 3966
2778 3980
2778 4030
2780 150
2780 899
2780 1119
2780 1298
2780 1656
2780 2160
2780 2297
2780 3070
2780 3952
2780 4247
2780 4586
2785 1189
2785 1410
2785 4174
2786 910
2786 1910
2787 2202
2787 2249
2788 967
2788 2653
2788 2713
2789 2075
2789 2718
2789 2882
2789 4331
2790 1939
2790 3782
2790 3974
2791 1837
2792 372
2792 741
2792 743
2792 1337
2792 1974
2792 3570
2792 4225
2794 4854
2795 382
2795 1772
2795 2944
2796 2646
2796 3427
2796 3779
2796 4626
2797 109
2797 839
2797 1324
2797 1832
2797 2073
2797 2352
2797 3345
2797 3787
2797 4179
2797 4385
2797 4576
2798 2151
2798 2828
2798 4385
2798 4779
2800 929
2800 1542
2800 1627
2801 476
2801 1415
2801 1639
2803 428
2803 715
2803 1427
2803 2063
2803 2222
2803 2554
2803 2918
2803 3270
2803 3290
2803 4021
2803 4298
2803 4400
2803 4460
2803 4816
2805 794
2805 2249
2805 2543
2805 3329
2805 3496
2805 4347
2806 446
2806 2138
2806 4506
2807 2568
2808 188
2808 358
2808 1678
2809 208
2809 243
2809 794
2809 1307
2809 1443
2809 3005
2809 4537
2809 4831
2810 1328
2810 3183
2810 3974
2812 391
2812 507
2812 544
2812 2003
2812 2025
2812 2312
2812 2558
2812 2919
2812 3155
2812 3455
2812 4424
2813 135
2813 580
2813 835
2813 997
2813 1975
2813 2226
2813 2399
2813 2644
2813 3033
2813 3419
2813 3430
2813 4979
2814 2976
2814 4889
2815 857
2815 1377
2815 1790
2815 3397
2815 4820
2816 2250
2816 2403
2816 4312
2816 4413
2817 3133
2817 4973
2818 1666
2818 1754
2820 768
2820 4532
2821 147
2821 350
2821 1139
2821 2109
2821 2626
2821 2823
2821 2852
2821 2950
2821 3247
2823 1763
2823 1860
2823 2704
2824 766
2824 3290
2825 540
2825 1022
2826 1070
2828 185
2828 372
2828 543
2828 1613
2828 1685
2828 1923
2828 2629
2828 2726
2828 3419
2828 3540
2828 4176
2828 4432
2828 4471
2828 4757
2828 4983
2829 4114
2829 4260
2831 287
2831 2504
2831 4465
2832 1498
2832 1989
2832 3903
2833 3073
2833 3744
2833 4537
2835 670
2835 955
2835 1122
2836 475
2836 816
2836 1257
2839 6
2839 2700
2840 712
2840 4376
2842 82
2842 305
2842 691
2842 823
2842 1218
2842 2350
2842 3080
2842 3991
2842 4793
2843 4433
2844 914
2844 1136
2844 1185
2844 4371
2845 149
2845 344
2845 428
2845 2783
2845 3458
2845 3674
2845 4445
2845 4484
2845 4523
2845 4674
2847 132
2847 541
2847 1887
2847 2686
2848 2357
2848 3048
2850 4683
2850 4955
2851 1850
2851 2691
2851 2994
2851 3707
2851 4122
2852 4393
2854 2367
2854 3912
2855 2465
2855 2671
2855 2921
2855 3667
2857 4888
2858 562
2858 2989
2859 1878
2859 2946
2859 3963
2859 4105
2860 3865
2860 4552
2861 294
2861 663
2861 1287
2861 1604
2861 4816
2862 4028
2863 659
2863 1457
2863 1664
2863 1816
2863 1991
2863 2234
2864 2813
2865 1776
2865 4460
2866 1502
2866 1860
2866 4894
2867 1580
2867 4535
2868 104
2868 107
2868 1517
2868 2250
2868 2356
2870 849
2870 2491
2871 2483
2871 3146
2872 395
2872 2873
2872 3832
2873 3362
2873 4224
2874 614
2874 1083
2874 1271
2874 1371
2874 2103
2874 2229
2874 2623
2874 3987
2874 4328
2874 4957
2875 682
2875 1639
2875 1919
2875 3149
2875 3870
2879 328
2879 1130
2879 2555
2879 4325
2880 442
2880 955
2880 1993
2880 1998
2880 2318
2880 3843
2881 2534
2881 4293
2882 891
2882 2034
2882 4131
2882 4149
2882 4516
2883 1645
2883 1682
2883 2572
2883 2866
2883 3308
2883 4292
2884 656
2884 1076
2884 2193
2884 2643
2885 1133
2885 2833
2885 4464
2886 261
2886 534
2886 1514
2886 1645
2886 2578
2886 3421
2886 4214
2887 485
2887 3071
2887 3540
2887 4453
2888 2216
2889 1375
2889 1976
2889 2036
2889 3120
2889 4190
2889 4885
2890 61
2892 28
2892 840
2893 1886
2893 1912
2893 3689
2893 4172
2894 2310
2894 2919
2894 4570
2894 4911
2895 828
2895 1201
2895 3582
2897 927
2897 1262
2897 1325
2897 4379
2898 2992
2898 3744
2900 94
2900 1904
2900 2161
2900 2349
2900 4214
2900 4323
2900 4454
2900 4879
2901 2542
2902 96
2902 917
2903 2310
2906 2718
2910 1532
2911 425
2911 699
2911 743
2911 1906
2911 2190
2911 2715
2911 3667
2911 4985
2912 891
2912 1546
2912 2242
2912 2554
2912 3473
2912 3659
2912 4247
2912 4523
2913 1964
2913 3574
2913 3757
2914 2870
2914 3186
2915 95
2915 559
2915 1470
2915 2341
2915 3876
2916 342
2916 906
2916 2104
2916 2772
2916 3419
2916 3595
2916 3653
2916 3681
2916 3859
2916 4272
2916 4994
2917 820
2917 868
2917 974
2917 2184
2917 3466
2917 3797
2918 154
2918 254
2918 932
2918 972
2918 1974
2918 4341
2918 4640
2919 173
2919 191
2919 1628
2919 1909
2919 2225
2919 2845
2919 3333
2919 3408
2919 3925
2919 4520
2920 1862
2920 4201
2920 4847
2921 942
2921 2911
2921 4840
2922 2220
2922 3534
2922 4587
2923 4917
2925 975
2925 2095
2925 3910
2925 4035
2926 1412
2926 4110
2926 4137
2927 2066
2927 2625
2928 580
2929 990
2929 1228
2929 1994
2929 2386
2929 3099
2929 3329
2929 3755
2930 2851
2930 3934
2932 127
2932 840
2932 2610
2933 375
2933 1137
2934 1756
2936 344
2936 1050
2936 2888
2936 4074
2937 100
2937 730
2937 1803
2937 3080
2937 4273
2937 4295
2937 4335
2937 4345
2939 1427
2939 1443
2939 1579
2939 1878
2939 2314
2939 2706
2939 3718
2939 4328
2939 4492
2940 2894
2940 4045
2941 973
2941 1705
2941 4377
2941 4813
2942 2457
2942 2633
2942 2917
2942 4120
2943 237
2943 4009
2944 484
2945 3439
2946 219
2946 477
2946 3071
2946 4520
2947 2108
2947 3611
2949 442
2949 2623
2949 4178
2949 4520
2950 150
2950 1781
2950 1905
2950 4013
2950 4851
2952 2801
2953 1067
2953 2402
2957 1952
2957 2925
2958 357
2958 2475
2958 4902
2960 94
2960 428
2960 721
2960 798
2960 936
2960 1383
2960 1568
2960 1843
2960 1952
2960 2515
2960 3722
2960 3742
2962 964
2962 4503
2963 839
2965 3819
2965 4605
2966 1180
2967 1761
2967 2042
2967 4390
2967 4752
2968 1521
2968 1676
2968 2533
2968 2570
2968 4174
2968 4743
2969 12
2969 262
2969 492
2969 538
2969 1129
2969 1324
2969 1542
2969 1843
2969 2308
2969 2454
2969 2553
2969 2554
2969 2807
2969 3204
2969 3969
2969 3974
2969 4561
2969 4596
2969 4851
2970 39
2970 514
2970 1012
2970 1177
2970 3133
2971 5
2971 1323
2971 2629
2971 3077
2972 141
2972 4109
2972 4448
2972 4894
2976 178
2976 617
2976 1201
2976 2382
2976 3475
2978 888
2978 1079
2978 2750
2978 3391
2978 3709
2978 4209
2978 4592
2979 2143
2979 2390
2979 2744
2979 3018
2979 4992
2980 945
2980 1181
2980 1288
2980 1911
2980 3579
2981 272
2981 1393
2981 1465
2981 1593
2981 3412
2982 903
2982 1622
2982 4223
2983 468
2985 980
2985 4645
2986 2112
2986 4677
2987 748
2987 1601
2987 2706
2987 2969
2987 3225
2987 3322
2987 4676
2989 336
2989 2108
2990 2161
2990 2566
2990 4900
2991 2205
2991 3388
2992 808
2992 4380
2994 1807
2994 1995
2994 2378
2994 3007
2994 3228
2994 3491
2994 3707
2994 4544
2994 4745
2995 432
2995 849
2995 1440
2995 2833
2995 3007
2995 4408
2996 2192
2996 3546
2996 3579
2996 3759
2997 150
2997 350
2997 757
2997 1147
2997 1318
2997 2570
2997 2829
2997 3250
2997 3833
2997 3876
2997 3920
2997 4570
2997 4745
2997 4805
2997 4979
2998 358
2998 820
2998 891
2998 1070
2998 1084
2998 1366
2998 1374
2998 1722
2998 1905
2998 2190
2998 2387
2998 2854
2998 3065
2998 4516
2998 4766
2998 4908
2999 682
2999 1721
2999 2283
3000 691
3000 1463
3000 1859
3000 1908
3000 3068
3000 3442
3001 398
3001 1010
3002 1518
3002 3533
3002 4804
3003 4026
3004 4173
3005 365
3005 801
3005 802
3005 1974
3005 1975
3005 2187
3005 2205
3005 2258
3005 2639
3005 2892
3005 3007
3005 4075
3005 4122
3005 4618
3005 4813
3007 70
3007 367
3007 915
3007 955
3007 998
3007 1880
3007 1974
3007 2131
3007 2391
3007 2537
3007 2554
3007 2644
3007 3215
3007 3322
3007 3683
3007 3748
3007 3882
3007 4369
3007 4520
3007 4793
3007 4798
3009 4755
3009 4950
3010 2307
3011 2707
3012 58
3012 3751
3013 538
3013 1192
3013 1673
3013 1872
3013 2454
3013 3675
3013 4518
3014 3196
3015 2114
3016 1548
3016 3534
3016 4171
3016 4750
3018 781
3018 1271
3018 4488
3019 2797
3019 3645
3021 2433
3021 3602
3022 3452
3022 4884
3023 312
3023 691
3023 1282
3023 2281
3023 3447
3023 4414
3023 4416
3027 3253
3027 3479
3028 2222
3029 392
3029 4042
3029 4345
3029 4618
3030 1075
3030 1531
3030 1712
3030 3052
3031 1166
3031 3173
3031 4934
3032 828
3032 966
3033 72
3033 197
3033 566
3033 679
3033 1579
3033 2122
3033 3111
3033 3677
3033 3735
3033 3855
3033 3963
3033 4106
3033 4284
3033 4593
3034 1059
3034 1328
3034 3595
3034 3622
3034 4304
3036 1593
3037 610
3037 765
3037 1189
3040 877
3041 1134
3041 1374
3041 1944
3041 3290
3043 2093
3044 2739
3045 4141
3046 4811
3047 4203
3048 1403
3048 1699
3048 2460
3048 4942
3049 398
3049 955
3049 1405
3049 1586
3049 1656
3049 2958
3049 3084
3049 3168
3049 3270
3049 4579
3049 4840
3049 4861
3052 544
3052 1445
3052 1843
3052 2443
3053 198
3053 773
3053 2447
3053 4798
3053 4978
3055 123
3055 134
3055 2126
3055 2855
3055 3583
3055 3715
3055 3823
3055 4731
3056 1020
3056 1348
3056 1781
3056 2390
3056 3618
3057 588
3057 986
3057 3718
3057 4815
3059 250
3059 703
3059 1375
3059 1592
3059 2345
3059 2353
3059 2471
3059 3088
3059 3595
3059 3830
3059 4172
3060 3833
3060 3909
3060 4397
3061 610
3063 2318
3063 2322
3063 2479
3064 768
3064 772
3064 1550
3064 2939
3064 3315
3064 4498
3065 174
3065 457
3065 1515
3065 3304
3065 4120
3066 490
3066 1395
3066 4487
3067 995
3067 1722
3067 3030
3067 3065
3067 3579
3067 4811
3069 149
3069 554
3069 772
3069 967
3069 1326
3069 2048
3069 2320
3069 2398
3069 2994
3069 3832
3069 4095
3069 4528
3069 4861
3069 4900
3070 482
3070 534
3070 1221
3070 1485
3070 2570
3070 3193
3070 3602
3070 3718
3070 4131
3071 2235
3071 3689
3071 3691
3071 4488
3072 840
3073 1052
3073 2322
3073 3599
3073 4075
3074 1848
3075 3777
3076 490
3076 1003
3076 3526
3079 68
3079 2296
3079 2912
3079 4007
3079 4555
3080 1336
3080 2131
3080 2234
3080 4679
3080 4880
3081 3659
3083 3699
3084 2212
3084 2815
3084 3458
3084 4372
3084 4782
3085 1455
3085 1741
3085 4948
3086 1824
3087 211
3088 507
3088 1494
3088 3155
3088 4390
3088 4861
3090 1265
3090 1477
3090 3069
3090 3925
3090 4096
3090 4535
3091 633
3091 984
3091 1271
3091 3501
3092 4832
3094 1592
3095 522
3095 711
3095 1622
3095 3373
3095 4236
3096 477
3096 2411
3096 2488
3096 2717
3096 2885
3096 3082
3096 3104
3096 3436
3097 734
3097 1201
3097 1813
3097 1937
3097 3000
3097 3571
3097 4291
3097 4707
3097 4779
3098 409
3098 1218
3098 2828
3098 2928
3098 3462
3098 3823
3098 3855
3098 3911
3098 4247
3098 4929
3099 150
3099 1859
3099 2673
3099 2805
3099 3325
3099 3680
3100 749
3100 1333
3100 2791
3100 3266
3100 3473
3100 3902
3100 4885
3101 1335
3101 1859
3101 2751
3101 3574
3103 2366
3103 4726
3103 4736
3104 18
3104 854
3104 2061
3104 2454
3104 3033
3104 3124
3104 3966
3104 3994
3104 4367
3105 3563
3105 4509
3106 758
3106 3237
3106 4657
3107 1557
3107 2242
3108 460
3108 540
3108 689
3108 1388
3108 1981
3108 2282
3108 2650
3108 3595
3108 3662
3108 3794
3109 898
3110 1508
3110 1613
3110 2069
3110 3815
3110 4378
3111 1203
3111 3418
3112 99
3112 243
3112 407
3112 434
3112 972
3112 1822
3112 1900
3112 2184
3112 3163
3112 4738
3113 1628
3113 2319
3113 2790
3113 2916
3113 3848
3113 3858
3113 4334
3113 4956
3114 1174
3114 1313
3114 4283
3115 4977
3119 468
3119 1204
3120 1224
3120 3388
3120 3897
3120 4222
3120 4694
3121 149
3121 207
3121 1531
3121 2465
3122 52
3122 958
3122 2368
3122 3154
3122 3720
3122 4511
3123 1149
3123 2200
3123 2909
3123 2941
3123 3032
3123 3068
3123 3281
3123 4179
3124 425
3124 1467
3126 2266
3127 747
3127 1294
3127 1417
3127 3644
3127 4203
3127 4875
3127 4908
3128 1493
3128 2581
3128 2842
3130 2175
3130 2404
3130 3250
3130 3293
3130 3485
3130 4056
3131 497
3131 506
3131 1383
3132 346
3132 792
3132 1149
3134 107
3138 578
3138 695
3138 2211
3138 2845
3138 4606
3138 4943
3142 428
3143 2873
3143 3285
3144 1486
3144 1663
3144 1693
3144 1756
3144 4497
3146 284
3146 2540
3146 2921
3147 837
3147 1782
3149 757
3149 1221
3149 1571
3149 1765
3149 2803
3149 3339
3149 4787
3151 409
3151 425
3151 2191
3151 2423
3151 2765
3151 2780
3151 2937
3151 3718
3151 3911
3151 4013
3151 4369
3151 4798
3152 2
3152 1597
3152 3797
3153 693
3153 3674
3155 3585
3155 4495
3155 4783
3156 100
3156 420
3156 1221
3156 1290
3156 1804
3156 2749
3156 2927
3156 4709
3157 566
3157 900
3157 1176
3157 3940
3157 4035
3157 4348
3158 165
3158 4321
3159 758
3159 1158
3159 2475
3161 1008
3161 1404
3161 3466
3163 669
3163 839
3163 1820
3163 2222
3163 2268
3163 3048
3163 3103
3163 4385
3164 891
3164 2288
3164 2387
3164 2918
3164 2960
3164 4294
3165 3432
3165 4493
3166 3523
3166 3878
3166 4655
3168 891
3168 2800
3168 2918
3168 3000
3171 4017
3171 4694
3172 706
3172 1298
3172 2391
3172 2517
3172 3421
3173 1627
3173 4424
3174 2360
3174 2799
3174 3251
3174 3279
3174 4017
3174 4754
3175 1672
3175 1767
3175 4239
3175 4856
3176 2339
3176 2465
3176 2502
3176 2504
3176 2944
3176 3769
3176 3889
3176 4769
3180 615
3180 3615
3180 4258
3180 4322
3180 4860
3181 30
3181 132
3181 1801
3181 2161
3181 2187
3181 3002
3181 3303
3182 599
3182 748
3182 1375
3182 1699
3182 2939
3182 3491
3183 3114
3184 1316
3185 250
3185 1836
3185 3543
3186 2138
3186 3854
3186 4085
3186 4377
3188 41
3188 3389
3188 3431
3188 3834
3188 4027
3189 244
3189 2095
3189 2657
3189 3908
3190 3600
3191 591
3191 673
3192 1273
3192 1700
3192 1719
3192 2537
3192 2823
3192 4672
3193 2801
3193 3364
3193 3387
3194 345
3194 1967
3194 3135
3194 4034
3196 3133
3196 3241
3196 3447
3198 3010
3199 1454
3199 3113
3199 4733
3199 4978
3201 859
3201 1676
3201 3779
3202 340
3202 1209
3202 4943
3203 1794
3203 2796
3204 4345
3206 4718
3207 647
3207 806
3207 1079
3207 1705
3207 1909
3207 1929
3207 1975
3207 2059
3207 2279
3207 2391
3207 4281
3207 4293
3207 4505
3207 4642
3208 833
3210 691
3210 2792
3210 4366
3213 119
3213 1328
3213 1667
3213 1824
3213 2611
3213 2828
3213 2953
3213 4387
3213 4879
3214 1296
3214 1390
3214 2172
3215 2
3215 652
3215 1078
3215 2102
3215 3112
3216 983
3216 3225
3217 1215
3217 2502
3217 3316
3219 601
3219 1075
3219 1295
3219 2299
3219 3014
3219 4342
3219 4420
3220 2437
3220 2636
3220 3834
3222 4304
3222 4443
3222 4527
3222 4570
3223 178
3223 186
3223 659
3223 854
3223 2337
3223 3241
3223 4296
3224 2662
3225 599
3225 1258
3225 2391
3225 2488
3225 2911
3225 3022
3225 3264
3225 3486
3225 4176
3226 728
3226 3889
3226 4840
3227 455
3227 715
3227 1795
3227 3412
3227 4458
3228 447
3228 1019
3228 1758
3228 2562
3228 2917
3228 3759
3229 712
3229 2689
3229 4144
3229 4452
3231 1664
3231 2987
3232 602
3232 917
3232 1089
3232 1579
3232 3310
3232 4284
3235 2099
3235 3759
3236 1210
3236 3285
3237 304
3237 1542
3240 3149
3240 3336
3240 4906
3241 680
3241 1176
3241 1864
3241 2817
3241 3370
3242 358
3242 3518
3243 121
3243 2945
3244 1178
3244 2976
3244 4001
3245 2997
3245 4152
3247 3327
3247 3972
3247 4026
3247 5000
3249 2445
3249 3704
3249 4148
3249 4542
3250 845
3250 1494
3250 1952
3250 2033
3250 2548
3250 2903
3250 3113
3250 3244
3250 4506
3251 2148
3253 1046
3253 2198
3253 3429
3253 3477
3253 4032
3253 4445
3254 3762
3254 4531
3256 199
3256 2118
3257 377
3258 4786
3260 1068
3260 1644
3260 2671
3260 3333
3260 4942
3260 4996
3261 3535
3264 1763
3264 2851
3264 3561
3265 1853
3265 2489
3265 2898
3265 4155
3266 2991
3268 765
3268 2194
3268 2890
3268 4087
3269 2328
3269 2884
3269 3911
3270 188
3270 891
3270 1059
3270 1097
3270 1273
3270 2159
3270 3656
3270 3662
3270 3823
3270 4128
3272 4364
3273 1754
3273 3224
3274 399
3274 601
3274 3663
3275 1023
3275 1123
3275 2238
3275 2664
3275 2987
3275 3104
3275 3202
3275 4152
3276 827
3276 1250
3279 1972
3281 4452
3284 1999
3284 2641
3284 3498
3285 964
3285 2536
3286 2558
3287 478
3287 2835
3287 3547
3288 42
3288 706
3289 1184
3289 1208
3289 1238
3289 1904
3289 2366
3289 2637
3289 3088
3289 3787
3290 955
3290 2060
3290 3284
3290 4089
3292 3715
3293 1275
3293 1862
3293 2425
3293 4185
3293 4448
3293 4867
3294 1848
3294 3880
3295 1221
3295 1295
3295 2987
3295 3081
3295 3245
3295 3674
3295 4180
3296 4047
3296 4393
3296 4943
3298 956
3298 1486
3298 1975
3298 1989
3298 1995
3298 2037
3298 2279
3300 442
3300 661
3300 1837
3302 642
3302 936
3303 2003
3303 2295
3303 4596
3303 4971
3304 3357
3307 3498
3308 605
3308 2147
3308 4377
3308 4618
3310 479
3310 3030
3310 4029
3311 1383
3311 1433
3311 3005
3311 3032
3311 3399
3311 4512
3311 4717
3312 784
3312 1165
3312 2013
3312 3696
3312 4232
3312 4496
3313 2756
3313 3477
3314 2023
3314 2480
3315 783
3315 1114
3315 1881
3316 1815
3316 2665
3317 68
3317 743
3317 1035
3317 1176
3317 1611
3317 1824
3317 3534
3318 410
3319 501
3319 1854
3320 615
3320 1193
3322 557
3322 2783
3322 3166
3322 4203
3322 4612
3322 4689
3325 1080
3327 555
3327 1427
3327 1501
3327 1606
3327 2249
3327 3127
3327 4866
3329 584
3329 729
3329 1293
3329 1612
3329 2049
3329 2461
3329 3516
3330 4771
3331 2305
3331 2458
3331 3261
3332 343
3332 2144
3332 3084
