2000
6000
2
1 25 2 1
1 70 1 6
1 93 3 1
1 287 3 6
1 310 6 10
1 457 9 4
1 464 4 9
1 508 3 9
1 526 9 1
1 593 4 3
1 830 7 10
1 991 8 3
1 995 10 4
1 1185 10 6
1 1203 4 1
1 1277 3 10
1 1472 8 2
1 1545 10 8
1 1662 10 9
1 1790 9 10
1 1903 10 6
1 1987 3 4
2 93 9 1
2 281 4 6
2 422 5 4
2 479 3 6
2 634 1 7
2 860 4 3
2 924 10 3
2 1557 10 9
3 120 1 3
3 264 7 5
3 508 4 3
3 779 4 2
3 790 5 3
3 882 6 8
3 1197 2 3
3 1696 10 8
3 1807 7 1
3 1862 1 10
5 836 10 6
5 905 4 8
5 1164 3 1
5 1194 9 3
5 1249 8 2
5 1325 2 7
5 1528 1 7
5 1784 1 10
5 1937 1 5
6 5 7 10
6 208 6 5
6 224 2 10
6 267 1 9
6 936 9 1
6 1122 8 4
6 1176 10 6
6 1185 6 8
6 1508 3 6
6 1554 5 3
6 1681 6 2
6 1906 10 9
8 1 1 6
8 175 9 8
8 248 8 9
8 254 2 5
8 474 6 7
8 522 7 2
8 890 7 9
8 1026 1 10
8 1167 9 6
8 1420 5 3
8 1788 10 8
9 62 5 7
9 68 3 4
9 201 5 4
9 273 8 7
9 373 4 3
9 522 8 5
9 576 8 5
9 733 6 8
9 802 2 7
9 1157 2 4
9 1554 3 6
9 1744 2 6
9 1855 6 1
9 1971 3 7
14 162 6 1
14 616 6 9
14 751 1 6
14 1021 1 2
17 577 6 2
17 1149 5 2
17 1209 9 1
17 1644 3 2
18 35 5 1
18 130 9 7
18 285 4 9
18 464 7 9
18 566 3 7
18 770 7 9
18 1261 5 8
18 1467 6 4
18 1566 10 7
18 1613 6 10
18 1662 7 4
19 226 10 4
19 886 1 10
19 1133 1 8
19 1435 10 6
21 299 10 7
21 609 9 10
21 701 8 4
21 949 4 6
21 1015 7 6
21 1045 10 8
21 1531 5 7
21 1604 6 2
23 171 3 2
23 239 1 6
23 266 4 8
23 405 7 8
23 476 2 8
23 622 3 7
23 630 5 10
23 802 9 7
23 815 10 3
23 840 1 7
23 872 8 4
23 905 10 2
23 949 1 8
23 1087 5 10
23 1179 7 3
23 1590 6 1
23 1839 1 4
23 1840 2 4
24 111 2 6
24 185 5 6
24 384 5 6
24 566 5 9
24 1009 6 3
24 1708 10 2
25 44 7 2
25 325 5 6
25 594 9 3
25 722 1 8
25 1631 5 9
25 1783 4 5
27 405 6 3
27 1129 3 10
27 1485 7 6
27 1789 7 5
30 9 8 9
30 24 1 3
30 203 8 6
30 217 4 7
30 446 1 6
30 543 7 10
30 582 6 7
30 933 8 7
30 970 9 8
30 1478 4 5
30 1498 5 4
30 1584 8 2
30 1783 4 9
30 1800 8 7
30 1897 3 1
31 171 8 5
31 184 4 1
31 310 3 9
31 348 7 3
31 378 4 3
31 382 9 1
31 401 4 9
31 458 4 10
31 567 9 8
31 569 3 7
31 616 7 9
31 649 4 5
31 792 9 3
31 898 2 3
31 905 5 1
31 1033 6 2
31 1297 9 6
31 1487 6 4
31 1589 1 2
31 1606 1 7
31 1613 1 5
31 1813 5 1
31 1840 8 6
31 1897 10 2
31 1906 7 4
32 750 5 2
32 1086 2 7
32 1090 8 4
32 1228 2 4
32 1519 4 10
32 1541 7 4
32 1886 7 2
35 401 9 6
35 1086 2 4
35 1298 1 9
35 1547 6 5
35 1762 5 8
35 1815 6 4
36 304 3 5
36 983 2 7
37 376 6 5
37 730 5 10
37 905 5 10
37 1223 3 7
37 1411 6 10
37 1495 6 3
37 1519 7 10
37 1867 7 6
37 1874 7 10
38 131 4 1
38 496 8 10
38 739 10 5
38 841 4 8
38 848 2 4
38 1036 3 1
42 1723 7 2
44 56 1 10
44 254 10 5
44 282 10 3
44 456 3 5
44 526 5 10
44 580 10 2
44 637 1 5
44 650 6 10
44 766 1 8
44 843 5 8
44 861 8 6
44 913 6 10
44 939 1 6
44 961 5 4
44 1179 3 8
44 1253 5 6
44 1365 7 6
44 1580 1 7
44 1603 3 6
44 1612 2 8
44 1784 4 1
44 1797 4 5
46 62 9 10
46 261 6 3
46 522 3 7
46 564 2 7
46 847 7 2
46 948 8 10
46 1025 7 8
46 1167 3 10
46 1238 4 5
46 1559 9 8
46 1570 4 1
46 1601 2 6
46 1615 8 9
46 1723 5 6
46 1728 7 3
46 1906 2 7
47 69 7 10
47 111 10 7
47 282 10 1
47 790 3 5
47 879 9 6
47 1025 8 2
47 1157 5 3
47 1233 2 7
47 1813 6 10
47 1968 4 7
47 1971 10 7
50 80 1 7
50 217 6 1
50 266 9 10
50 395 7 9
50 457 2 7
50 564 9 1
50 590 6 9
50 650 2 6
50 830 4 10
50 1140 3 8
50 1247 10 5
50 1547 9 6
50 1592 2 9
50 1612 9 4
50 1681 7 2
50 1864 2 4
50 1897 5 8
56 2 9 5
56 208 4 8
56 446 7 4
56 564 9 10
56 573 7 9
56 610 6 2
56 650 6 9
56 946 3 5
56 950 8 4
56 983 5 7
56 1083 5 4
56 1094 5 1
56 1285 1 10
56 1506 10 1
59 336 6 8
59 557 1 7
59 1030 2 3
59 1044 10 8
59 1055 1 4
59 1359 6 9
59 1452 5 1
59 1674 8 5
59 1821 7 6
59 1939 8 1
59 1960 3 10
62 14 2 8
62 124 5 6
62 436 9 6
62 1378 7 3
62 1766 4 7
62 1797 8 6
62 1929 10 3
64 665 1 7
64 667 10 5
67 364 1 2
67 806 2 8
67 891 5 8
68 1032 2 4
68 1332 3 1
68 1559 1 10
68 1579 7 10
68 1754 7 1
68 1971 4 5
68 1989 3 5
69 683 6 3
69 750 3 7
70 278 3 9
70 460 9 5
70 552 6 8
70 650 7 6
70 673 2 6
70 905 9 2
70 941 3 4
70 948 8 3
70 1434 3 5
70 1452 7 8
72 212 8 3
72 596 10 2
72 670 3 7
72 987 8 5
72 1458 7 9
73 6 5 1
73 588 5 6
78 87 6 10
78 260 4 3
78 570 6 8
78 1131 5 7
78 1140 3 7
78 1573 5 7
78 1995 8 4
80 282 6 9
80 285 7 2
80 287 8 6
80 369 10 3
80 515 7 4
80 1236 3 5
80 1404 2 7
80 1474 1 2
80 1571 8 9
80 1820 3 2
80 1892 10 7
82 112 1 8
82 223 1 10
82 830 10 5
82 1196 9 10
87 1337 7 1
87 1813 3 5
88 68 9 3
88 264 10 9
88 266 9 1
88 276 10 1
88 282 6 10
88 364 1 7
88 407 3 9
88 410 3 6
88 455 5 4
88 460 4 1
88 474 3 5
88 526 7 4
88 635 9 3
88 650 5 7
88 688 1 8
88 712 7 6
88 736 4 6
88 764 3 9
88 766 4 6
88 790 7 9
88 795 9 3
88 858 9 4
88 890 1 6
88 906 1 6
88 939 3 9
88 952 1 6
88 1044 5 1
88 1074 5 4
88 1103 9 7
88 1261 3 1
88 1472 9 1
88 1612 5 1
88 1751 8 7
88 1846 2 10
88 1856 10 9
88 2000 3 2
90 384 4 5
90 724 8 7
90 774 4 8
90 920 3 8
90 961 1 4
90 970 8 4
90 1008 7 8
90 1164 2 9
90 1339 9 5
90 1386 9 5
90 1835 9 7
92 790 5 1
92 809 10 8
92 906 4 6
92 1038 1 8
92 1091 7 6
92 1458 10 7
92 1972 8 4
93 131 6 5
93 212 7 4
93 276 6 4
93 566 1 7
93 931 5 8
93 946 5 9
93 1005 9 4
93 1009 9 8
93 1025 9 3
93 1125 6 10
93 1498 5 6
93 1723 8 5
93 1807 8 2
93 1886 9 5
93 1911 5 6
93 1918 10 9
93 1977 10 5
96 285 6 9
96 1738 1 7
96 1957 8 6
99 876 3 7
99 1896 10 6
99 1906 10 7
101 137 2 8
101 576 2 4
101 695 3 2
101 790 5 6
101 903 4 7
101 905 8 5
101 1211 6 4
101 1404 9 8
101 1439 2 7
101 1519 4 6
101 1528 10 9
103 109 4 8
103 171 7 8
103 296 3 8
103 609 7 6
103 793 2 1
103 946 1 7
103 1396 7 8
103 1479 1 7
103 1795 4 1
103 1960 9 4
103 1968 1 2
106 127 7 4
106 137 2 6
106 141 3 2
106 188 8 5
106 791 10 4
106 885 7 4
106 1560 5 2
107 150 8 4
107 567 6 9
107 681 2 9
107 1337 3 6
107 1429 8 1
107 1478 3 5
107 1636 5 6
109 378 1 6
109 1843 5 1
111 224 1 4
111 264 7 6
111 296 8 1
111 474 5 6
111 572 7 10
111 594 3 8
111 930 10 7
111 960 2 9
111 1021 10 3
111 1025 2 1
111 1293 5 2
111 1311 4 9
111 1450 10 7
111 1469 9 8
111 1569 4 3
111 1662 10 8
111 1708 4 2
112 25 2 6
112 166 5 3
112 496 5 10
112 681 4 3
112 910 8 4
112 1018 1 5
112 1695 9 1
112 1884 4 9
112 1892 9 2
114 131 10 3
114 276 5 10
114 639 7 8
114 773 3 7
114 774 6 8
114 933 7 6
114 990 8 2
114 1447 5 8
114 1448 4 9
114 1617 10 1
114 1846 2 9
116 107 4 5
116 1149 7 2
116 1430 8 5
116 1925 3 9
119 170 3 2
119 616 1 5
119 1148 6 2
119 1300 5 3
119 1399 1 5
119 1417 4 6
119 1599 7 6
119 1989 8 2
120 254 6 1
120 359 9 5
120 688 9 10
120 802 6 8
120 1043 5 1
120 1369 6 5
120 1620 9 7
120 1675 5 2
120 1964 4 8
121 3 10 2
121 23 1 6
121 69 9 4
121 1030 1 5
121 1245 9 2
122 535 7 4
122 1122 8 3
122 1189 3 10
124 88 10 4
124 171 4 1
124 201 6 8
124 212 3 9
124 264 1 4
124 400 4 7
124 410 7 2
124 490 1 2
124 586 7 8
124 620 6 10
124 650 1 7
124 769 9 2
124 790 5 9
124 941 2 3
124 1118 5 2
124 1240 8 7
124 1297 7 4
124 1438 4 7
124 1580 10 9
124 1619 9 2
124 1804 8 1
124 1971 5 1
125 236 8 4
125 586 4 9
125 843 1 7
125 993 6 9
125 1159 5 8
125 1337 9 3
127 44 9 5
127 88 10 3
127 620 1 4
127 624 10 3
127 635 10 6
127 791 4 8
127 898 3 9
127 1075 2 3
127 1337 4 1
127 1577 5 6
127 1597 1 7
127 1964 2 5
128 336 7 2
128 458 7 10
128 637 6 1
128 707 4 8
128 747 9 7
128 1293 4 8
128 1417 2 6
128 1723 3 7
130 132 10 4
130 296 9 3
130 378 5 2
130 580 3 1
130 586 6 1
130 643 8 10
130 736 8 3
130 771 1 5
130 841 10 1
130 925 8 1
130 1033 5 7
130 1203 8 6
130 1298 10 7
130 1312 2 9
130 1374 8 2
130 1513 10 3
130 1580 2 3
130 1700 6 8
130 1762 9 3
131 88 9 3
131 183 5 9
131 276 8 5
131 293 9 10
131 359 2 7
131 418 1 6
131 586 3 1
131 715 7 8
131 751 8 5
131 830 8 5
131 881 2 7
131 882 7 3
131 1007 1 5
131 1032 8 9
131 1185 3 9
131 1225 9 3
131 1287 2 5
131 1320 2 6
131 1416 6 2
131 1447 6 3
131 1498 10 8
131 1590 1 10
131 1662 2 7
131 1714 5 9
131 1784 10 8
131 1790 3 9
131 1887 2 6
132 188 9 8
132 538 8 10
132 556 5 4
132 563 7 9
132 606 1 10
132 840 1 10
132 1261 10 6
132 1840 6 7
133 1007 5 1
133 1017 7 2
135 87 9 7
135 1721 4 3
136 258 10 1
136 483 1 5
137 31 10 8
137 515 7 3
137 1065 1 8
137 1185 7 10
137 1566 3 10
137 1571 1 5
137 1695 7 4
140 913 4 3
140 923 8 3
140 949 8 10
140 1585 8 2
140 1647 5 6
140 1766 2 3
140 1932 7 6
141 59 4 1
141 88 6 8
141 124 9 7
141 175 8 4
141 348 7 9
141 405 7 6
141 487 5 6
141 526 4 9
141 576 5 3
141 650 3 1
141 658 8 9
141 681 5 4
141 695 4 1
141 923 5 7
141 969 10 4
141 1044 8 10
141 1129 10 5
141 1352 8 3
141 1918 1 8
141 1967 7 4
142 460 6 4
142 526 9 1
142 1091 9 10
142 1541 8 3
143 93 1 6
143 264 10 9
143 418 5 8
143 620 8 2
143 790 2 10
143 1299 3 7
143 1450 10 3
143 1498 1 3
143 1539 3 2
143 1687 9 7
145 296 8 5
145 515 7 10
145 617 1 9
145 941 9 3
145 1033 8 3
145 1078 6 8
145 1211 10 6
145 1744 9 4
145 1881 8 1
150 36 3 1
150 247 7 2
150 282 1 2
150 621 5 7
150 751 10 3
150 865 3 5
150 1429 1 8
150 1647 2 5
153 1485 4 7
153 1700 6 5
155 1586 9 6
155 1925 4 1
156 111 7 5
156 112 6 4
156 131 5 3
156 137 6 10
156 171 4 6
156 464 9 7
156 472 9 5
156 528 5 6
156 596 4 5
156 650 2 4
156 688 2 6
156 840 6 8
156 957 3 2
156 1305 10 7
156 1452 1 7
156 1820 3 8
156 1897 2 4
158 461 8 3
158 791 10 6
158 1031 8 6
158 1162 4 10
158 1528 6 4
158 1554 8 7
162 793 5 2
162 908 10 3
162 1918 7 8
165 120 10 2
165 406 3 1
165 436 8 3
165 515 9 10
165 682 3 10
166 143 5 7
166 348 5 1
166 960 3 6
166 1061 4 2
166 1678 2 10
166 1916 9 8
167 446 1 8
167 766 8 6
167 1031 3 5
167 1118 6 2
167 1349 1 4
167 1561 8 4
167 1590 1 8
167 1788 8 5
168 132 3 5
168 217 4 2
168 522 10 9
168 530 7 9
168 566 9 6
168 728 1 5
168 1005 4 5
168 1285 5 3
170 30 3 8
170 336 1 6
170 436 4 10
170 1501 3 5
170 1505 6 5
171 44 5 9
171 50 7 2
171 226 10 1
171 258 5 1
171 281 1 10
171 282 10 5
171 296 10 7
171 336 9 4
171 348 1 6
171 359 1 3
171 499 9 3
171 522 5 6
171 635 4 1
171 654 2 8
171 720 1 8
171 931 1 9
171 1025 3 5
171 1228 5 10
171 1240 4 1
171 1285 3 2
171 1458 1 9
171 1580 4 5
171 1636 1 9
171 1837 1 3
171 1930 2 9
171 2000 6 5
175 1 4 3
175 248 7 4
175 266 6 10
175 482 10 4
175 519 4 1
175 609 8 2
175 670 3 6
175 765 3 6
175 1305 6 1
175 1457 9 8
175 1580 1 2
181 69 7 8
181 224 6 8
181 284 7 6
181 815 4 10
181 925 6 3
181 1401 1 8
181 1409 10 5
181 1698 1 10
183 35 1 8
183 124 1 6
183 383 5 1
183 451 2 6
183 703 10 4
183 774 7 5
183 908 3 2
183 1080 1 7
183 1090 5 6
183 1340 2 7
183 1495 4 6
183 1765 9 2
183 1766 7 3
183 1834 1 9
183 1932 5 4
184 27 1 6
184 351 5 10
184 791 8 6
184 1018 3 5
184 1330 5 1
184 1389 7 9
184 1762 7 10
185 30 6 4
185 119 2 6
185 166 10 8
185 444 5 4
185 840 2 6
185 990 4 2
185 1137 2 10
185 1213 1 5
185 1467 7 9
185 1472 10 1
185 1579 3 2
185 1630 3 9
185 1631 6 7
185 1662 3 2
185 1881 7 5
188 1 4 7
188 18 8 10
188 203 6 1
188 405 5 7
188 416 5 9
188 830 1 8
188 983 8 10
188 1011 5 8
188 1098 9 4
188 1185 9 6
188 1479 4 6
188 1545 4 9
188 1633 7 4
188 1714 4 9
188 1842 8 1
190 197 7 5
191 946 2 3
193 733 4 7
193 868 10 8
193 917 1 6
193 1033 3 8
193 1065 10 4
193 1804 1 4
193 1888 3 6
194 273 3 10
194 1253 8 3
194 1783 6 9
194 1808 3 8
195 88 4 1
195 127 10 6
195 254 3 1
195 619 5 10
195 766 5 7
195 987 5 6
195 1060 7 9
197 93 1 8
197 225 5 10
197 325 8 2
197 384 6 2
197 446 2 8
197 736 4 10
197 1032 4 1
197 1117 8 9
197 1232 5 4
197 1260 10 1
197 1469 2 10
197 1547 9 2
197 1790 3 7
198 6 6 10
198 158 10 2
198 232 2 1
198 248 8 3
198 342 2 5
198 436 3 8
198 588 3 9
198 795 8 2
198 879 6 2
198 917 4 7
198 948 5 1
198 1157 8 9
198 1270 1 4
198 1468 4 5
198 1498 5 8
198 1906 8 9
198 1964 1 5
199 513 10 7
199 582 2 3
199 1365 5 1
199 1697 4 1
200 695 7 1
200 734 2 10
200 1061 7 10
201 143 9 10
201 245 3 2
201 271 2 3
201 282 7 9
201 460 8 4
201 745 5 2
201 790 8 9
201 843 10 2
201 944 6 3
201 1009 5 9
201 1078 9 10
201 1228 7 2
201 1233 7 4
201 1293 7 1
201 1460 2 6
201 1472 10 6
201 1545 6 5
201 1589 2 5
201 1842 3 9
202 461 8 3
202 903 10 4
202 1590 8 9
202 1926 10 2
203 80 3 4
203 185 8 4
203 658 10 2
203 890 10 1
203 920 10 8
203 1011 9 10
203 1075 10 8
203 1261 10 3
203 1269 4 3
203 1472 4 7
203 1479 4 5
203 1508 7 9
203 1546 9 8
203 1751 5 10
203 1789 4 1
203 1960 3 6
208 2 6 3
208 88 5 3
208 258 2 6
208 406 5 4
208 482 5 9
208 841 4 7
208 890 10 2
208 1011 8 10
208 1015 9 4
208 1109 2 9
208 1144 6 3
208 1247 3 2
208 1369 6 3
208 1450 8 7
208 1535 7 8
208 1563 4 3
208 1577 9 5
208 1678 3 4
208 1881 2 3
208 1918 1 10
208 1925 4 5
208 1956 10 3
210 111 7 8
210 236 5 10
210 359 10 9
210 576 1 5
210 578 3 9
210 594 4 9
210 658 4 8
210 765 9 5
210 800 2 1
210 802 7 2
210 861 1 5
210 1011 9 8
210 1018 8 4
210 1074 3 10
210 1164 5 10
210 1721 10 8
210 1821 10 2
210 1864 5 1
210 1911 3 4
210 1918 8 7
211 316 2 10
211 606 5 4
211 885 8 2
211 1078 3 6
211 1272 1 3
211 1546 1 5
211 1633 10 9
211 1930 8 9
212 37 1 7
212 68 7 4
212 259 1 4
212 267 3 7
212 395 8 6
212 410 1 4
212 1090 10 4
212 1236 4 7
212 1332 3 8
212 1352 4 6
212 1714 2 4
213 249 10 5
213 949 5 1
213 1054 8 5
213 1130 1 6
213 1545 4 7
213 1789 7 1
214 229 3 8
214 275 4 8
214 1275 1 5
214 1313 9 7
214 1650 2 3
217 59 4 6
217 229 5 7
217 266 2 8
217 635 8 10
217 709 9 2
217 881 10 5
217 1008 10 4
217 1435 9 8
220 254 5 8
220 452 10 3
220 679 6 9
220 923 9 10
221 860 3 10
221 1483 2 9
221 1640 3 5
221 1802 8 3
223 220 10 8
223 264 4 7
223 1127 9 7
223 1293 7 9
223 1351 5 4
224 305 9 7
224 446 5 8
224 458 10 9
224 917 6 10
224 1148 4 3
224 1197 2 7
224 1354 6 8
224 1399 2 6
224 1723 8 2
224 1921 4 9
225 1095 7 8
225 1561 2 10
225 1614 4 8
225 1711 2 1
225 1897 3 6
226 175 9 8
226 474 2 4
226 526 10 5
226 658 10 3
226 724 3 9
226 848 7 10
226 953 4 2
226 1105 8 3
226 1247 10 1
226 1315 6 2
226 1340 3 5
226 1558 3 7
226 1586 6 1
226 1590 1 10
226 1633 4 10
226 1708 10 5
226 1784 1 3
226 1797 6 3
227 772 9 6
227 1465 8 5
227 1538 3 2
227 1592 2 8
229 112 10 5
229 141 6 5
229 226 7 10
229 298 3 8
229 436 3 9
229 519 2 3
229 572 1 8
229 610 3 2
229 652 2 10
229 890 2 3
229 939 8 2
229 1025 3 5
229 1078 10 5
229 1187 8 5
229 1324 8 7
229 1538 2 10
229 1548 1 4
229 1557 8 4
229 1590 9 3
229 1754 9 1
229 1783 1 2
229 1790 1 10
229 1791 3 1
229 1835 1 4
232 24 8 4
232 238 10 5
232 282 1 10
232 325 4 2
232 401 9 7
232 606 1 6
232 861 5 6
232 905 5 4
232 930 4 6
232 1269 10 6
232 1271 3 9
232 1277 1 5
232 1337 1 7
232 1430 1 6
232 1534 5 7
232 1557 3 6
232 1790 5 10
232 1853 10 1
235 32 2 8
235 62 8 1
235 415 6 2
235 546 3 1
235 1541 7 9
235 1674 5 3
236 90 9 3
236 171 4 9
236 369 9 6
236 518 4 3
236 733 10 4
236 885 4 9
236 1247 10 5
236 1465 10 2
237 1150 4 10
237 1438 2 10
237 1491 6 8
237 1494 2 10
237 1795 6 7
237 1866 10 9
238 112 7 4
238 259 9 8
238 479 5 9
238 803 1 10
238 1293 2 3
238 1714 9 1
239 167 9 4
239 171 6 3
239 628 3 7
239 791 4 8
239 841 4 1
239 928 4 8
239 1075 7 1
239 1297 7 1
239 1528 1 2
239 1566 2 8
239 1616 3 10
239 1629 10 5
239 1675 8 5
239 1772 4 2
243 93 7 3
243 131 6 9
243 145 4 9
243 683 10 8
243 791 7 9
243 840 10 9
243 949 1 8
243 1050 1 7
243 1056 8 6
243 1271 3 6
243 1277 1 7
243 1414 9 1
243 1590 3 7
243 1797 1 6
243 1846 7 9
245 395 10 1
245 476 10 5
245 486 7 3
245 495 8 1
245 931 9 3
245 939 8 10
245 1069 6 7
245 1106 4 2
245 1580 6 10
245 1667 6 8
245 1726 1 2
247 238 6 5
247 366 7 5
247 1495 8 3
247 1716 10 6
247 1853 2 10
247 1956 5 10
248 82 5 4
248 258 3 4
248 384 8 2
248 629 3 6
248 841 7 2
248 1112 4 7
248 1117 6 5
248 1213 1 9
248 1343 6 10
248 1691 6 10
248 1930 6 7
249 106 4 6
249 1232 10 2
249 1325 6 10
249 1410 6 10
249 1528 10 6
254 18 4 2
254 106 8 2
254 128 6 8
254 141 10 5
254 171 4 6
254 226 1 9
254 287 7 1
254 384 9 8
254 472 3 6
254 557 8 1
254 628 5 10
254 670 3 9
254 903 5 8
254 906 4 9
254 1011 7 9
254 1065 10 6
254 1261 9 1
254 1612 4 7
254 1716 3 8
254 1744 2 7
254 1959 2 4
258 422 5 8
258 434 3 9
258 609 6 5
258 696 10 8
258 769 1 4
258 898 7 6
258 934 9 1
258 1007 1 3
258 1016 6 7
258 1247 2 9
258 1349 7 2
258 1438 1 7
258 1590 2 1
258 1723 3 6
258 1808 1 7
259 27 5 4
259 56 6 9
259 171 2 1
259 208 10 3
259 282 4 7
259 299 3 7
259 395 10 4
259 422 4 3
259 444 7 8
259 527 7 1
259 530 1 2
259 573 10 1
259 830 3 6
259 1011 5 2
259 1043 10 7
259 1061 3 1
259 1117 2 5
259 1271 10 8
259 1312 2 4
259 1515 2 7
259 1580 5 8
259 1588 5 1
259 1723 6 9
259 1789 3 9
259 1790 1 6
260 188 4 2
260 238 9 7
260 299 9 2
260 1231 6 7
260 1287 8 9
260 1573 8 9
261 23 8 3
261 24 8 3
261 130 3 7
261 198 3 7
261 422 4 6
261 453 7 1
261 515 1 5
261 518 4 6
261 771 8 3
261 793 7 10
261 1334 8 6
261 1418 8 7
261 1420 1 8
261 1699 10 3
261 1795 3 5
261 1989 2 3
262 32 8 3
262 90 7 10
262 310 10 8
262 517 10 5
262 715 2 5
262 733 6 5
262 736 9 10
262 1751 7 1
262 1900 3 8
262 1939 9 1
264 47 9 5
264 202 3 9
264 572 6 10
264 650 8 4
264 730 6 2
264 736 8 4
264 795 1 7
264 800 2 10
264 1213 5 7
264 1293 6 1
264 1450 1 4
264 1662 4 1
264 1708 1 2
264 1788 1 3
264 2000 2 9
266 201 1 10
266 229 5 2
266 282 8 1
266 323 2 8
266 407 7 3
266 610 2 4
266 650 2 4
266 712 4 2
266 771 7 8
266 830 2 4
266 840 9 5
266 861 1 10
266 890 3 5
266 1275 10 8
266 1378 3 10
266 1538 8 3
266 1580 7 6
266 1681 6 8
266 1716 1 5
266 1846 2 7
266 1897 9 8
267 522 3 9
267 695 4 10
267 891 8 1
267 1240 5 6
267 1261 9 6
267 1547 8 2
267 1662 1 8
267 1714 5 6
268 44 10 4
268 226 6 4
268 941 2 1
268 1138 3 2
268 1753 9 1
269 62 4 10
269 261 9 5
269 1103 4 5
269 1784 9 4
271 254 10 1
271 458 9 3
271 508 9 10
271 626 2 7
271 658 5 3
271 662 10 4
271 764 10 6
271 769 1 4
271 838 1 7
271 853 9 6
271 903 7 3
271 1324 10 7
271 1570 10 8
271 1616 4 7
271 1634 8 3
271 1662 2 9
271 1744 6 10
271 1791 9 3
271 1921 7 4
271 1959 8 5
273 142 1 8
273 1005 7 2
273 1300 9 5
273 1320 10 4
273 1956 2 3
275 208 4 9
275 482 2 10
275 596 4 2
275 905 10 8
275 936 7 9
275 1159 2 4
276 25 10 1
276 130 2 7
276 133 5 6
276 268 3 8
276 538 3 4
276 717 9 10
276 745 4 7
276 772 4 3
276 841 10 1
276 1127 9 1
276 1293 5 2
276 1411 1 2
276 1447 8 3
276 1495 7 10
276 1708 6 4
276 1807 2 9
277 633 4 8
277 1494 1 9
277 1523 1 8
277 1728 4 8
277 1906 9 8
277 1933 6 3
278 200 7 5
278 405 8 9
278 483 2 6
278 868 6 4
278 1937 9 8
279 554 3 4
279 766 5 7
279 790 4 1
279 840 2 5
279 1046 10 2
279 1188 7 8
279 1271 2 1
281 478 7 6
281 509 7 3
281 637 6 2
281 1432 3 6
281 1616 10 9
281 1918 7 8
282 62 7 10
282 112 10 8
282 124 8 7
282 132 1 2
282 143 8 6
282 183 9 7
282 210 4 9
282 220 9 3
282 518 4 9
282 526 2 1
282 624 7 9
282 650 2 7
282 658 10 6
282 765 4 9
282 766 2 3
282 771 8 9
282 815 10 8
282 830 3 1
282 865 2 7
282 882 4 9
282 890 4 3
282 891 7 1
282 990 2 9
282 1033 6 7
282 1071 10 7
282 1159 10 6
282 1240 7 10
282 1297 5 7
282 1416 5 8
282 1459 5 8
282 1498 8 9
282 1557 4 5
282 1580 7 1
282 1590 5 3
282 1686 7 2
282 1723 8 10
282 1754 8 9
282 1874 6 4
282 1881 10 4
282 2000 1 4
284 247 5 2
284 463 4 9
284 683 2 3
284 1103 10 2
284 1312 3 5
284 1706 9 2
284 1772 5 2
284 1783 5 4
284 1973 10 3
285 237 10 9
285 420 6 8
285 573 5 7
285 891 2 9
285 931 1 3
285 1098 4 9
285 1494 7 3
285 1695 10 4
285 1821 8 4
286 8 10 6
286 751 3 7
286 766 3 9
286 809 2 7
286 913 5 3
286 925 8 4
286 1761 2 7
286 1851 2 9
286 1906 5 8
287 120 3 5
287 1021 1 2
287 1217 3 10
287 1300 2 6
287 1899 10 4
287 1904 9 1
290 30 10 7
290 198 7 2
290 259 1 5
290 554 6 4
290 745 5 2
290 1268 8 5
290 1269 8 6
290 1396 5 3
290 1678 10 3
290 1821 5 4
290 1843 2 1
293 38 10 4
293 197 3 2
293 882 3 7
293 1203 10 6
293 1546 6 4
293 1735 3 4
293 1807 7 5
293 1851 1 6
296 44 9 7
296 82 6 4
296 401 1 5
296 422 6 9
296 526 5 10
296 567 10 7
296 720 8 3
296 987 7 2
296 1162 2 1
296 1196 7 4
296 1230 3 2
296 1472 6 3
296 1557 9 8
296 1590 2 5
296 1716 1 3
296 1744 10 9
296 1967 9 2
297 31 9 8
297 131 4 9
297 276 5 1
297 304 5 4
297 402 3 7
297 522 6 4
297 802 8 1
297 1084 7 4
297 1686 5 4
298 436 5 2
298 658 5 10
298 790 6 9
298 1072 10 6
298 1751 5 3
298 1761 2 1
298 1939 5 6
299 73 3 6
299 239 2 5
299 293 7 9
299 422 6 5
299 528 5 9
299 568 2 4
299 701 6 2
299 773 1 10
299 815 8 1
299 843 3 2
299 861 8 2
299 1008 6 10
299 1416 4 5
299 1420 3 6
299 1535 6 3
299 1561 2 10
299 1590 7 8
299 1619 8 2
299 1754 4 8
299 1784 6 2
299 1960 4 7
302 171 2 1
302 633 9 4
302 769 7 3
302 934 5 1
302 1015 4 5
302 1176 5 10
303 210 10 4
303 670 8 9
303 736 1 7
303 881 8 10
303 1558 7 9
303 1564 4 8
303 1604 10 5
303 1714 1 8
303 1834 10 8
303 1911 2 7
304 1 9 5
304 608 7 9
304 809 8 10
304 1404 7 5
304 1864 3 2
305 17 9 10
305 258 9 6
305 453 9 4
305 510 2 9
305 522 10 9
305 651 1 3
305 876 5 4
305 1072 6 3
305 1092 2 6
305 1103 7 1
305 1300 9 4
305 1418 8 4
305 1629 6 2
310 131 4 9
310 170 8 6
310 455 8 1
310 555 7 1
310 564 6 7
310 681 2 9
310 890 1 5
310 898 1 9
310 1588 9 3
310 1613 10 3
316 264 10 1
316 326 1 7
316 703 4 3
316 712 4 6
316 837 8 6
316 1194 2 9
321 225 3 9
321 1493 6 2
321 1808 8 6
321 1972 9 1
323 93 2 6
323 335 8 5
323 906 2 6
323 1245 8 7
325 739 9 7
325 800 4 10
325 1649 2 5
325 1972 5 4
326 336 7 8
326 420 4 2
326 452 7 5
326 478 5 4
326 679 9 10
326 913 6 8
326 1369 7 6
335 124 9 3
335 316 7 3
335 359 10 4
335 795 1 5
335 876 2 3
335 888 8 9
335 1185 7 9
335 1189 7 5
335 1629 6 3
335 1867 6 7
336 212 10 6
336 285 3 5
336 359 2 6
336 415 4 3
336 518 4 1
336 577 6 3
336 637 6 10
336 764 4 8
336 814 10 8
336 1030 2 10
336 1236 7 3
336 1620 10 1
336 1784 3 7
336 1786 6 10
336 1835 9 4
342 378 4 3
342 387 4 6
342 487 5 9
342 830 9 5
342 1035 4 7
342 1234 7 8
342 1331 3 8
343 156 10 9
343 282 4 9
343 285 10 3
343 344 3 7
343 1255 8 2
343 1776 6 2
344 56 10 4
344 305 10 1
344 1681 10 8
348 124 10 7
348 258 5 6
348 282 10 9
348 431 1 4
348 522 10 9
348 815 5 1
348 1120 2 10
348 1272 8 6
348 1331 7 1
348 1629 8 6
351 106 10 8
351 630 4 7
351 1435 10 3
351 1853 2 7
351 1862 5 4
351 1864 10 4
351 1932 2 7
358 25 1 10
358 305 8 3
358 970 8 10
358 1021 9 5
358 1043 6 4
358 1592 10 9
358 1783 8 3
359 366 8 9
359 422 4 5
359 586 8 4
359 766 9 10
359 865 4 6
359 1149 9 10
359 1300 3 2
359 1437 4 3
359 1561 6 7
359 1612 1 4
359 1744 10 3
359 1754 7 3
359 1784 5 2
364 622 8 7
364 790 9 4
364 995 4 2
364 1091 4 5
364 1144 3 1
364 1297 6 9
364 1704 1 6
364 1887 9 1
366 88 1 2
366 580 1 2
366 634 1 4
366 969 1 7
366 1277 2 5
366 1416 6 9
366 1758 5 6
366 1842 1 4
366 1932 3 5
369 158 3 10
369 170 10 7
369 785 10 4
369 928 9 2
369 970 1 9
369 1458 4 5
369 1797 6 1
370 56 9 7
370 1071 10 9
370 1260 7 4
371 779 6 7
373 25 6 10
373 82 7 3
373 937 6 9
373 1855 8 4
373 1972 2 10
376 530 5 9
376 996 6 9
376 1234 6 9
376 1519 3 6
376 1580 7 8
376 1699 7 8
377 5 4 6
378 27 8 4
378 120 5 8
378 277 5 2
378 410 2 7
378 466 10 8
378 586 7 6
378 619 10 1
378 683 8 10
378 879 3 8
378 1018 5 1
378 1075 10 6
382 212 6 3
382 243 2 9
382 736 4 6
382 765 7 8
382 1112 3 1
382 1850 9 10
383 254 4 5
383 658 7 2
383 667 6 2
383 682 6 7
383 1137 6 8
383 1349 3 7
383 1956 7 9
383 1968 10 1
384 141 9 6
384 142 2 5
384 188 7 5
384 217 5 8
384 239 7 10
384 472 10 2
384 658 6 5
384 670 6 8
384 724 8 10
384 750 1 3
384 848 2 7
384 949 1 5
384 969 3 7
384 1388 8 2
384 1438 1 8
384 1590 5 10
384 1674 10 7
384 1851 7 1
384 1896 2 7
384 1911 3 9
387 953 7 3
387 1558 10 5
391 410 10 4
391 1118 5 8
391 1487 2 1
391 1634 8 2
391 1795 9 2
391 1888 5 8
391 1933 6 1
391 1999 1 7
394 872 4 5
394 1601 8 6
394 1747 5 10
394 1784 5 8
395 124 8 3
395 171 8 1
395 609 1 6
395 862 7 9
395 1061 5 10
395 1140 2 8
395 1554 8 5
395 1616 6 4
395 1649 10 9
395 1700 5 6
395 1939 3 6
400 351 6 1
400 522 1 3
400 695 7 4
400 1065 2 3
400 1855 4 9
401 130 8 10
401 453 10 3
401 482 10 1
401 622 8 10
401 736 3 8
401 815 9 4
401 868 9 8
401 891 3 8
401 1162 2 10
401 1538 7 10
401 1570 7 3
401 1687 3 5
401 1696 5 9
401 1957 6 3
402 225 9 4
402 715 10 8
402 780 8 10
402 1135 4 8
402 1620 5 8
405 132 5 6
405 260 9 7
405 275 3 7
405 413 8 2
405 431 10 5
405 649 7 6
405 790 8 6
405 890 6 1
405 924 9 4
405 1075 9 7
405 1196 4 7
405 1396 10 1
405 1479 5 10
405 1766 10 6
406 212 9 2
406 290 8 6
406 394 7 2
406 629 4 8
406 649 9 4
406 948 10 6
406 1202 7 5
406 1531 5 1
406 1929 3 2
406 1968 1 3
406 1973 2 9
407 124 7 8
407 171 9 7
407 201 3 2
407 236 9 3
407 254 6 5
407 282 6 7
407 422 6 8
407 522 9 4
407 564 2 3
407 610 1 10
407 628 8 1
407 630 10 3
407 1025 6 2
407 1118 2 5
407 1340 4 3
407 1409 2 9
407 1472 1 3
407 1662 7 8
407 1681 3 7
407 1864 7 8
407 1867 9 6
407 1957 3 5
410 31 5 9
410 167 7 3
410 203 5 10
410 282 7 8
410 286 8 6
410 299 7 9
410 483 3 9
410 526 9 5
410 630 2 5
410 654 6 4
410 815 4 9
410 830 10 7
410 1170 6 9
410 1176 4 8
410 1185 8 10
410 1416 9 2
410 1482 4 3
410 1570 3 10
410 1664 7 2
410 1716 5 6
410 1754 2 3
410 1786 10 7
410 1962 8 3
413 299 2 3
413 920 5 1
413 1046 6 9
413 1096 2 3
413 1158 4 5
413 1260 6 1
413 1519 6 3
413 1704 8 9
413 1867 6 10
415 8 1 7
415 68 5 4
415 93 8 5
415 217 3 7
415 658 7 1
415 1086 10 8
415 1590 1 5
415 1790 8 7
416 459 6 4
418 88 6 7
418 476 3 7
418 574 10 8
418 709 1 10
418 1094 8 10
418 1885 8 4
418 1925 1 6
420 2 10 3
420 796 10 7
420 1957 7 4
422 14 5 1
422 93 7 8
422 130 4 8
422 171 6 9
422 405 7 8
422 410 8 1
422 567 1 6
422 606 9 6
422 620 8 6
422 635 5 3
422 720 9 2
422 841 5 8
422 878 9 2
422 903 6 4
422 983 4 8
422 1005 3 1
422 1173 7 1
422 1247 8 9
422 1293 8 3
422 1435 10 3
422 1478 2 1
422 1510 6 2
422 1580 1 7
422 1784 8 9
422 1862 4 5
422 1960 6 4
431 131 10 2
431 150 2 3
431 830 3 4
431 905 2 8
431 960 2 8
434 794 5 1
434 939 5 10
434 1038 9 5
436 101 2 1
436 305 1 8
436 939 2 9
436 1007 4 5
436 1069 8 4
436 1312 2 5
436 1386 9 7
436 1409 8 4
436 1477 10 9
436 1566 8 3
439 444 7 4
439 933 6 9
439 1118 4 9
439 1136 4 10
439 1137 2 1
439 1261 10 8
439 1293 2 7
439 1783 2 9
440 109 10 3
440 166 5 9
440 259 1 8
440 1036 1 10
440 1418 9 10
441 552 3 9
441 772 9 4
441 795 6 1
441 1084 6 2
441 1223 1 2
441 1310 8 9
441 1430 3 4
444 552 10 9
444 618 10 5
444 651 6 2
444 1498 7 4
444 1589 10 6
444 1616 9 2
444 1699 8 3
445 1180 3 5
445 1438 9 2
446 109 5 8
446 273 9 8
446 275 6 1
446 299 10 9
446 359 5 8
446 890 8 3
446 933 9 7
446 983 6 10
446 1021 6 8
446 1409 9 2
446 1458 8 6
446 1633 4 5
451 1971 2 8
452 199 4 7
452 271 7 2
452 608 3 4
452 1435 3 6
453 88 7 10
453 418 7 8
453 573 9 8
453 793 1 9
453 795 1 3
453 949 4 7
453 1168 6 10
453 1438 7 4
453 1490 3 7
453 1561 9 1
455 8 2 6
455 114 6 4
455 171 3 9
455 304 6 1
455 486 5 8
455 566 7 8
455 572 4 2
455 658 8 10
455 791 7 10
455 1030 10 6
455 1261 10 1
455 1439 5 10
455 1653 3 6
455 1662 6 1
455 1723 3 10
455 1846 7 3
455 1967 9 2
456 49 3 9
456 127 2 4
456 137 7 9
456 434 4 2
456 580 1 4
456 619 5 8
456 675 1 2
456 791 4 3
456 885 6 3
456 946 10 6
456 1008 3 7
456 1776 9 2
456 1956 7 9
457 93 6 10
457 125 10 7
457 131 4 9
457 201 2 6
457 290 10 1
457 507 6 7
457 538 2 10
457 563 5 4
457 928 2 1
457 1115 6 1
457 1117 6 3
457 1118 1 6
457 1137 6 9
457 1298 6 7
457 1331 6 3
457 1472 1 6
457 1557 8 3
457 1754 2 1
458 171 2 6
458 199 4 7
458 765 7 2
458 830 3 9
458 1043 3 2
458 1285 2 9
458 1378 4 1
458 1566 7 3
458 1744 10 2
458 1957 2 1
459 127 3 4
459 183 8 5
459 971 3 9
459 1247 4 8
459 1272 3 10
459 1325 10 5
459 1766 2 8
460 271 8 2
460 992 4 9
460 1167 9 5
460 1577 6 3
460 1742 4 8
461 466 8 1
461 557 4 5
461 717 9 5
461 1269 6 10
462 155 2 9
462 554 3 1
462 891 7 8
462 910 7 6
462 1346 10 4
463 69 10 3
463 183 8 5
463 276 4 2
463 594 9 6
463 720 5 4
463 840 5 2
463 1025 2 4
463 1414 5 6
463 1788 1 5
463 1957 2 4
463 1959 6 3
464 439 6 9
464 622 10 7
464 1015 7 4
464 1087 9 8
464 1329 6 4
464 1821 2 1
464 1964 2 10
464 1987 10 7
466 821 2 7
466 1187 3 1
466 1240 5 1
466 1352 8 7
466 1515 5 3
466 1723 5 10
472 1 8 7
472 171 6 10
472 259 6 4
472 474 9 4
472 573 7 10
472 626 4 10
472 853 5 2
472 992 1 5
472 1109 5 3
472 1337 10 9
472 1561 10 8
472 1592 5 9
472 1723 6 8
472 1763 1 7
472 1881 5 9
472 1977 2 3
472 1987 5 6
474 171 7 10
474 238 1 7
474 264 5 9
474 572 9 8
474 573 9 1
474 634 2 4
474 650 7 10
474 885 1 2
474 1137 2 10
474 1357 2 10
474 1612 2 1
474 1939 3 6
474 2000 4 6
476 5 6 5
476 49 9 5
476 87 6 10
476 495 10 9
476 599 5 4
476 936 10 3
476 937 6 1
476 1157 3 6
476 1412 9 6
476 1619 5 9
476 1726 9 3
477 557 4 3
477 971 8 3
477 1320 8 1
477 1494 9 6
477 1711 3 9
478 342 10 4
478 1050 9 10
478 1144 10 3
478 1590 6 5
478 1604 8 5
478 1888 6 4
478 1892 2 6
478 1973 4 5
479 1390 4 1
479 1795 1 7
482 30 10 7
482 170 3 9
482 214 8 2
482 478 8 6
482 1181 2 7
482 1505 1 6
482 1528 8 3
482 1599 5 9
482 1686 8 10
483 2 6 7
483 369 2 1
483 931 4 10
483 946 5 7
483 1054 6 10
483 1103 10 8
483 1448 3 7
483 1753 10 2
483 1791 8 10
483 1834 7 4
483 1925 8 9
486 175 6 10
486 248 10 8
486 464 9 6
486 573 3 8
486 841 1 8
486 1078 4 7
486 1112 6 1
486 1337 5 4
486 1472 7 2
486 1495 1 10
486 1830 6 8
487 405 6 9
487 436 10 2
487 1127 8 1
487 1223 3 4
487 1324 6 10
490 238 9 5
490 1036 6 10
490 1180 10 4
490 1458 4 2
490 1559 4 1
490 1815 9 2
491 1450 2 6
491 1481 9 1
493 286 6 5
493 303 4 5
493 573 6 10
493 925 8 4
493 1055 8 7
493 1493 3 1
495 132 10 2
495 279 2 10
495 517 3 4
495 931 9 1
495 1356 1 4
495 1369 3 4
496 1140 8 2
496 1472 4 7
496 1899 6 3
499 23 8 5
499 156 7 8
499 226 5 10
499 254 1 5
499 440 6 1
499 637 2 4
499 1236 8 6
499 1904 9 10
507 479 9 4
507 1211 8 9
507 1416 4 2
507 1418 8 3
507 1772 5 1
507 1897 8 5
508 93 2 9
508 111 7 10
508 119 7 2
508 198 7 10
508 232 9 7
508 282 9 2
508 764 5 1
508 860 4 10
508 891 9 3
508 939 6 5
508 1144 10 3
508 1148 1 5
508 1173 6 5
508 1268 9 1
509 9 6 9
509 572 6 7
509 1900 3 2
509 1926 8 10
510 556 1 7
510 643 8 2
510 772 7 5
510 1430 5 3
510 1483 4 10
513 19 7 9
513 652 5 8
513 992 6 7
513 1852 3 9
513 1858 10 8
514 9 5 3
514 103 3 9
514 127 7 4
514 193 9 1
514 620 9 5
514 1011 4 6
514 1021 2 10
514 1216 4 10
514 1508 7 4
514 1571 8 9
514 1650 6 8
514 1900 9 1
515 229 8 4
515 296 10 6
515 420 10 7
515 701 9 1
515 793 8 7
515 1071 2 4
515 1092 4 7
515 1287 4 6
515 1369 9 5
515 1802 2 9
515 1856 4 5
516 3 4 9
516 1340 9 1
516 1919 2 9
516 1961 2 4
517 127 3 9
517 434 2 10
517 1559 10 2
517 1571 1 4
517 1820 7 2
518 8 8 9
518 59 4 1
518 72 3 2
518 130 2 8
518 284 10 3
518 373 1 9
518 378 9 5
518 650 2 3
518 779 8 3
518 830 6 5
518 1074 4 3
518 1103 1 8
518 1349 8 3
518 1515 9 4
518 1545 5 4
518 1675 5 3
518 1723 9 1
518 1754 4 2
518 1786 6 2
518 1837 2 10
518 1850 3 2
519 310 7 2
519 777 2 3
519 1332 4 1
519 1635 7 1
519 1744 1 4
519 1804 9 6
519 1874 10 3
520 8 8 7
520 90 3 1
520 670 3 9
520 750 10 6
520 1696 6 2
520 1874 2 4
522 130 8 5
522 203 10 5
522 271 1 10
522 335 6 4
522 572 5 4
522 650 8 9
522 739 2 1
522 903 8 10
522 933 5 3
522 1018 10 8
522 1232 6 7
522 1483 5 4
522 1545 1 4
522 1554 4 10
522 1601 5 10
522 1686 6 7
522 1866 4 6
522 1967 4 10
522 2000 4 2
526 38 4 2
526 127 3 5
526 168 3 2
526 171 5 4
526 243 10 9
526 343 9 6
526 486 6 4
526 670 4 1
526 841 3 9
526 874 4 1
526 882 2 10
526 1025 8 6
526 1094 4 7
526 1120 4 7
526 1159 9 2
526 1164 1 2
526 1179 10 2
526 1185 4 9
526 1232 2 1
526 1261 9 2
526 1580 1 8
526 1590 4 1
526 1633 8 9
526 1786 8 9
526 1939 3 4
527 145 10 2
527 167 8 5
527 865 10 1
527 1956 8 4
527 1972 5 10
528 78 10 1
528 88 7 8
528 111 3 6
528 183 9 10
528 499 1 4
528 649 2 8
528 798 9 2
528 950 2 7
528 1055 9 5
528 1457 3 4
528 1472 4 1
528 1506 1 10
528 1662 3 4
528 1850 6 5
530 258 1 6
530 266 10 7
530 830 10 1
530 1021 3 5
530 1056 1 8
530 1430 9 4
530 1516 7 4
530 1583 10 8
533 9 6 9
533 446 9 8
533 620 4 3
533 745 10 6
533 1125 6 5
533 1299 9 8
533 1638 2 8
535 290 5 4
535 474 6 5
535 622 2 3
535 670 1 7
535 1179 8 5
535 1211 9 1
535 1754 2 5
535 1762 8 4
536 701 10 3
536 1129 4 8
536 1418 4 3
536 1776 7 5
536 1948 2 1
536 1999 8 2
539 619 7 4
539 814 8 9
539 1033 8 6
541 771 8 10
541 1653 2 1
541 1708 1 2
541 1802 4 10
543 608 9 10
543 762 3 6
543 1270 10 7
546 50 1 6
546 168 5 8
546 201 3 8
546 853 7 1
546 978 1 5
546 1311 6 2
546 1374 7 4
546 1418 10 2
546 1570 2 8
546 1650 8 7
546 1884 10 4
549 1040 4 5
552 376 6 2
552 681 3 10
552 1447 9 1
552 1790 7 9
552 1999 1 7
554 114 8 6
554 594 9 8
554 772 3 1
554 1340 9 5
554 1761 10 3
554 1838 1 6
554 1851 3 5
554 1999 8 5
555 50 10 1
555 214 9 8
555 359 10 4
555 709 7 3
555 720 3 9
555 1305 5 6
555 1763 2 10
555 1939 7 2
556 518 2 9
556 1106 10 4
556 1474 6 3
557 223 9 1
557 682 8 3
557 1320 4 3
563 703 5 7
563 861 5 6
563 1275 10 4
563 1340 4 7
563 1378 5 8
563 1416 2 9
563 1589 6 7
563 1784 7 10
563 1816 9 4
563 1840 1 10
564 156 8 2
564 841 1 8
564 990 5 6
564 1046 6 4
564 1285 4 2
564 1430 7 10
564 1580 8 6
564 1603 9 3
564 1754 4 3
564 1886 9 2
565 210 2 6
565 611 2 1
565 658 5 8
565 667 7 4
565 903 9 3
565 933 6 3
565 970 1 4
565 1018 7 5
565 1075 8 6
565 1830 10 3
566 1 10 9
566 285 8 9
566 476 7 5
566 682 6 7
566 803 5 10
566 990 9 8
566 1125 6 5
566 1203 9 7
566 1597 1 9
566 1802 8 4
567 720 3 9
567 1016 10 4
567 1498 1 8
567 1675 7 10
568 24 5 9
568 124 8 3
568 770 4 2
568 802 8 7
568 1065 5 2
568 1332 1 6
568 1498 3 1
568 1708 10 4
569 143 3 1
569 321 9 4
569 463 2 9
569 838 7 6
569 1349 7 6
569 1585 6 3
569 1616 5 6
569 1653 9 6
569 1727 7 4
569 1754 1 7
570 479 2 7
570 824 10 1
570 1603 3 4
570 1697 2 5
572 6 9 6
572 141 10 7
572 158 10 8
572 171 7 5
572 281 6 4
572 359 3 4
572 458 1 6
572 508 7 10
572 649 3 2
572 658 10 1
572 730 3 2
572 745 8 1
572 843 10 1
572 890 6 2
572 991 5 8
572 1075 5 6
572 1133 7 9
572 1287 4 9
572 1414 5 10
572 1450 3 7
572 1451 3 6
572 1452 10 9
572 1554 2 6
572 1580 10 8
572 1613 2 1
572 1821 1 2
572 1887 1 4
573 35 7 9
573 44 2 9
573 124 10 7
573 683 10 7
573 1109 3 9
573 1189 4 7
573 1352 7 9
573 1547 1 5
573 1662 4 6
573 1754 3 5
573 1784 5 10
573 1797 2 7
576 262 2 6
576 364 10 9
576 407 6 9
576 771 7 9
576 1498 9 8
576 1545 5 7
576 1700 5 3
576 1704 4 8
576 1708 2 10
576 1788 3 2
576 1971 8 4
576 2000 5 10
577 526 10 8
577 720 2 10
577 798 1 3
577 848 8 5
577 1432 5 6
577 1516 6 4
577 1681 1 6
577 1709 8 4
577 1794 9 8
577 1886 7 6
578 120 1 4
578 131 7 2
578 323 7 2
578 1261 6 8
578 1465 5 2
578 1560 9 6
580 299 5 9
580 622 6 9
580 947 10 2
580 983 8 3
580 1189 5 3
580 1535 7 4
580 1939 7 3
582 373 9 4
582 1515 7 6
582 1709 9 8
586 93 1 8
586 286 10 6
586 1272 9 2
588 133 1 4
588 744 5 4
588 1112 10 6
588 1412 9 5
590 610 1 8
590 624 8 4
590 944 10 7
590 1117 1 8
590 1368 4 2
590 1840 8 2
592 32 2 10
592 112 3 8
592 191 10 5
592 248 1 8
592 402 2 3
592 463 10 9
592 807 6 7
593 121 4 9
593 1117 1 10
594 38 5 10
594 70 2 5
594 225 1 6
594 271 4 8
594 618 3 5
594 681 7 10
594 724 8 7
594 815 5 1
594 1260 5 4
594 1300 9 5
594 1723 9 8
594 1835 8 9
594 1897 4 6
594 1933 1 4
594 1971 8 1
596 546 4 1
596 1072 9 7
596 1337 9 7
596 1564 7 6
596 1758 1 3
596 1842 1 9
599 23 3 1
599 358 4 7
599 420 4 9
599 593 8 7
599 964 7 6
599 1225 3 9
601 14 9 10
601 378 5 9
601 446 5 8
601 507 7 6
601 722 1 5
601 1043 6 9
602 101 3 4
602 370 2 3
602 881 3 8
602 1009 6 3
602 1245 1 4
602 1686 2 9
606 590 1 8
606 736 2 3
606 790 2 10
606 1208 10 8
606 1270 8 10
606 1305 9 10
606 1357 9 1
606 1506 5 9
606 1668 2 4
606 1681 1 8
608 407 8 5
608 446 10 5
608 649 1 2
608 941 6 8
608 1195 1 3
608 1467 4 9
609 131 7 6
609 150 4 9
609 210 3 10
609 299 9 1
609 305 1 10
609 369 9 3
609 401 8 4
609 745 5 10
609 983 2 5
609 1187 10 7
609 1505 7 6
609 1691 6 4
609 1723 4 9
609 1790 1 5
609 1840 8 5
610 88 10 5
610 335 2 8
610 415 7 10
610 841 7 2
610 905 4 6
610 1231 8 10
610 1378 5 9
610 1452 4 2
610 1846 2 4
610 1939 5 7
611 35 9 4
611 232 3 6
611 1159 1 9
611 1450 7 5
616 394 10 4
616 446 9 4
616 903 1 5
616 1036 10 8
616 1196 8 6
616 1897 1 8
617 281 9 2
617 487 10 2
617 1120 5 1
617 1635 1 8
617 1906 7 9
618 114 7 9
618 1035 2 1
618 1339 7 1
618 1396 7 9
619 407 9 3
619 635 9 2
619 654 3 6
619 684 5 10
619 1074 8 6
619 1123 7 3
619 1180 10 6
619 1662 4 10
620 47 2 9
620 258 4 6
620 271 10 5
620 565 4 6
620 733 8 4
620 874 10 6
620 983 9 8
620 1091 6 1
620 1325 4 10
620 1704 7 1
621 119 3 4
621 225 9 5
621 284 2 8
622 127 7 6
622 213 2 8
622 282 1 9
622 285 8 7
622 407 8 9
622 495 2 1
622 645 6 10
622 809 4 2
622 925 8 3
622 1007 3 9
622 1075 10 4
622 1092 1 7
622 1230 9 1
622 1238 2 9
622 1410 5 10
622 1704 10 5
622 1864 4 10
622 1939 6 1
624 35 9 6
624 1061 4 9
624 1127 8 5
624 1140 6 8
624 1209 1 4
624 1345 1 6
624 1479 7 9
624 1815 8 1
624 1850 4 6
626 21 5 8
626 210 2 8
626 401 6 4
626 460 9 3
626 658 1 7
626 814 7 9
626 966 5 1
626 1032 10 1
626 1116 8 1
626 1437 8 7
626 1790 7 4
626 1887 9 3
628 18 6 2
628 80 6 8
628 262 3 4
628 557 7 6
628 582 6 3
628 619 8 7
628 779 10 7
628 990 1 3
628 1461 3 7
628 1507 10 4
628 1612 7 6
629 132 2 1
629 264 10 2
629 726 2 6
629 939 1 8
629 969 7 10
629 990 5 10
629 1105 6 1
629 1352 8 2
630 47 1 9
630 158 10 3
630 474 6 7
630 499 4 5
630 554 5 2
630 736 3 9
630 790 6 5
630 791 10 6
630 792 6 7
630 905 4 9
630 948 8 2
630 1015 7 4
630 1298 7 2
630 1416 1 7
630 1472 4 6
630 1534 10 2
630 1616 2 1
630 1662 4 1
630 1869 4 1
633 44 4 5
633 112 8 5
633 114 6 9
633 153 5 8
633 439 9 6
633 608 5 10
633 611 9 10
633 645 8 9
633 1149 10 6
633 1287 6 9
633 1409 5 10
633 1508 4 1
633 1547 6 10
634 44 7 1
634 382 1 2
634 434 8 5
634 440 10 5
634 493 6 8
634 953 3 9
634 1060 4 5
634 1789 2 6
635 258 3 8
635 259 10 5
635 282 3 2
635 310 8 9
635 395 9 7
635 530 9 2
635 535 9 3
635 578 2 5
635 609 2 10
635 688 10 8
635 824 9 4
635 843 9 4
635 1050 5 8
635 1159 5 8
635 1468 8 2
635 1505 2 5
635 1615 2 8
635 1736 6 4
635 1766 7 6
635 1790 9 10
635 1797 3 2
637 683 5 2
637 1892 6 1
639 88 3 10
639 93 4 8
639 815 4 9
639 983 9 7
639 1588 4 3
639 1604 6 2
639 1704 2 10
639 1784 7 1
639 1789 3 10
639 1887 8 5
641 223 8 2
641 258 7 2
641 777 3 2
641 966 8 2
643 59 7 6
643 304 4 10
645 107 1 3
645 1493 5 7
645 1696 1 10
645 1723 3 1
645 1807 2 5
645 1856 4 6
648 641 3 8
648 696 5 10
648 766 7 3
648 1629 4 5
648 1927 6 8
649 140 1 8
649 188 8 3
649 282 8 4
649 407 2 3
649 890 4 7
649 966 6 1
649 1024 5 4
649 1035 10 9
649 1185 10 4
649 1261 8 6
649 1399 5 1
649 1452 1 9
649 1472 6 1
649 1508 1 2
649 1538 6 2
649 1548 6 7
649 1554 8 1
649 1788 1 5
650 111 7 2
650 132 6 7
650 183 6 10
650 212 9 7
650 239 10 8
650 336 3 7
650 391 6 1
650 572 9 10
650 578 4 1
650 606 6 10
650 865 8 7
650 928 6 1
650 1158 1 9
650 1501 4 7
650 1547 3 4
650 1638 1 8
650 1662 8 9
650 1697 6 10
650 1784 3 8
650 1802 5 3
650 1911 2 4
650 1932 6 2
651 201 6 9
651 472 5 3
651 496 8 6
651 688 3 9
651 765 6 2
651 830 1 2
651 903 9 10
651 990 3 7
651 1025 5 10
651 1118 9 7
651 1300 5 4
652 124 7 1
652 296 3 9
652 490 5 1
652 939 9 2
652 1357 4 3
652 1426 9 8
652 1438 2 10
654 860 4 10
654 1933 8 4
655 302 9 8
658 162 1 5
658 323 7 10
658 422 4 9
658 541 4 7
658 882 7 10
658 905 2 6
658 1069 1 3
658 1092 3 6
658 1297 7 5
658 1374 7 2
658 1498 10 7
658 1564 3 1
658 1686 1 7
658 1699 10 5
658 1754 7 8
658 1846 2 3
658 1932 6 5
661 509 9 1
661 795 8 1
661 1352 9 2
662 401 9 6
662 413 6 8
662 617 4 5
662 780 1 9
662 1570 10 2
662 1959 7 9
665 8 6 3
665 249 3 8
665 681 9 4
665 890 5 3
665 1807 4 10
665 1857 2 7
667 210 2 4
667 261 7 5
667 618 5 4
667 1024 6 5
667 1369 9 10
667 1807 5 6
667 2000 5 1
670 8 1 3
670 31 2 3
670 141 10 4
670 239 9 2
670 258 2 4
670 455 7 3
670 496 9 5
670 566 8 10
670 610 6 1
670 675 7 1
670 735 6 7
670 790 6 9
670 890 4 1
670 1044 10 5
670 1247 5 3
670 1418 8 4
670 1577 7 5
670 1590 2 8
670 1723 4 6
670 1939 7 8
670 1959 6 3
673 1374 9 2
673 1546 2 4
674 225 9 10
674 237 1 7
674 1188 6 5
674 1807 2 1
675 970 1 2
675 1115 4 9
675 1278 2 10
675 1629 5 4
675 1808 6 8
677 127 6 3
677 509 4 8
677 691 2 10
677 709 2 7
677 1041 4 3
677 1268 4 1
678 1404 9 5
678 1519 7 4
679 641 2 5
679 651 2 1
679 771 1 10
681 171 1 7
681 210 2 1
681 457 10 3
681 535 8 5
681 650 4 2
681 745 4 3
681 764 6 8
681 796 5 7
681 997 1 4
681 1457 10 6
681 1754 7 10
682 8 3 2
682 310 1 4
682 407 6 5
682 431 1 8
682 1149 3 1
682 1765 6 8
683 56 3 7
683 593 9 4
683 1617 10 9
683 1930 10 1
684 650 8 9
684 882 6 9
684 990 7 6
684 1189 3 5
684 1557 4 1
688 474 10 2
688 513 1 6
688 813 4 9
688 1564 9 6
688 1668 1 8
688 1696 4 6
688 1843 7 2
691 199 1 6
691 1308 1 5
691 1479 1 8
691 1634 7 5
691 1802 1 2
691 1869 4 1
695 369 2 7
695 1253 8 1
695 1554 5 10
696 127 10 9
696 162 8 1
696 181 8 4
696 406 6 1
696 620 4 5
696 898 10 9
696 1046 4 9
696 1603 7 6
696 1851 3 7
701 26 7 1
701 208 5 10
701 750 4 9
701 811 2 4
701 872 1 6
701 960 6 4
701 970 8 9
701 987 4 9
701 1009 7 4
701 1168 5 10
701 1315 1 8
701 1495 7 6
701 1534 8 9
701 1679 2 5
701 1783 8 9
701 1846 8 5
703 236 3 5
703 415 6 7
703 522 8 7
703 798 4 2
703 858 5 7
703 1167 6 2
703 1340 3 9
703 1467 1 5
707 245 6 8
707 1056 9 10
707 1618 6 9
707 1916 2 1
709 62 2 3
709 227 2 9
709 490 3 4
712 9 4 3
712 143 1 4
712 145 6 1
712 239 6 7
712 650 5 7
712 736 6 10
712 933 6 8
712 948 1 4
712 1018 9 1
712 1033 3 2
712 1037 1 2
712 1357 3 2
712 1460 3 2
712 1589 5 10
712 1630 8 2
712 1638 5 3
712 1708 2 6
712 1761 8 5
712 1999 8 9
715 463 1 6
715 572 8 2
715 771 9 2
715 814 3 7
715 878 3 6
715 1173 5 3
715 1283 1 5
715 1708 5 6
717 905 1 10
717 1590 5 6
717 1653 4 8
720 23 1 8
720 31 8 7
720 32 10 5
720 56 10 6
720 162 4 8
720 214 10 5
720 254 9 1
720 299 1 7
720 564 2 4
720 751 3 7
720 841 6 1
720 983 7 10
720 1117 5 7
720 1236 10 6
720 1312 8 10
720 1566 3 8
720 1608 8 7
720 1742 8 2
722 273 2 4
722 370 8 10
722 384 9 4
722 527 4 3
722 1470 2 10
724 463 1 3
724 905 8 2
724 939 4 6
724 993 6 2
724 1008 3 1
724 1223 8 2
724 1636 1 4
724 1714 4 5
724 1851 4 6
724 1937 5 8
726 1 9 6
726 78 4 8
726 131 8 10
726 264 3 8
726 803 2 7
726 1727 5 2
726 1751 8 1
728 947 8 9
728 1728 10 6
730 183 9 10
730 407 10 2
730 457 3 2
730 552 10 8
730 573 7 10
730 836 6 8
730 868 10 8
730 1031 8 6
730 1929 6 8
733 715 5 10
733 1751 5 4
734 116 3 10
734 125 1 3
734 670 4 1
734 1055 9 6
734 1918 4 9
735 5 6 5
735 18 2 5
735 576 8 1
735 1752 5 8
736 535 7 10
736 620 7 1
736 800 5 2
736 802 3 1
736 815 3 6
736 841 9 4
736 878 2 6
736 882 4 2
736 944 6 7
736 1077 7 6
736 1506 3 5
736 1675 1 6
736 1704 1 9
736 1714 10 3
736 1783 7 3
736 1849 3 1
736 1948 10 8
739 287 2 7
739 541 4 1
739 590 8 3
739 858 8 6
739 1534 6 8
739 1714 9 7
744 490 2 3
744 593 3 9
745 111 2 9
745 402 5 2
745 441 2 8
745 453 8 5
745 519 3 4
745 602 1 8
745 648 2 3
745 1005 2 10
745 1297 5 7
745 1351 5 2
745 1719 2 3
745 1967 1 9
747 188 2 4
747 898 1 2
747 1388 6 7
747 1470 1 4
747 1558 1 9
747 1741 3 8
750 266 7 4
750 557 6 1
750 1040 3 8
750 1298 4 6
750 1674 6 9
750 1738 8 5
751 238 10 9
751 284 1 3
751 652 6 7
751 993 1 10
751 997 2 6
751 1430 1 4
751 1636 4 8
751 1699 9 7
751 1837 9 7
751 1890 7 4
751 2000 1 7
758 158 3 2
758 387 9 4
758 599 6 9
758 1074 1 6
758 1426 6 8
758 1538 8 10
762 630 4 6
762 879 4 7
762 1157 3 9
762 1167 7 2
762 1268 1 10
763 321 9 3
763 358 7 5
763 460 4 5
763 1130 6 2
763 1409 7 2
763 1721 6 10
764 131 6 10
764 158 8 7
764 254 10 2
764 395 7 5
764 573 4 6
764 667 9 1
764 790 10 5
764 995 9 2
764 1133 7 1
764 1211 8 3
764 1754 7 2
765 464 5 4
765 620 3 10
765 720 5 4
765 970 10 4
765 993 9 2
765 1105 2 6
765 1211 2 3
765 1247 4 3
765 1519 10 8
765 1601 5 10
765 1867 2 7
765 1897 4 7
765 1900 10 3
765 1971 8 1
766 46 8 10
766 59 3 1
766 474 9 4
766 594 10 1
766 841 10 8
766 1005 7 2
766 1061 6 9
766 1559 4 2
766 1653 4 2
769 406 9 7
769 622 4 10
769 1277 8 7
769 1359 8 9
769 1446 4 3
769 1788 7 6
769 1873 5 1
770 42 3 4
770 220 4 1
770 232 6 4
770 373 3 6
770 1055 5 1
770 1305 6 4
771 24 5 9
771 46 7 2
771 229 1 3
771 248 1 10
771 410 4 1
771 487 2 4
771 508 9 4
771 563 5 9
771 572 6 7
771 639 6 3
771 751 10 2
771 769 1 5
771 868 4 3
771 946 9 1
771 949 3 10
771 1075 6 7
771 1378 9 3
771 1450 7 4
771 1481 9 2
771 1538 8 1
771 1789 10 6
771 1887 9 5
771 1968 1 6
772 261 9 1
772 996 1 9
772 1016 2 8
772 1077 6 4
772 1216 2 1
772 1450 7 9
772 1753 8 9
772 1807 9 6
773 21 8 5
773 27 6 1
773 422 7 8
773 582 7 8
773 639 3 9
773 1245 5 10
773 1382 2 6
773 1835 8 2
774 30 1 3
774 771 1 9
774 868 7 1
774 1032 5 8
774 1121 5 10
774 1234 7 3
776 1815 4 3
776 1939 3 5
777 395 3 1
777 633 2 8
777 906 1 2
777 1234 10 1
779 120 5 9
779 565 6 5
779 990 9 8
779 1084 6 7
780 175 1 5
780 296 4 1
780 325 3 4
780 538 10 9
780 593 3 4
780 739 7 4
780 841 5 1
780 1020 10 7
780 1359 9 8
780 1386 9 5
780 1495 9 2
780 1766 10 5
780 1977 5 10
785 135 1 5
785 271 2 8
785 1140 3 7
785 1233 7 6
785 1584 3 4
785 1716 5 8
790 395 1 9
790 457 9 7
790 518 3 4
790 565 10 5
790 620 9 7
790 715 2 3
790 920 3 2
790 990 1 7
790 1247 4 3
790 1300 10 1
790 1404 10 4
790 1418 2 8
790 1501 2 5
790 1590 9 6
790 1629 1 4
790 1815 7 6
791 188 10 8
791 254 4 10
791 336 9 5
791 420 2 7
791 474 10 4
791 841 8 6
791 1253 2 5
791 1404 7 4
791 1633 9 8
791 1763 3 5
791 1821 2 1
792 188 1 10
792 777 5 2
792 1472 9 4
792 1573 8 5
792 1853 3 1
793 30 4 10
793 310 4 10
793 533 10 7
793 573 10 8
793 606 3 10
793 635 5 1
793 648 10 9
793 790 7 4
793 855 6 3
793 1117 2 7
793 1490 4 2
793 1505 3 9
793 1557 7 2
793 1723 6 1
793 1795 10 5
794 27 6 5
794 645 7 4
794 1315 4 6
794 1638 2 5
795 96 4 10
795 125 1 10
795 237 8 2
795 348 4 5
795 391 1 5
795 406 6 2
795 507 6 8
795 715 7 2
795 848 3 7
795 950 5 4
795 970 5 3
795 1185 1 7
795 1237 1 4
795 1399 10 2
795 1554 1 6
795 1700 9 2
795 1706 2 9
796 8 3 7
796 823 2 4
796 1432 9 1
796 1595 7 6
796 1874 3 4
798 69 10 7
798 188 4 5
798 815 6 5
798 960 5 3
798 1149 7 4
798 1416 7 6
798 1851 6 4
800 25 3 4
800 232 10 5
800 336 10 6
800 610 9 6
800 780 4 9
800 1157 9 5
800 1188 5 7
802 111 8 5
802 130 8 6
802 212 2 9
802 271 10 1
802 541 8 7
802 809 5 7
802 836 7 9
802 843 10 2
802 881 3 7
802 1118 7 6
802 1271 9 3
802 1300 8 7
802 1638 3 10
802 1800 7 10
802 1833 1 2
802 1930 10 9
802 2000 7 10
803 1095 9 8
803 1233 2 1
803 1472 9 10
803 1972 7 6
804 303 2 10
804 556 10 3
804 639 7 4
804 1603 5 7
806 937 3 5
806 1516 4 7
807 143 9 7
807 185 10 7
807 479 2 6
807 522 1 5
807 803 7 1
807 860 10 4
807 1253 9 3
807 1330 10 4
807 1432 10 4
807 1899 3 5
809 194 4 1
809 271 8 9
809 298 3 8
809 1077 10 4
809 1447 10 7
809 1887 4 7
809 1959 3 8
811 56 7 1
811 190 10 5
811 221 8 4
811 370 8 9
811 460 3 8
811 1961 10 1
813 156 9 2
813 415 9 3
813 590 7 8
813 712 9 6
813 1040 6 1
813 1667 2 7
814 125 2 9
814 212 4 8
814 712 10 3
814 1159 9 2
814 1181 6 3
814 1337 5 3
814 1468 6 7
815 31 1 7
815 88 4 8
815 165 8 1
815 171 5 10
815 210 3 6
815 232 8 4
815 238 2 4
815 267 7 2
815 335 1 8
815 405 4 6
815 439 9 10
815 499 8 3
815 567 10 3
815 720 7 8
815 841 8 3
815 861 5 6
815 890 5 1
815 905 3 2
815 949 5 8
815 1025 4 7
815 1084 10 2
815 1087 8 2
815 1180 4 9
815 1531 4 2
815 1545 4 5
815 1590 5 3
815 1662 6 9
815 1675 1 8
815 1681 4 7
815 1840 4 10
815 1911 3 9
815 1919 8 10
815 2000 1 7
821 1576 10 1
822 225 3 8
822 284 2 5
822 933 1 6
822 1409 6 5
822 1469 6 7
822 1580 4 6
822 1592 6 4
822 1639 5 2
822 1870 3 6
823 21 3 7
823 72 2 6
823 212 6 1
823 474 7 4
823 715 3 9
823 764 10 7
823 790 5 3
823 795 4 10
823 1075 10 4
823 1794 1 9
823 1804 4 9
824 1275 1 3
824 1382 8 4
829 460 6 7
829 1078 3 8
829 1649 8 5
830 210 4 10
830 254 10 2
830 472 6 1
830 563 9 2
830 635 6 7
830 780 5 6
830 840 1 3
830 898 10 8
830 1033 1 5
830 1050 6 3
830 1118 7 2
830 1185 2 1
830 1277 9 2
830 1331 3 8
830 1369 3 5
830 1374 5 9
830 1467 4 8
830 1545 9 2
830 1548 6 8
830 1557 5 2
830 1561 10 6
830 1590 7 10
830 1675 7 1
830 1686 2 1
830 1784 10 7
830 1802 8 3
830 1881 3 1
830 1987 10 9
833 917 4 8
833 987 8 9
833 1451 5 1
833 1590 7 5
833 1612 7 3
833 1989 8 7
835 1098 4 6
835 1203 7 3
835 1353 3 1
835 1708 6 1
836 226 5 4
836 268 4 8
836 528 6 5
836 798 8 7
836 1084 10 7
836 1130 2 9
836 1255 8 10
836 1904 3 4
837 934 10 2
838 405 5 3
838 1411 10 8
838 1795 6 10
840 62 8 1
840 167 7 3
840 232 9 6
840 238 4 3
840 296 8 3
840 528 5 10
840 703 8 6
840 815 1 4
840 1083 2 6
840 1232 10 8
840 1447 4 2
840 1477 5 8
840 1584 6 1
840 1790 5 9
840 1963 8 6
841 171 1 6
841 285 8 2
841 455 9 5
841 491 3 8
841 882 5 4
841 905 8 2
841 923 1 2
841 1030 4 9
841 1077 3 8
841 1261 10 5
841 1647 2 7
841 1723 6 10
841 1744 2 1
841 1788 5 3
841 1840 8 9
843 171 9 3
843 203 9 10
843 510 9 5
843 555 3 9
843 582 9 2
843 670 2 7
843 795 6 1
843 796 6 9
843 903 7 3
843 1162 8 4
843 1216 3 2
843 1538 6 9
843 1675 8 7
843 1886 5 8
843 1932 7 3
847 800 7 5
848 124 1 9
848 282 3 6
848 477 8 2
848 872 1 9
848 946 6 2
848 1033 4 10
848 1056 7 2
848 1664 2 4
848 1686 5 7
848 1830 3 6
848 1899 1 4
849 156 8 5
849 499 4 9
849 513 10 2
853 335 1 4
853 407 6 5
853 1365 8 5
853 1842 7 9
855 966 2 8
855 1390 3 4
855 1982 4 6
858 27 7 1
858 342 6 4
858 405 2 10
858 460 2 10
858 618 4 3
858 774 6 1
858 882 8 10
858 905 10 7
858 920 10 3
858 1075 3 1
858 1528 10 9
858 1538 7 6
858 1989 10 5
860 1 9 1
860 46 5 9
860 111 10 5
860 166 9 8
860 171 2 4
860 264 5 7
860 590 3 1
860 652 1 9
860 1211 1 9
860 1467 1 10
860 1616 2 6
860 1723 8 7
860 1821 2 6
861 9 4 5
861 25 8 4
861 62 4 8
861 88 5 7
861 124 9 2
861 188 3 5
861 724 3 6
861 736 9 1
861 874 10 9
861 890 7 5
861 1025 5 2
861 1086 7 10
861 1181 8 4
861 1298 7 4
861 1315 3 4
861 1515 1 3
861 1519 8 3
861 1584 1 4
861 1612 7 3
861 1639 4 5
861 1675 5 2
861 1744 5 1
861 1790 10 4
861 1930 1 2
861 1937 3 1
862 92 2 9
865 78 8 2
865 156 8 2
865 167 9 7
865 259 4 7
865 410 1 2
865 440 2 1
865 458 4 2
865 483 3 2
865 530 5 3
865 573 10 2
865 594 6 10
865 648 6 4
865 736 1 8
865 872 1 7
865 905 5 8
865 993 4 6
865 1033 6 1
865 1255 7 10
865 1446 6 4
865 1516 5 7
865 1580 1 10
865 1700 5 7
865 1843 8 6
868 405 7 3
868 769 10 7
868 990 6 3
868 1144 4 2
868 1158 7 9
868 1322 10 5
868 1794 1 7
872 127 5 7
872 342 7 10
872 965 3 2
872 1144 9 4
872 1162 7 4
872 1208 2 7
872 1261 2 6
872 1513 10 4
872 1890 2 5
872 1930 1 3
874 841 3 7
874 865 10 4
874 1232 3 9
874 1283 4 8
874 1417 7 1
874 1772 7 3
876 928 3 6
876 1083 6 8
876 1448 4 6
876 1507 1 10
876 1554 3 4
876 1615 2 6
878 299 6 2
878 395 10 7
878 1092 5 7
878 1148 3 8
878 1211 3 2
878 1386 10 2
878 1546 1 3
878 1911 7 1
881 2 6 8
881 114 6 8
881 145 2 9
881 167 6 4
881 181 6 4
881 555 2 9
881 1009 4 9
881 1018 5 10
881 1033 5 6
881 1038 6 10
881 1129 9 10
881 1698 1 9
881 1719 9 5
881 1784 10 3
881 1790 4 2
881 1897 6 2
882 1 6 7
882 232 9 5
882 400 8 5
882 594 10 5
882 712 4 8
882 717 10 4
882 771 8 3
882 843 2 9
882 861 5 6
882 905 2 1
882 930 9 1
882 1117 5 1
882 1187 2 6
882 1389 1 6
882 1430 3 2
882 1534 4 1
882 1554 2 3
882 1629 2 6
882 1662 6 8
882 1675 3 6
882 1789 7 6
885 275 4 5
885 695 4 9
885 1123 6 5
886 133 10 8
886 462 10 6
886 894 6 9
886 1157 5 3
886 1542 7 4
888 406 8 1
888 514 9 7
888 688 10 5
888 1043 9 1
888 1102 4 2
888 1194 3 4
888 1459 9 10
888 1723 6 7
888 1960 1 9
889 183 8 9
889 285 8 10
889 302 2 3
889 520 5 6
889 791 9 1
889 1065 7 9
889 1123 3 6
889 1125 7 5
889 1269 8 1
890 93 6 3
890 141 3 8
890 232 4 5
890 261 4 1
890 444 2 5
890 538 3 2
890 578 2 5
890 658 8 3
890 865 9 3
890 874 10 1
890 933 6 4
890 948 9 5
890 970 7 2
890 1015 9 4
890 1167 7 6
890 1179 2 9
890 1196 1 3
890 1211 2 9
890 1245 3 8
890 1261 4 2
890 1297 5 6
890 1420 6 5
890 1554 7 10
890 1580 1 6
890 1681 6 3
890 1723 10 5
890 1766 6 9
890 1783 5 1
890 1821 9 6
890 1918 5 1
891 27 5 6
891 30 2 9
891 131 5 6
891 681 8 3
891 886 9 5
891 890 10 8
891 1030 2 1
891 1351 8 9
891 1590 10 9
891 1807 3 4
891 1925 1 7
894 119 10 6
894 239 2 4
894 1140 9 2
894 1464 5 8
894 1858 4 2
894 1899 5 7
894 2000 9 10
898 50 9 1
898 351 3 5
898 791 2 7
898 802 9 7
898 939 1 4
898 944 8 7
898 1005 8 4
898 1305 4 10
898 1331 2 3
898 1491 1 4
898 1557 2 9
898 1580 3 9
898 1614 5 8
903 18 3 5
903 31 9 4
903 114 2 8
903 141 1 9
903 171 5 9
903 384 9 4
903 518 7 4
903 712 7 2
903 848 1 4
903 898 10 7
903 933 6 4
903 1135 9 1
903 1547 8 1
903 1559 5 8
903 1561 1 2
903 1686 9 10
903 1788 7 10
903 1807 8 7
903 1957 10 3
904 472 7 3
904 507 9 3
904 530 8 5
904 833 2 6
904 933 4 5
904 1159 2 7
904 1162 9 5
904 1535 8 9
904 1784 3 10
904 1899 9 8
905 2 9 7
905 9 3 8
905 183 3 9
905 208 4 9
905 243 4 1
905 260 5 9
905 268 5 6
905 285 10 9
905 299 5 4
905 567 3 9
905 620 9 10
905 701 8 9
905 703 1 7
905 720 8 2
905 769 7 4
905 830 10 1
905 890 10 4
905 948 8 5
905 957 7 2
905 1098 2 1
905 1385 5 4
905 1554 7 2
905 1557 6 5
905 1590 6 2
905 1603 6 1
905 1754 10 8
905 1807 6 3
905 1840 10 2
905 1930 2 5
906 162 7 4
906 458 7 2
906 519 8 2
906 675 7 2
906 769 9 10
906 1017 10 9
906 1056 2 1
906 1418 2 6
906 1588 9 3
906 1706 3 1
906 1972 8 4
906 1995 1 8
908 5 8 7
908 1071 9 10
908 1173 9 1
908 1297 3 5
908 1311 7 1
908 1704 8 1
910 122 5 8
910 125 4 8
910 840 6 5
910 891 6 8
910 1185 4 7
910 1472 10 6
910 1502 2 8
910 1644 9 8
910 1835 6 5
913 619 5 1
913 1711 5 9
913 1786 10 9
914 88 5 7
914 121 6 10
914 744 9 3
914 1253 4 7
914 1434 5 9
917 630 9 8
917 876 5 3
917 1095 7 9
917 1195 10 3
917 1461 5 1
917 1523 5 7
917 1583 6 3
917 1754 6 8
920 101 3 10
920 238 3 7
920 594 6 3
920 815 10 2
920 1025 6 8
920 1228 6 1
920 1245 9 1
920 1467 7 2
920 1618 7 6
920 1636 7 1
920 1691 9 2
920 1843 6 3
920 1850 6 8
923 199 3 1
923 212 10 7
923 254 4 1
923 410 5 2
923 995 8 5
923 1075 7 3
923 1105 2 4
923 1345 9 2
923 1738 10 3
923 1840 10 4
923 1843 1 6
923 1885 9 4
923 2000 6 7
924 811 5 3
924 1797 4 8
925 38 8 5
925 120 7 2
925 276 5 10
925 297 1 8
925 526 4 5
925 1054 2 5
925 1203 8 6
925 1334 10 5
925 1493 7 1
925 1629 5 4
927 239 4 5
927 290 10 9
927 1421 6 8
927 1472 2 6
928 258 8 6
928 259 2 9
928 382 4 5
928 609 10 6
928 630 2 7
928 1112 9 1
928 1382 2 1
928 1472 7 6
928 1577 4 9
930 101 2 1
930 452 4 3
930 572 7 9
930 652 4 8
930 923 8 10
930 932 9 5
930 1021 10 1
930 1055 3 7
930 1662 6 9
930 1704 2 5
931 161 6 3
931 226 1 9
931 342 7 2
931 861 8 3
931 1045 5 7
931 1617 5 9
931 1790 5 9
932 227 6 9
933 101 8 10
933 120 10 3
933 210 6 7
933 681 2 6
933 1109 4 1
933 1300 8 9
933 1450 6 7
933 1452 2 1
933 1589 6 4
933 1807 5 6
933 1840 8 1
933 1846 2 6
934 739 2 5
934 1176 5 2
934 1848 8 9
936 920 7 9
936 1021 4 9
936 1918 2 4
937 212 10 9
937 276 4 2
937 517 3 5
937 533 4 9
937 793 6 9
937 1597 8 3
939 31 8 4
939 137 1 9
939 217 5 3
939 259 3 2
939 268 2 4
939 474 1 3
939 486 5 4
939 1298 4 6
939 1329 3 8
939 1331 5 3
939 1479 7 2
939 1612 1 4
939 1744 9 8
939 1790 5 1
939 1881 9 7
939 1900 3 4
939 1918 7 5
941 158 6 7
941 247 7 4
941 366 6 4
941 1185 1 4
941 1821 4 5
944 130 10 9
944 282 6 10
944 351 7 8
944 860 9 5
944 1563 4 5
944 1987 10 9
946 609 3 4
946 736 8 1
946 773 1 5
946 840 6 2
946 960 6 5
946 1242 7 9
946 1245 2 5
946 1506 4 10
946 1590 5 8
946 1843 8 10
946 1887 3 7
946 1925 3 2
947 62 7 5
947 758 5 10
947 861 9 2
947 904 6 2
947 1149 7 3
947 1164 2 9
947 1310 8 2
947 1383 9 1
947 1911 8 3
948 143 7 10
948 371 5 6
948 472 10 5
948 563 7 8
948 628 5 1
948 682 7 1
948 762 1 4
948 764 5 7
948 790 6 7
948 861 3 7
948 1033 4 3
948 1229 3 9
948 1240 2 10
948 1285 1 6
948 1457 9 3
948 1681 6 7
949 88 1 8
949 132 5 4
949 282 3 5
949 535 6 10
949 552 10 9
949 950 5 10
949 1016 7 6
949 1211 5 9
949 1234 4 6
949 1887 3 4
949 1968 8 3
950 476 4 6
950 798 10 8
950 840 1 4
950 1617 6 7
950 1869 6 7
952 19 5 10
952 143 7 3
952 185 1 4
952 576 9 2
952 796 3 9
952 1121 3 10
952 1469 5 7
952 1472 10 2
952 1727 6 1
952 1815 3 6
953 395 10 9
953 617 4 5
953 769 1 4
953 1570 5 6
953 1606 8 4
957 131 6 3
957 474 2 10
957 526 6 9
957 652 6 1
957 798 4 5
957 933 3 7
957 1185 10 4
957 1357 4 2
957 1506 8 4
957 1563 4 2
960 1452 10 5
960 1919 4 8
961 281 6 7
961 777 10 3
964 247 9 8
964 321 5 2
964 1386 8 4
964 1790 6 2
965 1213 3 5
965 1462 10 4
966 472 8 1
966 1083 3 8
967 17 3 9
967 224 1 4
967 780 1 5
967 1357 4 6
969 38 6 7
969 101 3 6
969 103 3 4
969 229 7 10
969 491 8 10
969 662 9 1
969 939 10 7
969 1287 1 8
969 1545 1 4
969 1820 1 9
970 24 8 4
970 175 10 7
970 323 6 2
970 1557 6 8
970 1653 2 9
971 539 2 4
971 946 2 1
971 1510 9 10
971 1800 8 7
977 402 8 3
977 522 6 1
977 924 5 2
977 1159 1 3
977 1240 2 5
977 1311 4 9
978 495 1 3
978 766 6 4
978 853 3 4
978 1285 7 5
983 27 3 8
983 344 7 5
983 476 2 8
983 619 10 2
983 936 8 10
983 1179 2 10
983 1699 8 3
983 1967 10 3
987 119 1 5
987 305 7 8
987 567 6 1
987 573 4 5
987 1448 4 7
990 175 5 6
990 325 2 6
990 516 3 1
990 923 4 10
990 1597 5 4
990 1667 4 3
990 1699 5 1
991 38 4 9
991 42 9 6
991 145 8 5
991 239 4 8
991 266 9 5
991 325 5 2
991 939 8 9
991 1017 3 2
991 1115 8 7
991 1122 8 5
991 1211 9 7
991 1571 9 10
991 1633 2 3
991 1678 7 1
992 183 4 8
992 751 9 8
992 1162 2 9
992 1390 4 6
992 1416 10 9
992 1650 10 8
992 1849 9 8
992 1862 6 7
993 928 10 3
993 1268 8 2
993 1311 8 2
993 1432 10 6
993 1464 6 8
995 68 8 4
995 259 4 9
995 594 10 7
995 1547 2 7
995 1788 1 5
995 1957 3 4
996 848 6 4
996 1164 5 10
996 1357 2 10
996 1395 5 1
996 1546 6 1
997 457 3 10
997 770 7 10
997 862 8 7
997 1008 5 6
997 1493 2 9
1002 1558 5 10
1002 1742 1 8
1005 46 1 10
1005 130 3 10
1005 572 8 1
1005 1016 8 2
1005 1060 9 2
1005 1185 4 6
1005 1580 7 4
1007 32 8 6
1007 181 6 1
1007 214 10 3
1007 243 4 8
1007 1329 1 10
1007 1396 3 4
1008 720 2 3
1008 1636 5 1
1008 1864 7 9
1008 1960 5 10
1008 2000 5 7
1009 830 10 6
1009 865 10 4
1009 1043 1 7
1009 1045 4 3
1009 1340 6 1
1009 1577 5 4
1009 1784 3 8
1009 1843 5 6
1010 203 1 3
1010 622 2 8
1010 1033 10 7
1010 1037 1 5
1010 1571 9 4
1010 1900 7 2
1011 167 4 3
1011 225 4 7
1011 446 8 6
1011 675 7 3
1011 712 3 10
1011 1129 5 3
1011 1479 2 7
1011 1539 3 10
1011 1620 9 7
1011 1675 8 4
1011 1802 5 8
1015 275 2 5
1015 633 4 9
1015 675 3 6
1015 695 6 10
1015 793 10 7
1015 1011 2 9
1015 1129 2 4
1015 1245 4 6
1015 1478 9 3
1015 1501 6 1
1015 1516 7 2
1015 1528 8 7
1016 259 6 8
1016 299 5 8
1016 453 2 7
1016 724 6 4
1016 1071 8 4
1016 1491 4 8
1017 17 2 6
1017 758 8 4
1017 950 10 9
1017 1268 2 3
1017 1287 2 7
1017 1808 5 4
1018 70 4 7
1018 167 6 3
1018 239 2 7
1018 526 5 3
1018 626 3 2
1018 695 8 10
1018 903 9 4
1018 1033 6 7
1018 1228 6 8
1018 1528 10 2
1018 1629 3 9
1018 1761 7 3
1018 1795 3 1
1018 1968 1 2
1020 284 7 5
1020 633 2 9
1020 645 9 10
1020 745 3 5
1020 1570 3 6
1021 93 2 4
1021 565 7 9
1021 626 5 3
1021 745 6 10
1021 809 3 6
1021 858 10 3
1021 904 10 1
1021 1044 5 8
1021 1260 4 8
1021 1300 10 5
1021 1345 10 1
1021 1691 1 5
1021 1918 9 1
1024 798 6 2
1024 1025 4 1
1024 1283 10 7
1024 1630 6 2
1024 1751 5 7
1024 1967 5 3
1025 9 4 6
1025 88 7 5
1025 143 9 8
1025 236 7 5
1025 359 1 4
1025 476 5 4
1025 522 3 5
1025 624 2 5
1025 674 4 9
1025 736 3 8
1025 790 5 10
1025 795 2 4
1025 802 7 3
1025 830 1 2
1025 843 4 8
1025 957 8 6
1025 1007 5 1
1025 1009 2 3
1025 1033 9 6
1025 1077 8 3
1025 1180 7 2
1025 1247 4 2
1025 1450 6 4
1025 1487 6 8
1025 1546 3 10
1025 1604 8 3
1025 1686 5 10
1025 1783 7 2
1025 1846 3 5
1025 1866 5 3
1026 17 1 8
1026 133 4 8
1026 226 3 2
1026 990 5 6
1026 1159 3 6
1026 1451 1 2
1029 460 5 1
1029 611 6 10
1029 1275 8 5
1029 1534 1 9
1029 1541 3 1
1029 1606 10 9
1030 130 7 1
1030 238 4 3
1030 629 5 2
1030 1173 1 2
1030 1213 2 5
1030 1379 4 7
1030 1783 4 6
1032 1 1 6
1032 248 10 3
1032 279 9 10
1032 674 2 10
1032 1558 10 6
1032 1961 10 4
1033 111 7 8
1033 171 6 7
1033 185 3 10
1033 239 2 4
1033 258 2 4
1033 264 3 7
1033 296 8 5
1033 321 8 7
1033 458 3 10
1033 530 6 8
1033 567 4 2
1033 780 8 3
1033 861 2 1
1033 868 5 7
1033 872 10 6
1033 882 5 2
1033 1129 3 7
1033 1211 5 2
1033 1240 7 10
1033 1247 4 10
1033 1285 7 4
1033 1386 7 3
1033 1531 5 6
1033 1604 3 1
1033 1630 2 5
1033 1675 3 1
1033 1786 9 6
1033 1821 4 2
1034 691 1 8
1034 701 9 7
1034 1109 9 10
1034 1346 7 10
1035 703 7 1
1035 891 5 9
1035 949 10 1
1035 1144 2 7
1035 1422 8 7
1035 1467 9 1
1035 1589 1 4
1035 1691 2 7
1036 150 9 5
1036 384 3 7
1036 1270 7 6
1037 522 4 1
1037 535 6 8
1037 1011 7 9
1037 1129 1 6
1037 1269 10 6
1037 1325 9 2
1037 1561 3 10
1037 1846 1 8
1038 170 2 8
1038 967 6 10
1038 1412 8 6
1038 1604 2 6
1038 1686 8 9
1040 8 8 4
1040 563 4 7
1040 1840 7 10
1041 966 2 4
1041 990 10 4
1041 1337 6 9
1041 1465 4 5
1041 1630 9 4
1041 1698 8 3
1041 1813 7 3
1043 168 6 3
1043 214 4 2
1043 495 4 10
1043 688 3 9
1043 987 2 5
1043 1115 3 9
1043 1129 6 3
1043 1523 2 8
1044 203 3 2
1044 282 5 10
1044 474 10 5
1044 520 9 1
1044 898 8 9
1044 1138 7 10
1044 1228 10 1
1044 1247 6 4
1044 1357 1 2
1044 1404 5 6
1044 1546 9 1
1044 1561 3 7
1044 1674 1 8
1044 1695 5 4
1044 1762 1 5
1044 1937 10 7
1045 546 1 8
1045 898 9 7
1045 939 2 10
1046 167 1 6
1046 1535 6 4
1046 1957 7 1
1050 125 10 1
1050 155 7 5
1050 208 6 9
1050 420 6 8
1050 518 5 8
1050 898 1 3
1050 1094 2 7
1050 1468 1 8
1050 1554 1 8
1050 1662 4 6
1050 1754 5 2
1050 1783 9 1
1050 1849 1 2
1050 1967 7 2
1050 1982 1 8
1054 744 2 6
1054 829 8 7
1055 193 3 6
1055 239 8 5
1055 383 3 9
1055 446 9 10
1055 464 2 6
1055 478 6 3
1055 891 8 10
1055 995 3 9
1055 1245 7 2
1055 1418 8 3
1055 1772 10 9
1056 237 7 10
1056 264 7 10
1056 366 5 3
1056 373 5 8
1056 564 9 1
1056 610 2 5
1056 616 2 5
1056 641 10 7
1056 1005 5 3
1056 1784 1 8
1056 1853 2 5
1056 1963 5 3
1060 158 3 9
1060 326 8 3
1060 415 3 4
1060 889 8 4
1060 1245 1 4
1061 162 9 10
1061 267 5 1
1061 359 5 3
1061 526 10 7
1061 630 2 8
1061 637 6 7
1061 948 7 9
1061 1103 5 7
1061 1170 3 10
1061 1416 3 8
1061 1495 2 5
1061 1505 3 7
1061 1888 3 10
1063 127 3 2
1063 348 10 3
1063 395 6 1
1063 906 3 5
1063 910 3 10
1063 1486 5 7
1063 1721 9 10
1063 1925 7 2
1065 267 6 2
1065 1432 7 3
1065 1563 8 6
1065 1802 2 10
1069 32 8 5
1069 949 1 7
1069 1334 5 3
1069 1681 9 6
1069 1797 6 8
1071 507 9 1
1071 552 9 4
1071 930 8 2
1071 1181 5 10
1072 236 7 1
1072 348 3 8
1072 904 3 4
1072 1311 4 8
1072 1716 4 6
1072 1928 5 9
1074 25 5 4
1074 93 6 1
1074 564 8 7
1074 841 2 8
1074 1016 6 8
1074 1173 4 5
1074 1293 4 8
1075 27 10 8
1075 208 1 8
1075 258 5 3
1075 275 7 2
1075 296 10 2
1075 458 3 4
1075 526 6 9
1075 573 3 1
1075 576 6 3
1075 681 10 4
1075 717 7 3
1075 905 4 10
1075 1021 4 5
1075 1033 8 10
1075 1577 3 7
1075 1696 9 3
1077 133 10 4
1077 965 4 8
1078 245 1 10
1078 261 4 8
1078 335 2 8
1078 410 3 1
1078 527 6 9
1078 573 8 6
1078 701 5 4
1078 957 2 7
1078 1137 1 7
1078 1246 6 8
1078 1604 10 6
1078 1721 2 7
1078 1930 6 8
1080 197 7 2
1080 712 9 5
1080 724 10 8
1080 868 4 5
1080 1045 4 5
1083 111 1 6
1083 890 7 5
1083 1157 7 4
1083 1554 1 5
1083 1679 5 3
1083 1697 9 7
1084 370 7 8
1084 499 6 4
1084 890 7 4
1084 983 7 1
1084 1021 7 10
1084 1045 1 6
1084 1083 2 4
1084 1650 5 4
1087 557 7 1
1087 609 4 1
1087 928 7 6
1087 1531 4 3
1087 1588 8 5
1087 1795 6 5
1087 1835 10 1
1090 96 10 5
1090 578 4 2
1090 814 6 9
1090 1650 7 10
1092 190 10 3
1092 299 3 10
1092 577 2 8
1092 674 7 5
1092 683 10 9
1092 730 10 9
1092 762 6 7
1092 1181 7 2
1092 1766 7 5
1094 135 7 8
1094 326 9 1
1094 483 9 6
1094 707 9 10
1094 1322 2 1
1094 1368 3 9
1096 383 7 4
1096 622 3 1
1096 1636 10 9
1098 483 10 2
1098 1011 9 10
1098 1065 7 10
1098 1638 5 3
1102 373 5 8
1102 780 10 5
1102 992 6 7
1102 1025 6 2
1102 1604 1 6
1102 1633 4 10
1103 124 2 1
1103 239 1 4
1103 453 7 2
1103 569 6 4
1103 736 6 2
1103 874 10 7
1103 1102 7 10
1103 1647 8 3
1103 1784 6 7
1105 422 3 8
1105 530 4 7
1105 634 8 7
1105 635 3 4
1105 937 10 8
1105 992 1 6
1105 1118 4 9
1105 1159 10 4
1105 1392 6 10
1105 1612 10 8
1105 1633 10 5
1105 1691 2 9
1106 495 3 6
1106 1470 8 6
1106 1911 9 1
1109 1 1 2
1109 378 4 10
1109 476 1 2
1109 677 10 3
1109 807 9 2
1109 865 10 2
1109 1293 4 8
1109 1631 1 3
1111 629 8 1
1112 837 3 9
1112 849 3 2
1112 1080 7 4
1112 1098 1 8
1112 1506 3 6
1112 1896 8 1
1113 64 6 3
1113 1779 9 6
1115 88 2 4
1115 384 10 9
1115 606 5 1
1115 1025 10 8
1115 1548 10 5
1115 1864 9 1
1116 401 9 4
1116 772 9 1
1116 802 3 4
1116 987 5 9
1116 1026 8 10
1116 1033 3 9
1116 1086 6 8
1116 1807 8 3
1117 188 1 10
1117 290 9 10
1117 384 6 2
1117 401 6 7
1117 770 5 9
1117 803 4 2
1117 824 2 9
1117 860 8 1
1117 944 9 4
1117 1030 5 1
1117 1185 9 8
1117 1234 7 1
1117 1548 5 9
1117 1790 5 1
1117 1807 2 5
1117 1932 4 6
1117 1987 1 5
1118 282 7 10
1118 453 10 7
1118 460 5 10
1118 514 10 2
1118 574 1 2
1118 1561 9 10
1118 1619 10 2
1118 1736 6 2
1118 1742 10 3
1118 1897 4 10
1120 359 4 1
1120 1417 4 1
1120 1516 2 7
1121 1543 1 2
1122 554 6 2
1122 1011 1 2
1122 1232 6 8
1122 1312 8 7
1122 1640 4 6
1122 1807 9 8
1123 229 1 10
1123 1213 1 4
1123 1467 6 9
1125 141 9 6
1125 434 8 7
1125 572 5 10
1125 1024 9 5
1127 184 5 9
1127 254 10 2
1127 456 3 6
1127 635 8 10
1127 882 9 8
1128 593 9 8
1128 1972 9 5
1129 8 7 8
1129 26 1 7
1129 245 8 6
1129 343 6 8
1129 407 5 9
1129 1102 6 8
1129 1590 3 7
1130 1045 3 5
1130 1470 2 3
1130 1830 4 1
1131 772 2 3
1131 1211 3 9
1131 1234 10 2
1131 1396 7 10
1131 1523 2 4
1133 93 4 7
1133 336 5 10
1133 594 10 5
1133 606 10 5
1133 648 9 5
1133 652 9 7
1133 681 10 4
1133 860 8 9
1133 1216 10 4
1133 1275 6 7
1133 1498 9 3
1133 1545 4 10
1133 1606 8 5
1133 1747 7 9
1133 1884 5 2
1135 1385 1 4
1135 1480 6 8
1135 1849 5 10
1135 1995 4 1
1136 114 8 9
1136 299 10 7
1136 770 4 3
1137 518 4 1
1137 865 1 3
1137 920 10 8
1137 1065 3 1
1137 1253 8 1
1137 1450 5 8
1137 1754 7 10
1137 1830 2 7
1140 23 4 9
1140 198 8 1
1140 217 2 8
1140 628 6 3
1140 777 4 2
1140 1245 8 4
1140 1292 4 9
1140 1478 3 2
1140 1995 8 4
1144 131 4 5
1144 235 10 5
1144 572 3 4
1144 683 1 4
1144 695 5 2
1144 730 4 3
1144 809 3 6
1144 858 2 9
1144 1351 4 2
1148 114 5 4
1148 197 4 10
1148 563 9 1
1148 861 2 6
1148 1237 6 4
1148 1507 8 3
1149 248 10 3
1149 770 6 3
1149 1881 7 9
1150 1833 7 8
1157 373 4 9
1157 1188 1 5
1157 1786 7 6
1158 32 8 4
1158 181 7 2
1158 281 10 5
1158 296 1 8
1158 487 5 6
1158 928 10 3
1158 939 8 2
1158 953 5 10
1158 1346 2 1
1158 1566 10 3
1159 37 2 6
1159 73 7 6
1159 167 7 5
1159 343 3 8
1159 358 10 1
1159 391 6 2
1159 406 1 8
1159 410 9 4
1159 420 7 6
1159 422 1 4
1159 629 8 3
1159 630 4 5
1159 1118 10 2
1159 1612 3 4
1159 1681 3 5
1159 1708 10 6
1159 1723 9 4
1159 1821 7 4
1159 1968 10 9
1162 212 9 2
1162 809 3 9
1162 823 2 5
1162 950 7 2
1162 1094 4 3
1162 1472 10 8
1162 1736 10 4
1162 1744 3 4
1162 1848 3 10
1162 1967 2 10
1164 1 10 6
1164 59 8 10
1164 183 5 3
1164 254 6 10
1164 297 2 4
1164 335 4 6
1164 342 10 4
1164 407 9 6
1164 658 7 2
1164 1008 4 10
1164 1074 6 2
1164 1075 5 9
1164 1117 2 9
1164 1559 4 5
1164 1687 7 6
1164 1735 1 8
1164 1939 3 9
1164 2000 3 8
1167 266 9 2
1167 630 10 9
1167 793 7 4
1167 830 2 4
1167 861 7 8
1167 944 10 3
1167 1075 2 5
1167 1408 1 9
1167 1418 6 4
1167 1501 2 7
1167 1678 4 6
1167 1835 6 9
1170 56 3 6
1170 221 9 10
1170 573 9 6
1170 1011 7 8
1170 1287 6 5
1173 109 1 9
1173 121 1 3
1173 336 10 6
1173 342 4 6
1173 771 8 10
1173 992 2 9
1173 1103 8 7
1173 1675 6 7
1173 1691 3 5
1176 47 1 5
1176 167 7 6
1176 286 4 3
1176 431 10 7
1176 565 4 6
1176 572 9 2
1176 1432 5 2
1176 1502 8 9
1176 1612 3 9
1176 1653 7 4
1176 1921 2 5
1176 1968 9 5
1176 2000 2 3
1179 101 3 9
1179 106 2 1
1179 171 7 5
1179 261 1 8
1179 262 7 5
1179 310 10 9
1179 670 7 2
1179 874 5 2
1179 906 8 5
1179 1233 3 4
1179 1510 10 2
1179 1967 1 2
1180 376 6 10
1180 436 5 1
1180 1189 9 5
1180 1753 10 7
1180 1964 1 7
1181 47 7 8
1181 109 4 6
1181 165 9 3
1181 214 5 2
1181 609 4 6
1181 946 5 8
1181 1324 2 10
1181 1603 2 4
1185 282 1 2
1185 285 7 9
1185 305 8 2
1185 439 2 4
1185 452 4 3
1185 462 2 10
1185 515 9 8
1185 630 10 1
1185 724 10 8
1185 865 2 6
1185 950 4 7
1185 1015 2 6
1185 1075 2 6
1185 1519 7 3
1185 1590 3 8
1185 1813 3 5
1185 1821 2 10
1185 1932 4 7
1185 1977 4 1
1187 1232 9 6
1187 1519 7 3
1187 1679 5 6
1187 1783 10 7
1187 1784 9 4
1187 1800 3 5
1188 59 10 5
1188 121 3 5
1188 211 2 5
1188 297 3 6
1188 487 4 10
1188 703 5 3
1188 712 5 3
1188 735 7 5
1188 881 3 8
1188 905 8 7
1188 930 2 5
1188 1467 6 9
1188 1675 8 1
1188 1926 6 8
1189 25 8 7
1189 619 9 5
1189 658 9 2
1189 802 7 1
1189 1162 9 4
1189 1541 3 5
1189 1597 10 8
1189 1662 1 5
1189 1736 5 2
1189 1932 4 10
1195 862 8 4
1195 1061 3 6
1196 193 7 1
1196 546 7 3
1196 1482 8 6
1196 1564 7 6
1196 1597 1 3
1196 1918 9 4
1197 82 9 7
1197 882 5 10
1197 1071 5 1
1197 1465 5 7
1197 1498 2 8
1197 1807 2 4
1197 1967 2 6
1202 201 3 2
1202 507 10 2
1202 766 2 3
1202 1069 5 10
1202 1148 9 8
1202 1461 7 3
1203 452 9 6
1203 957 6 9
1203 1030 9 8
1203 1695 10 3
1203 1927 2 9
1208 211 2 10
1208 237 6 8
1208 261 9 7
1208 384 5 10
1208 1253 5 3
1209 677 9 8
1209 695 2 4
1209 1900 2 9
1211 70 6 5
1211 201 4 8
1211 276 7 2
1211 569 5 8
1211 576 6 10
1211 637 6 7
1211 639 10 1
1211 736 6 3
1211 1297 4 5
1211 1298 4 6
1211 1888 1 9
1211 1919 4 9
1211 1967 3 4
1213 80 6 3
1213 227 4 8
1213 840 9 2
1213 1071 5 7
1215 145 9 5
1215 1498 2 1
1215 1776 5 6
1215 1989 9 10
1216 321 8 10
1216 993 1 3
1216 1438 9 2
1217 543 9 5
1217 766 7 8
1217 777 7 8
1217 1240 4 2
1217 1332 9 2
1217 1346 5 9
1223 872 4 9
1223 1850 4 9
1225 969 10 5
1228 42 9 4
1228 88 4 6
1228 299 8 4
1228 407 4 5
1228 563 1 7
1228 610 4 6
1228 634 6 10
1228 1131 5 2
1228 1180 5 2
1228 1236 2 4
1228 1351 6 8
1228 1383 4 8
1228 1714 4 5
1228 1794 4 3
1229 382 2 3
1229 383 5 8
1229 770 4 10
1229 1283 1 7
1229 1539 7 10
1230 238 8 10
1230 290 6 5
1230 310 8 7
1230 486 10 6
1230 565 3 8
1230 681 10 5
1230 822 1 6
1230 1043 1 7
1230 1116 7 9
1230 1331 3 1
1230 1788 6 4
1231 165 6 9
1231 188 2 10
1231 245 5 10
1231 556 6 2
1231 1185 3 10
1231 1472 5 8
1232 14 5 3
1232 675 1 5
1232 822 8 2
1232 841 3 9
1232 1021 10 4
1232 1157 1 8
1232 1185 9 2
1232 1240 4 3
1232 1308 9 10
1232 1620 6 3
1232 1721 8 3
1232 1833 1 9
1233 145 3 1
1233 229 8 9
1233 530 8 3
1233 630 4 8
1233 677 9 5
1233 890 1 10
1233 928 4 3
1233 1037 5 4
1233 1247 5 2
1233 1269 6 10
1233 1382 8 10
1233 1435 10 2
1233 1459 5 10
1233 1506 4 8
1233 1580 9 8
1233 1896 9 2
1233 1926 10 4
1234 248 5 2
1234 904 10 5
1234 1015 1 5
1234 1699 5 2
1234 1925 7 4
1236 68 5 8
1236 258 1 3
1236 459 1 9
1236 474 4 5
1236 486 2 5
1236 609 4 6
1236 853 7 8
1236 891 1 7
1236 1459 6 5
1236 1629 2 8
1236 1714 3 7
1236 1821 3 6
1236 1850 7 4
1237 213 10 4
1237 518 4 5
1237 549 5 6
1237 608 3 9
1237 990 10 4
1237 1091 9 6
1237 1728 4 10
1237 1772 5 10
1238 557 3 10
1238 967 1 4
1238 1017 10 8
1238 1158 10 8
1238 1590 4 7
1238 1618 5 1
1238 1687 10 7
1240 88 2 10
1240 335 3 8
1240 533 2 5
1240 554 9 8
1240 667 1 7
1240 682 9 2
1240 724 2 7
1240 853 6 1
1240 858 6 1
1240 905 9 3
1240 970 1 4
1240 1137 7 1
1240 1180 4 2
1240 1231 5 1
1240 1346 7 8
1240 1486 10 6
1240 1543 2 5
1240 1571 2 1
1240 1695 2 7
1242 499 4 9
1245 8 9 2
1245 30 6 4
1245 87 5 9
1245 101 6 9
1245 184 3 9
1245 384 4 2
1245 522 8 5
1245 526 5 9
1245 628 4 6
1245 658 6 9
1245 670 1 5
1245 1002 4 6
1245 1176 9 5
1245 1269 1 9
1245 1388 4 9
1245 1620 7 9
1245 1662 10 6
1245 1723 9 8
1246 19 7 8
1246 1029 7 4
1246 1561 9 2
1247 9 9 6
1247 88 2 5
1247 112 1 7
1247 127 5 6
1247 132 10 7
1247 384 3 9
1247 456 2 7
1247 517 6 1
1247 596 9 1
1247 606 5 7
1247 764 4 7
1247 815 5 4
1247 861 3 6
1247 888 6 9
1247 1580 8 3
1247 1716 7 2
1247 1741 1 9
1247 1804 3 5
1247 1874 3 5
1249 200 6 7
1249 459 6 5
1249 554 4 9
1249 1150 7 3
1253 369 4 5
1253 431 8 3
1253 1083 4 10
1253 1247 6 9
1253 1268 4 6
1253 1696 9 8
1253 1754 1 9
1255 150 10 8
1255 410 10 5
1255 530 7 9
1255 806 4 3
1255 1430 1 10
1255 1956 4 8
1256 1157 6 3
1260 92 9 3
1260 116 2 4
1260 1469 3 7
1260 1495 2 9
1261 9 6 1
1261 59 8 10
1261 131 2 1
1261 281 1 7
1261 522 7 4
1261 681 1 8
1261 735 1 6
1261 791 1 6
1261 933 7 10
1261 1016 8 1
1261 1176 9 6
1261 1410 2 8
1261 1545 5 10
1261 1686 8 7
1261 1719 7 5
1261 1788 4 3
1261 1821 5 10
1261 1911 3 1
1261 2000 5 3
1268 260 10 7
1268 266 9 8
1268 458 2 8
1268 472 4 7
1268 684 3 5
1268 833 10 9
1268 1075 3 1
1268 1918 8 5
1269 64 5 9
1269 87 6 8
1269 444 10 4
1269 630 2 1
1269 1515 9 6
1270 130 7 6
1270 474 3 6
1270 602 4 9
1270 1002 5 8
1270 1118 8 5
1270 1308 5 8
1270 1334 5 7
1270 1867 5 9
1271 474 8 7
1271 1228 7 9
1271 1320 5 2
1271 1382 3 7
1271 1714 5 3
1272 88 4 2
1272 1140 1 2
1272 1960 6 9
1273 140 3 5
1273 213 7 3
1273 811 7 1
1273 946 8 10
1273 1202 6 9
1273 1477 6 9
1275 1 7 8
1275 50 2 6
1275 229 6 1
1275 236 9 10
1275 264 4 9
1275 457 4 5
1275 780 3 1
1275 861 8 3
1275 1025 2 1
1275 1157 10 4
1275 1465 4 8
1275 1630 9 3
1275 1987 8 3
1277 90 3 9
1277 266 9 5
1277 284 7 8
1277 407 7 4
1277 949 4 2
1277 1090 7 4
1277 1229 5 4
1277 1357 10 5
1277 1783 5 6
1277 1869 1 4
1277 1948 6 3
1278 862 8 9
1283 56 2 4
1283 69 2 8
1283 371 3 9
1283 717 1 7
1283 908 9 5
1283 1063 3 2
1283 1255 3 2
1283 1933 6 1
1285 515 3 8
1285 829 3 7
1285 913 2 3
1285 1374 6 4
1285 1435 5 1
1285 1590 7 3
1285 1763 6 7
1287 188 9 6
1287 904 4 3
1287 960 10 6
1287 1477 1 10
1287 1589 3 7
1287 1763 1 3
1287 1888 2 4
1293 8 1 5
1293 31 1 7
1293 268 3 9
1293 452 5 6
1293 522 6 10
1293 555 9 2
1293 652 4 3
1293 798 2 3
1293 903 7 9
1293 944 10 2
1293 1298 7 8
1293 1563 1 5
1293 1706 10 4
1293 1788 9 2
1297 141 5 1
1297 310 5 10
1297 359 2 7
1297 441 5 1
1297 802 8 1
1297 1033 4 7
1297 1092 3 2
1297 1305 8 4
1297 1351 4 8
1297 1416 3 9
1297 1675 2 3
1297 1762 6 8
1298 220 1 9
1298 624 5 4
1298 957 10 7
1298 1118 4 9
1298 1196 2 4
1298 1708 1 9
1298 1752 4 3
1299 1597 3 5
1299 1738 4 7
1300 124 3 6
1300 336 1 6
1300 522 10 4
1300 616 2 10
1300 648 9 6
1300 967 5 1
1300 1083 5 7
1305 47 6 3
1305 519 1 9
1305 628 4 9
1305 853 1 3
1305 1202 1 9
1305 1501 1 6
1305 1508 7 4
1305 1815 3 5
1305 1927 10 9
1308 162 3 4
1308 407 4 1
1308 459 1 8
1308 1002 3 9
1308 1011 1 8
1308 1240 4 3
1308 1478 10 3
1308 1813 9 2
1308 1906 3 1
1310 608 2 1
1310 1149 1 4
1310 1977 8 3
1311 451 6 4
1311 914 1 3
1311 1240 4 10
1311 1340 3 7
1311 1416 3 8
1311 1723 8 9
1311 1919 3 6
1312 197 5 3
1312 225 6 5
1312 790 7 6
1312 814 3 4
1312 992 4 8
1312 1005 6 4
1312 1592 6 10
1312 1647 6 1
1313 590 7 10
1313 1149 10 1
1313 1447 2 7
1313 1647 2 4
1315 476 7 2
1315 661 9 1
1315 675 5 4
1315 1396 8 4
1315 1709 2 8
1315 1723 1 10
1320 563 1 5
1320 582 1 9
1320 1187 5 7
1320 1343 1 6
1320 1392 8 2
1322 195 4 6
1322 297 6 8
1322 745 7 8
1322 802 1 3
1322 1420 1 6
1324 24 7 10
1324 220 7 9
1324 243 6 4
1324 949 6 9
1324 1188 9 7
1324 1531 2 7
1324 1554 7 9
1324 1856 6 9
1325 305 1 7
1325 413 3 7
1325 673 1 2
1325 890 1 9
1325 1159 4 2
1325 1597 1 6
1329 162 9 8
1329 310 5 3
1329 582 3 4
1329 764 3 9
1329 860 5 8
1329 1703 4 3
1329 1870 6 9
1329 1899 8 9
1330 343 4 6
1330 736 1 10
1331 30 5 9
1331 125 10 6
1331 201 7 2
1331 436 4 2
1331 515 4 1
1331 522 1 7
1331 564 9 2
1331 572 10 6
1331 576 2 4
1331 658 10 5
1331 785 6 3
1331 793 1 9
1331 882 3 10
1331 1015 1 4
1331 1018 9 6
1331 1071 3 6
1331 1197 1 10
1331 1534 4 5
1331 1723 3 9
1331 1788 7 4
1331 1790 8 5
1331 1802 10 1
1331 1892 8 5
1331 1918 5 2
1331 1961 5 9
1332 5 8 2
1332 224 2 10
1332 323 9 6
1332 890 10 9
1332 948 8 2
1332 1932 1 7
1334 236 3 7
1334 1409 7 8
1334 1429 2 10
1334 1616 5 6
1334 1866 8 9
1337 156 1 9
1337 336 9 6
1337 446 7 1
1337 535 4 8
1337 650 10 2
1337 937 3 9
1337 1072 5 2
1337 1103 2 4
1337 1236 2 10
1337 1354 3 9
1337 1963 5 10
1339 673 3 1
1340 405 4 3
1340 678 3 8
1340 858 9 8
1340 1157 1 4
1340 1493 9 1
1340 1742 2 10
1343 836 9 5
1343 1726 10 9
1343 1753 7 9
1343 1904 10 2
1345 23 9 2
1345 212 1 4
1345 258 10 9
1345 455 5 8
1345 682 5 2
1345 1123 1 6
1345 1271 5 9
1345 1293 9 10
1345 1404 9 5
1346 279 8 2
1346 282 5 10
1346 1881 3 10
1347 477 2 8
1347 574 4 2
1349 56 4 6
1349 224 3 7
1349 570 9 1
1349 639 10 9
1349 670 10 6
1349 793 7 3
1349 1223 10 4
1349 1245 9 3
1349 1430 7 4
1351 35 6 8
1351 258 8 10
1351 401 8 7
1351 431 9 10
1351 487 6 10
1351 552 1 9
1351 652 2 7
1351 983 5 7
1351 1299 6 2
1351 1417 7 10
1351 1681 1 9
1351 1791 6 7
1351 1918 1 2
1351 1962 9 3
1351 1967 5 9
1352 38 5 1
1352 158 6 4
1352 326 3 7
1352 434 10 4
1352 1278 9 6
1352 1586 8 4
1353 402 6 9
1353 1460 9 3
1354 158 3 7
1354 630 6 10
1354 917 9 6
1354 948 9 1
1356 1283 1 3
1357 88 1 3
1357 124 6 10
1357 436 5 6
1357 566 9 4
1357 707 2 4
1357 765 8 6
1357 841 10 7
1357 882 7 10
1357 995 7 5
1357 1086 8 1
1357 1120 9 4
1357 1447 1 2
1357 1708 9 8
1359 286 3 4
1359 444 7 2
1359 652 1 8
1359 1791 10 2
1359 1856 3 6
1365 26 6 5
1365 474 4 5
1365 1422 1 10
1365 1467 7 8
1365 1619 6 9
1368 191 10 3
1368 201 3 9
1368 593 9 3
1368 1275 4 7
1368 1711 3 2
1369 35 3 8
1369 106 8 9
1369 456 5 3
1369 474 10 2
1369 649 3 7
1369 765 7 6
1369 1420 1 2
1369 1467 2 7
1374 302 1 2
1374 316 3 1
1374 406 5 8
1374 1065 1 7
1374 1188 4 9
1378 293 8 9
1378 518 4 8
1378 520 7 6
1378 841 10 8
1378 949 3 7
1378 1185 9 7
1378 1426 5 6
1378 1674 8 2
1378 1857 8 1
1378 1904 10 3
1379 133 7 1
1382 249 4 6
1382 285 5 2
1382 703 9 2
1382 822 6 5
1382 992 7 10
1382 1016 10 4
1382 1117 8 7
1382 1268 8 7
1382 1368 3 7
1382 1457 9 1
1382 1869 10 7
1382 1892 2 8
1383 580 8 2
1383 635 7 8
1383 1392 1 3
1383 1797 1 7
1385 243 10 5
1385 965 9 3
1385 1957 1 7
1386 194 3 6
1386 681 7 9
1386 843 1 6
1386 1069 8 9
1386 1133 10 4
1386 1331 4 10
1388 874 10 2
1388 1800 10 6
1389 496 8 6
1389 953 9 3
1389 1392 8 2
1389 1487 5 9
1390 1650 5 8
1392 675 8 1
1392 724 3 10
1392 931 10 1
1392 1633 8 6
1392 1982 9 10
1392 1995 7 3
1395 335 8 7
1395 451 2 6
1395 841 2 8
1396 137 7 3
1396 166 10 7
1396 214 4 8
1396 946 9 7
1396 1461 7 8
1396 1534 1 6
1399 383 9 4
1399 654 2 9
1399 1408 7 1
1399 1815 7 2
1399 1897 6 4
1401 650 10 7
1401 790 6 10
1401 927 4 5
1401 995 1 8
1401 1411 2 1
1404 794 10 7
1404 796 2 5
1404 886 4 5
1404 948 6 1
1404 1179 9 4
1408 193 9 8
1408 418 3 10
1408 758 1 4
1408 1016 5 2
1408 1925 6 1
1409 643 1 7
1409 796 7 2
1409 1579 9 10
1410 1002 1 3
1410 1185 10 1
1410 1635 9 3
1410 1772 7 10
1411 493 3 8
1411 650 9 8
1411 835 4 3
1411 1071 1 9
1411 1128 4 2
1411 1167 6 9
1411 1209 5 2
1411 1228 7 10
1411 1298 4 5
1412 811 8 3
1412 931 6 8
1414 364 10 4
1414 650 4 7
1414 771 7 2
1414 813 4 1
1414 841 10 3
1414 861 2 6
1414 1211 10 3
1414 1386 9 5
1414 1592 1 2
1414 1857 10 1
1416 376 9 5
1416 395 3 6
1416 564 5 4
1416 814 8 3
1416 882 2 8
1416 928 3 10
1416 947 7 1
1416 964 8 9
1416 1534 7 4
1416 1918 6 7
1416 2000 4 5
