1 25
1 70
1 93
1 287
1 310
1 457
1 464
1 508
1 526
1 593
1 830
1 991
1 995
1 1185
1 1203
1 1277
1 1472
1 1545
1 1662
1 1790
1 1903
1 1987
2 93
2 281
2 422
2 479
2 634
2 860
2 924
2 1557
3 120
3 264
3 508
3 779
3 790
3 882
3 1197
3 1696
3 1807
3 1862
5 836
5 905
5 1164
5 1194
5 1249
5 1325
5 1528
5 1784
5 1937
6 5
6 208
6 224
6 267
6 936
6 1122
6 1176
6 1185
6 1508
6 1554
6 1681
6 1906
8 1
8 175
8 248
8 254
8 474
8 522
8 890
8 1026
8 1167
8 1420
8 1788
9 62
9 68
9 201
9 273
9 373
9 522
9 576
9 733
9 802
9 1157
9 1554
9 1744
9 1855
9 1971
14 162
14 616
14 751
14 1021
17 577
17 1149
17 1209
17 1644
18 35
18 130
18 285
18 464
18 566
18 770
18 1261
18 1467
18 1566
18 1613
18 1662
19 226
19 886
19 1133
19 1435
21 299
21 609
21 701
21 949
21 1015
21 1045
21 1531
21 1604
23 171
23 239
23 266
23 405
23 476
23 622
23 630
23 802
23 815
23 840
23 872
23 905
23 949
23 1087
23 1179
23 1590
23 1839
23 1840
24 111
24 185
24 384
24 566
24 1009
24 1708
25 44
25 325
25 594
25 722
25 1631
25 1783
27 405
27 1129
27 1485
27 1789
30 9
30 24
30 203
30 217
30 446
30 543
30 582
30 933
30 970
30 1478
30 1498
30 1584
30 1783
30 1800
30 1897
31 171
31 184
31 310
31 348
31 378
31 382
31 401
31 458
31 567
31 569
31 616
31 649
31 792
31 898
31 905
31 1033
31 1297
31 1487
31 1589
31 1606
31 1613
31 1813
31 1840
31 1897
31 1906
32 750
32 1086
32 1090
32 1228
32 1519
32 1541
32 1886
35 401
35 1086
35 1298
35 1547
35 1762
35 1815
36 304
36 983
37 376
37 730
37 905
37 1223
37 1411
37 1495
37 1519
37 1867
37 1874
38 131
38 496
38 739
38 841
38 848
38 1036
42 1723
44 56
44 254
44 282
44 456
44 526
44 580
44 637
44 650
44 766
44 843
44 861
44 913
44 939
44 961
44 1179
44 1253
44 1365
44 1580
44 1603
44 1612
44 1784
44 1797
46 62
46 261
46 522
46 564
46 847
46 948
46 1025
46 1167
46 1238
46 1559
46 1570
46 1601
46 1615
46 1723
46 1728
46 1906
47 69
47 111
47 282
47 790
47 879
47 1025
47 1157
47 1233
47 1813
47 1968
47 1971
50 80
50 217
50 266
50 395
50 457
50 564
50 590
50 650
50 830
50 1140
50 1247
50 1547
50 1592
50 1612
50 1681
50 1864
50 1897
56 2
56 208
56 446
56 564
56 573
56 610
56 650
56 946
56 950
56 983
56 1083
56 1094
56 1285
56 1506
59 336
59 557
59 1030
59 1044
59 1055
59 1359
59 1452
59 1674
59 1821
59 1939
59 1960
62 14
62 124
62 436
62 1378
62 1766
62 1797
62 1929
64 665
64 667
67 364
67 806
67 891
68 1032
68 1332
68 1559
68 1579
68 1754
68 1971
68 1989
69 683
69 750
70 278
70 460
70 552
70 650
70 673
70 905
70 941
70 948
70 1434
70 1452
72 212
72 596
72 670
72 987
72 1458
73 6
73 588
78 87
78 260
78 570
78 1131
78 1140
78 1573
78 1995
80 282
80 285
80 287
80 369
80 515
80 1236
80 1404
80 1474
80 1571
80 1820
80 1892
82 112
82 223
82 830
82 1196
87 1337
87 1813
88 68
88 264
88 266
88 276
88 282
88 364
88 407
88 410
88 455
88 460
88 474
88 526
88 635
88 650
88 688
88 712
88 736
88 764
88 766
88 790
88 795
88 858
88 890
88 906
88 939
88 952
88 1044
88 1074
88 1103
88 1261
88 1472
88 1612
88 1751
88 1846
88 1856
88 2000
90 384
90 724
90 774
90 920
90 961
90 970
90 1008
90 1164
90 1339
90 1386
90 1835
92 790
92 809
92 906
92 1038
92 1091
92 1458
92 1972
93 131
93 212
93 276
93 566
93 931
93 946
93 1005
93 1009
93 1025
93 1125
93 1498
93 1723
93 1807
93 1886
93 1911
93 1918
93 1977
96 285
96 1738
96 1957
99 876
99 1896
99 1906
101 137
101 576
101 695
101 790
101 903
101 905
101 1211
101 1404
101 1439
101 1519
101 1528
103 109
103 171
103 296
103 609
103 793
103 946
103 1396
103 1479
103 1795
103 1960
103 1968
106 127
106 137
106 141
106 188
106 791
106 885
106 1560
107 150
107 567
107 681
107 1337
107 1429
107 1478
107 1636
109 378
109 1843
111 224
111 264
111 296
111 474
111 572
111 594
111 930
111 960
111 1021
111 1025
111 1293
111 1311
111 1450
111 1469
111 1569
111 1662
111 1708
112 25
112 166
112 496
112 681
112 910
112 1018
112 1695
112 1884
112 1892
114 131
114 276
114 639
114 773
114 774
114 933
114 990
114 1447
114 1448
114 1617
114 1846
116 107
116 1149
116 1430
116 1925
119 170
119 616
119 1148
119 1300
119 1399
119 1417
119 1599
119 1989
120 254
120 359
120 688
120 802
120 1043
120 1369
120 1620
120 1675
120 1964
121 3
121 23
121 69
121 1030
121 1245
122 535
122 1122
122 1189
124 88
124 171
124 201
124 212
124 264
124 400
124 410
124 490
124 586
124 620
124 650
124 769
124 790
124 941
124 1118
124 1240
124 1297
124 1438
124 1580
124 1619
124 1804
124 1971
125 236
125 586
125 843
125 993
125 1159
125 1337
127 44
127 88
127 620
127 624
127 635
127 791
127 898
127 1075
127 1337
127 1577
127 1597
127 1964
128 336
128 458
128 637
128 707
128 747
128 1293
128 1417
128 1723
130 132
130 296
130 378
130 580
130 586
130 643
130 736
130 771
130 841
130 925
130 1033
130 1203
130 1298
130 1312
130 1374
130 1513
130 1580
130 1700
130 1762
131 88
131 183
131 276
131 293
131 359
131 418
131 586
131 715
131 751
131 830
131 881
131 882
131 1007
131 1032
131 1185
131 1225
131 1287
131 1320
131 1416
131 1447
131 1498
131 1590
131 1662
131 1714
131 1784
131 1790
131 1887
132 188
132 538
132 556
132 563
132 606
132 840
132 1261
132 1840
133 1007
133 1017
135 87
135 1721
136 258
136 483
137 31
137 515
137 1065
137 1185
137 1566
137 1571
137 1695
140 913
140 923
140 949
140 1585
140 1647
140 1766
140 1932
141 59
141 88
141 124
141 175
141 348
141 405
141 487
141 526
141 576
141 650
141 658
141 681
141 695
141 923
141 969
141 1044
141 1129
141 1352
141 1918
141 1967
142 460
142 526
142 1091
142 1541
143 93
143 264
143 418
143 620
143 790
143 1299
143 1450
143 1498
143 1539
143 1687
145 296
145 515
145 617
145 941
145 1033
145 1078
145 1211
145 1744
145 1881
150 36
150 247
150 282
150 621
150 751
150 865
150 1429
150 1647
153 1485
153 1700
155 1586
155 1925
156 111
156 112
156 131
156 137
156 171
156 464
156 472
156 528
156 596
156 650
156 688
156 840
156 957
156 1305
156 1452
156 1820
156 1897
158 461
158 791
158 1031
158 1162
158 1528
158 1554
162 793
162 908
162 1918
165 120
165 406
165 436
165 515
165 682
166 143
166 348
166 960
166 1061
166 1678
166 1916
167 446
167 766
167 1031
167 1118
167 1349
167 1561
167 1590
167 1788
168 132
168 217
168 522
168 530
168 566
168 728
168 1005
168 1285
170 30
170 336
170 436
170 1501
170 1505
171 44
171 50
171 226
171 258
171 281
171 282
171 296
171 336
171 348
171 359
171 499
171 522
171 635
171 654
171 720
171 931
171 1025
171 1228
171 1240
171 1285
171 1458
171 1580
171 1636
171 1837
171 1930
171 2000
175 1
175 248
175 266
175 482
175 519
175 609
175 670
175 765
175 1305
175 1457
175 1580
181 69
181 224
181 284
181 815
181 925
181 1401
181 1409
181 1698
183 35
183 124
183 383
183 451
183 703
183 774
183 908
183 1080
183 1090
183 1340
183 1495
183 1765
183 1766
183 1834
183 1932
184 27
184 351
184 791
184 1018
184 1330
184 1389
184 1762
185 30
185 119
185 166
185 444
185 840
185 990
185 1137
185 1213
185 1467
185 1472
185 1579
185 1630
185 1631
185 1662
185 1881
188 1
188 18
188 203
188 405
188 416
188 830
188 983
188 1011
188 1098
188 1185
188 1479
188 1545
188 1633
188 1714
188 1842
190 197
191 946
193 733
193 868
193 917
193 1033
193 1065
193 1804
193 1888
194 273
194 1253
194 1783
194 1808
195 88
195 127
195 254
195 619
195 766
195 987
195 1060
197 93
197 225
197 325
197 384
197 446
197 736
197 1032
197 1117
197 1232
197 1260
197 1469
197 1547
197 1790
198 6
198 158
198 232
198 248
198 342
198 436
198 588
198 795
198 879
198 917
198 948
198 1157
198 1270
198 1468
198 1498
198 1906
198 1964
199 513
199 582
199 1365
199 1697
200 695
200 734
200 1061
201 143
201 245
201 271
201 282
201 460
201 745
201 790
201 843
201 944
201 1009
201 1078
201 1228
201 1233
201 1293
201 1460
201 1472
201 1545
201 1589
201 1842
202 461
202 903
202 1590
202 1926
203 80
203 185
203 658
203 890
203 920
203 1011
203 1075
203 1261
203 1269
203 1472
203 1479
203 1508
203 1546
203 1751
203 1789
203 1960
208 2
208 88
208 258
208 406
208 482
208 841
208 890
208 1011
208 1015
208 1109
208 1144
208 1247
208 1369
208 1450
208 1535
208 1563
208 1577
208 1678
208 1881
208 1918
208 1925
208 1956
210 111
210 236
210 359
210 576
210 578
210 594
210 658
210 765
210 800
210 802
210 861
210 1011
210 1018
210 1074
210 1164
210 1721
210 1821
210 1864
210 1911
210 1918
211 316
211 606
211 885
211 1078
211 1272
211 1546
211 1633
211 1930
212 37
212 68
212 259
212 267
212 395
212 410
212 1090
212 1236
212 1332
212 1352
212 1714
213 249
213 949
213 1054
213 1130
213 1545
213 1789
214 229
214 275
214 1275
214 1313
214 1650
217 59
217 229
217 266
217 635
217 709
217 881
217 1008
217 1435
220 254
220 452
220 679
220 923
221 860
221 1483
221 1640
221 1802
223 220
223 264
223 1127
223 1293
223 1351
224 305
224 446
224 458
224 917
224 1148
224 1197
224 1354
224 1399
224 1723
224 1921
225 1095
225 1561
225 1614
225 1711
225 1897
226 175
226 474
226 526
226 658
226 724
226 848
226 953
226 1105
226 1247
226 1315
226 1340
226 1558
226 1586
226 1590
226 1633
226 1708
226 1784
226 1797
227 772
227 1465
227 1538
227 1592
229 112
229 141
229 226
229 298
229 436
229 519
229 572
229 610
229 652
229 890
229 939
229 1025
229 1078
229 1187
229 1324
229 1538
229 1548
229 1557
229 1590
229 1754
229 1783
229 1790
229 1791
229 1835
232 24
232 238
232 282
232 325
232 401
232 606
232 861
232 905
232 930
232 1269
232 1271
232 1277
232 1337
232 1430
232 1534
232 1557
232 1790
232 1853
235 32
235 62
235 415
235 546
235 1541
235 1674
236 90
236 171
236 369
236 518
236 733
236 885
236 1247
236 1465
237 1150
237 1438
237 1491
237 1494
237 1795
237 1866
238 112
238 259
238 479
238 803
238 1293
238 1714
239 167
239 171
239 628
239 791
239 841
239 928
239 1075
239 1297
239 1528
239 1566
239 1616
239 1629
239 1675
239 1772
243 93
243 131
243 145
243 683
243 791
243 840
243 949
243 1050
243 1056
243 1271
243 1277
243 1414
243 1590
243 1797
243 1846
245 395
245 476
245 486
245 495
245 931
245 939
245 1069
245 1106
245 1580
245 1667
245 1726
247 238
247 366
247 1495
247 1716
247 1853
247 1956
248 82
248 258
248 384
248 629
248 841
248 1112
248 1117
248 1213
248 1343
248 1691
248 1930
249 106
249 1232
249 1325
249 1410
249 1528
254 18
254 106
254 128
254 141
254 171
254 226
254 287
254 384
254 472
254 557
254 628
254 670
254 903
254 906
254 1011
254 1065
254 1261
254 1612
254 1716
254 1744
254 1959
258 422
258 434
258 609
258 696
258 769
258 898
258 934
258 1007
258 1016
258 1247
258 1349
258 1438
258 1590
258 1723
258 1808
259 27
259 56
259 171
259 208
259 282
259 299
259 395
259 422
259 444
259 527
259 530
259 573
259 830
259 1011
259 1043
259 1061
259 1117
259 1271
259 1312
259 1515
259 1580
259 1588
259 1723
259 1789
259 1790
260 188
260 238
260 299
260 1231
260 1287
260 1573
261 23
261 24
261 130
261 198
261 422
261 453
261 515
261 518
261 771
261 793
261 1334
261 1418
261 1420
261 1699
261 1795
261 1989
262 32
262 90
262 310
262 517
262 715
262 733
262 736
262 1751
262 1900
262 1939
264 47
264 202
264 572
264 650
264 730
264 736
264 795
264 800
264 1213
264 1293
264 1450
264 1662
264 1708
264 1788
264 2000
266 201
266 229
266 282
266 323
266 407
266 610
266 650
266 712
266 771
266 830
266 840
266 861
266 890
266 1275
266 1378
266 1538
266 1580
266 1681
266 1716
266 1846
266 1897
267 522
267 695
267 891
267 1240
267 1261
267 1547
267 1662
267 1714
268 44
268 226
268 941
268 1138
268 1753
269 62
269 261
269 1103
269 1784
271 254
271 458
271 508
271 626
271 658
271 662
271 764
271 769
271 838
271 853
271 903
271 1324
271 1570
271 1616
271 1634
271 1662
271 1744
271 1791
271 1921
271 1959
273 142
273 1005
273 1300
273 1320
273 1956
275 208
275 482
275 596
275 905
275 936
275 1159
276 25
276 130
276 133
276 268
276 538
276 717
276 745
276 772
276 841
276 1127
276 1293
276 1411
276 1447
276 1495
276 1708
276 1807
277 633
277 1494
277 1523
277 1728
277 1906
277 1933
278 200
278 405
278 483
278 868
278 1937
279 554
279 766
279 790
279 840
279 1046
279 1188
279 1271
281 478
281 509
281 637
281 1432
281 1616
281 1918
282 62
282 112
282 124
282 132
282 143
282 183
282 210
282 220
282 518
282 526
282 624
282 650
282 658
282 765
282 766
282 771
282 815
282 830
282 865
282 882
282 890
282 891
282 990
282 1033
282 1071
282 1159
282 1240
282 1297
282 1416
282 1459
282 1498
282 1557
282 1580
282 1590
282 1686
282 1723
282 1754
282 1874
282 1881
282 2000
284 247
284 463
284 683
284 1103
284 1312
284 1706
284 1772
284 1783
284 1973
285 237
285 420
285 573
285 891
285 931
285 1098
285 1494
285 1695
285 1821
286 8
286 751
286 766
286 809
286 913
286 925
286 1761
286 1851
286 1906
287 120
287 1021
287 1217
287 1300
287 1899
287 1904
290 30
290 198
290 259
290 554
290 745
290 1268
290 1269
290 1396
290 1678
290 1821
290 1843
293 38
293 197
293 882
293 1203
293 1546
293 1735
293 1807
293 1851
296 44
296 82
296 401
296 422
296 526
296 567
296 720
296 987
296 1162
296 1196
296 1230
296 1472
296 1557
296 1590
296 1716
296 1744
296 1967
297 31
297 131
297 276
297 304
297 402
297 522
297 802
297 1084
297 1686
298 436
298 658
298 790
298 1072
298 1751
298 1761
298 1939
299 73
299 239
299 293
299 422
299 528
299 568
299 701
299 773
299 815
299 843
299 861
299 1008
299 1416
299 1420
299 1535
299 1561
299 1590
299 1619
299 1754
299 1784
299 1960
302 171
302 633
302 769
302 934
302 1015
302 1176
303 210
303 670
303 736
303 881
303 1558
303 1564
303 1604
303 1714
303 1834
303 1911
304 1
304 608
304 809
304 1404
304 1864
305 17
305 258
305 453
305 510
305 522
305 651
305 876
305 1072
305 1092
305 1103
305 1300
305 1418
305 1629
310 131
310 170
310 455
310 555
310 564
310 681
310 890
310 898
310 1588
310 1613
316 264
316 326
316 703
316 712
316 837
316 1194
321 225
321 1493
321 1808
321 1972
323 93
323 335
323 906
323 1245
325 739
325 800
325 1649
325 1972
326 336
326 420
326 452
326 478
326 679
326 913
326 1369
335 124
335 316
335 359
335 795
335 876
335 888
335 1185
335 1189
335 1629
335 1867
336 212
336 285
336 359
336 415
336 518
336 577
336 637
336 764
336 814
336 1030
336 1236
336 1620
336 1784
336 1786
336 1835
342 378
342 387
342 487
342 830
342 1035
342 1234
342 1331
343 156
343 282
343 285
343 344
343 1255
343 1776
344 56
344 305
344 1681
348 124
348 258
348 282
348 431
348 522
348 815
348 1120
348 1272
348 1331
348 1629
351 106
351 630
351 1435
351 1853
351 1862
351 1864
351 1932
358 25
358 305
358 970
358 1021
358 1043
358 1592
358 1783
359 366
359 422
359 586
359 766
359 865
359 1149
359 1300
359 1437
359 1561
359 1612
359 1744
359 1754
359 1784
364 622
364 790
364 995
364 1091
364 1144
364 1297
364 1704
364 1887
366 88
366 580
366 634
366 969
366 1277
366 1416
366 1758
366 1842
366 1932
369 158
369 170
369 785
369 928
369 970
369 1458
369 1797
370 56
370 1071
370 1260
371 779
373 25
373 82
373 937
373 1855
373 1972
376 530
376 996
376 1234
376 1519
376 1580
376 1699
377 5
378 27
378 120
378 277
378 410
378 466
378 586
378 619
378 683
378 879
378 1018
378 1075
382 212
382 243
382 736
382 765
382 1112
382 1850
383 254
383 658
383 667
383 682
383 1137
383 1349
383 1956
383 1968
384 141
384 142
384 188
384 217
384 239
384 472
384 658
384 670
384 724
384 750
384 848
384 949
384 969
384 1388
384 1438
384 1590
384 1674
384 1851
384 1896
384 1911
387 953
387 1558
391 410
391 1118
391 1487
391 1634
391 1795
391 1888
391 1933
391 1999
394 872
394 1601
394 1747
394 1784
395 124
395 171
395 609
395 862
395 1061
395 1140
395 1554
395 1616
395 1649
395 1700
395 1939
400 351
400 522
400 695
400 1065
400 1855
401 130
401 453
401 482
401 622
401 736
401 815
401 868
401 891
401 1162
401 1538
401 1570
401 1687
401 1696
401 1957
402 225
402 715
402 780
402 1135
402 1620
405 132
405 260
405 275
405 413
405 431
405 649
405 790
405 890
405 924
405 1075
405 1196
405 1396
405 1479
405 1766
406 212
406 290
406 394
406 629
406 649
406 948
406 1202
406 1531
406 1929
406 1968
406 1973
407 124
407 171
407 201
407 236
407 254
407 282
407 422
407 522
407 564
407 610
407 628
407 630
407 1025
407 1118
407 1340
407 1409
407 1472
407 1662
407 1681
407 1864
407 1867
407 1957
410 31
410 167
410 203
410 282
410 286
410 299
410 483
410 526
410 630
410 654
410 815
410 830
410 1170
410 1176
410 1185
410 1416
410 1482
410 1570
410 1664
410 1716
410 1754
410 1786
410 1962
413 299
413 920
413 1046
413 1096
413 1158
413 1260
413 1519
413 1704
413 1867
415 8
415 68
415 93
415 217
415 658
415 1086
415 1590
415 1790
416 459
418 88
418 476
418 574
418 709
418 1094
418 1885
418 1925
420 2
420 796
420 1957
422 14
422 93
422 130
422 171
422 405
422 410
422 567
422 606
422 620
422 635
422 720
422 841
422 878
422 903
422 983
422 1005
422 1173
422 1247
422 1293
422 1435
422 1478
422 1510
422 1580
422 1784
422 1862
422 1960
431 131
431 150
431 830
431 905
431 960
434 794
434 939
434 1038
436 101
436 305
436 939
436 1007
436 1069
436 1312
436 1386
436 1409
436 1477
436 1566
439 444
439 933
439 1118
439 1136
439 1137
439 1261
439 1293
439 1783
440 109
440 166
440 259
440 1036
440 1418
441 552
441 772
441 795
441 1084
441 1223
441 1310
441 1430
444 552
444 618
444 651
444 1498
444 1589
444 1616
444 1699
445 1180
445 1438
446 109
446 273
446 275
446 299
446 359
446 890
446 933
446 983
446 1021
446 1409
446 1458
446 1633
451 1971
452 199
452 271
452 608
452 1435
453 88
453 418
453 573
453 793
453 795
453 949
453 1168
453 1438
453 1490
453 1561
455 8
455 114
455 171
455 304
455 486
455 566
455 572
455 658
455 791
455 1030
455 1261
455 1439
455 1653
455 1662
455 1723
455 1846
455 1967
456 49
456 127
456 137
456 434
456 580
456 619
456 675
456 791
456 885
456 946
456 1008
456 1776
456 1956
457 93
457 125
457 131
457 201
457 290
457 507
457 538
457 563
457 928
457 1115
457 1117
457 1118
457 1137
457 1298
457 1331
457 1472
457 1557
457 1754
458 171
458 199
458 765
458 830
458 1043
458 1285
458 1378
458 1566
458 1744
458 1957
459 127
459 183
459 971
459 1247
459 1272
459 1325
459 1766
460 271
460 992
460 1167
460 1577
460 1742
461 466
461 557
461 717
461 1269
462 155
462 554
462 891
462 910
462 1346
463 69
463 183
463 276
463 594
463 720
463 840
463 1025
463 1414
463 1788
463 1957
463 1959
464 439
464 622
464 1015
464 1087
464 1329
464 1821
464 1964
464 1987
466 821
466 1187
466 1240
466 1352
466 1515
466 1723
472 1
472 171
472 259
472 474
472 573
472 626
472 853
472 992
472 1109
472 1337
472 1561
472 1592
472 1723
472 1763
472 1881
472 1977
472 1987
474 171
474 238
474 264
474 572
474 573
474 634
474 650
474 885
474 1137
474 1357
474 1612
474 1939
474 2000
476 5
476 49
476 87
476 495
476 599
476 936
476 937
476 1157
476 1412
476 1619
476 1726
477 557
477 971
477 1320
477 1494
477 1711
478 342
478 1050
478 1144
478 1590
478 1604
478 1888
478 1892
478 1973
479 1390
479 1795
482 30
482 170
482 214
482 478
482 1181
482 1505
482 1528
482 1599
482 1686
483 2
483 369
483 931
483 946
483 1054
483 1103
483 1448
483 1753
483 1791
483 1834
483 1925
486 175
486 248
486 464
486 573
486 841
486 1078
486 1112
486 1337
486 1472
486 1495
486 1830
487 405
487 436
487 1127
487 1223
487 1324
490 238
490 1036
490 1180
490 1458
490 1559
490 1815
491 1450
491 1481
493 286
493 303
493 573
493 925
493 1055
493 1493
495 132
495 279
495 517
495 931
495 1356
495 1369
496 1140
496 1472
496 1899
499 23
499 156
499 226
499 254
499 440
499 637
499 1236
499 1904
507 479
507 1211
507 1416
507 1418
507 1772
507 1897
508 93
508 111
508 119
508 198
508 232
508 282
508 764
508 860
508 891
508 939
508 1144
508 1148
508 1173
508 1268
509 9
509 572
509 1900
509 1926
510 556
510 643
510 772
510 1430
510 1483
513 19
513 652
513 992
513 1852
513 1858
514 9
514 103
514 127
514 193
514 620
514 1011
514 1021
514 1216
514 1508
514 1571
514 1650
514 1900
515 229
515 296
515 420
515 701
515 793
515 1071
515 1092
515 1287
515 1369
515 1802
515 1856
516 3
516 1340
516 1919
516 1961
517 127
517 434
517 1559
517 1571
517 1820
518 8
518 59
518 72
518 130
518 284
518 373
518 378
518 650
518 779
518 830
518 1074
518 1103
518 1349
518 1515
518 1545
518 1675
518 1723
518 1754
518 1786
518 1837
518 1850
519 310
519 777
519 1332
519 1635
519 1744
519 1804
519 1874
520 8
520 90
520 670
520 750
520 1696
520 1874
522 130
522 203
522 271
522 335
522 572
522 650
522 739
522 903
522 933
522 1018
522 1232
522 1483
522 1545
522 1554
522 1601
522 1686
522 1866
522 1967
522 2000
526 38
526 127
526 168
526 171
526 243
526 343
526 486
526 670
526 841
526 874
526 882
526 1025
526 1094
526 1120
526 1159
526 1164
526 1179
526 1185
526 1232
526 1261
526 1580
526 1590
526 1633
526 1786
526 1939
527 145
527 167
527 865
527 1956
527 1972
528 78
528 88
528 111
528 183
528 499
528 649
528 798
528 950
528 1055
528 1457
528 1472
528 1506
528 1662
528 1850
530 258
530 266
530 830
530 1021
530 1056
530 1430
530 1516
530 1583
533 9
533 446
533 620
533 745
533 1125
533 1299
533 1638
535 290
535 474
535 622
535 670
535 1179
535 1211
535 1754
535 1762
536 701
536 1129
536 1418
536 1776
536 1948
536 1999
539 619
539 814
539 1033
541 771
541 1653
541 1708
541 1802
543 608
543 762
543 1270
546 50
546 168
546 201
546 853
546 978
546 1311
546 1374
546 1418
546 1570
546 1650
546 1884
549 1040
552 376
552 681
552 1447
552 1790
552 1999
554 114
554 594
554 772
554 1340
554 1761
554 1838
554 1851
554 1999
555 50
555 214
555 359
555 709
555 720
555 1305
555 1763
555 1939
556 518
556 1106
556 1474
557 223
557 682
557 1320
563 703
563 861
563 1275
563 1340
563 1378
563 1416
563 1589
563 1784
563 1816
563 1840
564 156
564 841
564 990
564 1046
564 1285
564 1430
564 1580
564 1603
564 1754
564 1886
565 210
565 611
565 658
565 667
565 903
565 933
565 970
565 1018
565 1075
565 1830
566 1
566 285
566 476
566 682
566 803
566 990
566 1125
566 1203
566 1597
566 1802
567 720
567 1016
567 1498
567 1675
568 24
568 124
568 770
568 802
568 1065
568 1332
568 1498
568 1708
569 143
569 321
569 463
569 838
569 1349
569 1585
569 1616
569 1653
569 1727
569 1754
570 479
570 824
570 1603
570 1697
572 6
572 141
572 158
572 171
572 281
572 359
572 458
572 508
572 649
572 658
572 730
572 745
572 843
572 890
572 991
572 1075
572 1133
572 1287
572 1414
572 1450
572 1451
572 1452
572 1554
572 1580
572 1613
572 1821
572 1887
573 35
573 44
573 124
573 683
573 1109
573 1189
573 1352
573 1547
573 1662
573 1754
573 1784
573 1797
576 262
576 364
576 407
576 771
576 1498
576 1545
576 1700
576 1704
576 1708
576 1788
576 1971
576 2000
577 526
577 720
577 798
577 848
577 1432
577 1516
577 1681
577 1709
577 1794
577 1886
578 120
578 131
578 323
578 1261
578 1465
578 1560
580 299
580 622
580 947
580 983
580 1189
580 1535
580 1939
582 373
582 1515
582 1709
586 93
586 286
586 1272
588 133
588 744
588 1112
588 1412
590 610
590 624
590 944
590 1117
590 1368
590 1840
592 32
592 112
592 191
592 248
592 402
592 463
592 807
593 121
593 1117
594 38
594 70
594 225
594 271
594 618
594 681
594 724
594 815
594 1260
594 1300
594 1723
594 1835
594 1897
594 1933
594 1971
596 546
596 1072
596 1337
596 1564
596 1758
596 1842
599 23
599 358
599 420
599 593
599 964
599 1225
601 14
601 378
601 446
601 507
601 722
601 1043
602 101
602 370
602 881
602 1009
602 1245
602 1686
606 590
606 736
606 790
606 1208
606 1270
606 1305
606 1357
606 1506
606 1668
606 1681
608 407
608 446
608 649
608 941
608 1195
608 1467
609 131
609 150
609 210
609 299
609 305
609 369
609 401
609 745
609 983
609 1187
609 1505
609 1691
609 1723
609 1790
609 1840
610 88
610 335
610 415
610 841
610 905
610 1231
610 1378
610 1452
610 1846
610 1939
611 35
611 232
611 1159
611 1450
616 394
616 446
616 903
616 1036
616 1196
616 1897
617 281
617 487
617 1120
617 1635
617 1906
618 114
618 1035
618 1339
618 1396
619 407
619 635
619 654
619 684
619 1074
619 1123
619 1180
619 1662
620 47
620 258
620 271
620 565
620 733
620 874
620 983
620 1091
620 1325
620 1704
621 119
621 225
621 284
622 127
622 213
622 282
622 285
622 407
622 495
622 645
622 809
622 925
622 1007
622 1075
622 1092
622 1230
622 1238
622 1410
622 1704
622 1864
622 1939
624 35
624 1061
624 1127
624 1140
624 1209
624 1345
624 1479
624 1815
624 1850
626 21
626 210
626 401
626 460
626 658
626 814
626 966
626 1032
626 1116
626 1437
626 1790
626 1887
628 18
628 80
628 262
628 557
628 582
628 619
628 779
628 990
628 1461
628 1507
628 1612
629 132
629 264
629 726
629 939
629 969
629 990
629 1105
629 1352
630 47
630 158
630 474
630 499
630 554
630 736
630 790
630 791
630 792
630 905
630 948
630 1015
630 1298
630 1416
630 1472
630 1534
630 1616
630 1662
630 1869
633 44
633 112
633 114
633 153
633 439
633 608
633 611
633 645
633 1149
633 1287
633 1409
633 1508
633 1547
634 44
634 382
634 434
634 440
634 493
634 953
634 1060
634 1789
635 258
635 259
635 282
635 310
635 395
635 530
635 535
635 578
635 609
635 688
635 824
635 843
635 1050
635 1159
635 1468
635 1505
635 1615
635 1736
635 1766
635 1790
635 1797
637 683
637 1892
639 88
639 93
639 815
639 983
639 1588
639 1604
639 1704
639 1784
639 1789
639 1887
641 223
641 258
641 777
641 966
643 59
643 304
645 107
645 1493
645 1696
645 1723
645 1807
645 1856
648 641
648 696
648 766
648 1629
648 1927
649 140
649 188
649 282
649 407
649 890
649 966
649 1024
649 1035
649 1185
649 1261
649 1399
649 1452
649 1472
649 1508
649 1538
649 1548
649 1554
649 1788
650 111
650 132
650 183
650 212
650 239
650 336
650 391
650 572
650 578
650 606
650 865
650 928
650 1158
650 1501
650 1547
650 1638
650 1662
650 1697
650 1784
650 1802
650 1911
650 1932
651 201
651 472
651 496
651 688
651 765
651 830
651 903
651 990
651 1025
651 1118
651 1300
652 124
652 296
652 490
652 939
652 1357
652 1426
652 1438
654 860
654 1933
655 302
658 162
658 323
658 422
658 541
658 882
658 905
658 1069
658 1092
658 1297
658 1374
658 1498
658 1564
658 1686
658 1699
658 1754
658 1846
658 1932
661 509
661 795
661 1352
662 401
662 413
662 617
662 780
662 1570
662 1959
665 8
665 249
665 681
665 890
665 1807
665 1857
667 210
667 261
667 618
667 1024
667 1369
667 1807
667 2000
670 8
670 31
670 141
670 239
670 258
670 455
670 496
670 566
670 610
670 675
670 735
670 790
670 890
670 1044
670 1247
670 1418
670 1577
670 1590
670 1723
670 1939
670 1959
673 1374
673 1546
674 225
674 237
674 1188
674 1807
675 970
675 1115
675 1278
675 1629
675 1808
677 127
677 509
677 691
677 709
677 1041
677 1268
678 1404
678 1519
679 641
679 651
679 771
681 171
681 210
681 457
681 535
681 650
681 745
681 764
681 796
681 997
681 1457
681 1754
682 8
682 310
682 407
682 431
682 1149
682 1765
683 56
683 593
683 1617
683 1930
684 650
684 882
684 990
684 1189
684 1557
688 474
688 513
688 813
688 1564
688 1668
688 1696
688 1843
691 199
691 1308
691 1479
691 1634
691 1802
691 1869
695 369
695 1253
695 1554
696 127
696 162
696 181
696 406
696 620
696 898
696 1046
696 1603
696 1851
701 26
701 208
701 750
701 811
701 872
701 960
701 970
701 987
701 1009
701 1168
701 1315
701 1495
701 1534
701 1679
701 1783
701 1846
703 236
703 415
703 522
703 798
703 858
703 1167
703 1340
703 1467
707 245
707 1056
707 1618
707 1916
709 62
709 227
709 490
712 9
712 143
712 145
712 239
712 650
712 736
712 933
712 948
712 1018
712 1033
712 1037
712 1357
712 1460
712 1589
712 1630
712 1638
712 1708
712 1761
712 1999
715 463
715 572
715 771
715 814
715 878
715 1173
715 1283
715 1708
717 905
717 1590
717 1653
720 23
720 31
720 32
720 56
720 162
720 214
720 254
720 299
720 564
720 751
720 841
720 983
720 1117
720 1236
720 1312
720 1566
720 1608
720 1742
722 273
722 370
722 384
722 527
722 1470
724 463
724 905
724 939
724 993
724 1008
724 1223
724 1636
724 1714
724 1851
724 1937
726 1
726 78
726 131
726 264
726 803
726 1727
726 1751
728 947
728 1728
730 183
730 407
730 457
730 552
730 573
730 836
730 868
730 1031
730 1929
733 715
733 1751
734 116
734 125
734 670
734 1055
734 1918
735 5
735 18
735 576
735 1752
736 535
736 620
736 800
736 802
736 815
736 841
736 878
736 882
736 944
736 1077
736 1506
736 1675
736 1704
736 1714
736 1783
736 1849
736 1948
739 287
739 541
739 590
739 858
739 1534
739 1714
744 490
744 593
745 111
745 402
745 441
745 453
745 519
745 602
745 648
745 1005
745 1297
745 1351
745 1719
745 1967
747 188
747 898
747 1388
747 1470
747 1558
747 1741
750 266
750 557
750 1040
750 1298
750 1674
750 1738
751 238
751 284
751 652
751 993
751 997
751 1430
751 1636
751 1699
751 1837
751 1890
751 2000
758 158
758 387
758 599
758 1074
758 1426
758 1538
762 630
762 879
762 1157
762 1167
762 1268
763 321
763 358
763 460
763 1130
763 1409
763 1721
764 131
764 158
764 254
764 395
764 573
764 667
764 790
764 995
764 1133
764 1211
764 1754
765 464
765 620
765 720
765 970
765 993
765 1105
765 1211
765 1247
765 1519
765 1601
765 1867
765 1897
765 1900
765 1971
766 46
766 59
766 474
766 594
766 841
766 1005
766 1061
766 1559
766 1653
769 406
769 622
769 1277
769 1359
769 1446
769 1788
769 1873
770 42
770 220
770 232
770 373
770 1055
770 1305
771 24
771 46
771 229
771 248
771 410
771 487
771 508
771 563
771 572
771 639
771 751
771 769
771 868
771 946
771 949
771 1075
771 1378
771 1450
771 1481
771 1538
771 1789
771 1887
771 1968
772 261
772 996
772 1016
772 1077
772 1216
772 1450
772 1753
772 1807
773 21
773 27
773 422
773 582
773 639
773 1245
773 1382
773 1835
774 30
774 771
774 868
774 1032
774 1121
774 1234
776 1815
776 1939
777 395
777 633
777 906
777 1234
779 120
779 565
779 990
779 1084
780 175
780 296
780 325
780 538
780 593
780 739
780 841
780 1020
780 1359
780 1386
780 1495
780 1766
780 1977
785 135
785 271
785 1140
785 1233
785 1584
785 1716
790 395
790 457
790 518
790 565
790 620
790 715
790 920
790 990
790 1247
790 1300
790 1404
790 1418
790 1501
790 1590
790 1629
790 1815
791 188
791 254
791 336
791 420
791 474
791 841
791 1253
791 1404
791 1633
791 1763
791 1821
792 188
792 777
792 1472
792 1573
792 1853
793 30
793 310
793 533
793 573
793 606
793 635
793 648
793 790
793 855
793 1117
793 1490
793 1505
793 1557
793 1723
793 1795
794 27
794 645
794 1315
794 1638
795 96
795 125
795 237
795 348
795 391
795 406
795 507
795 715
795 848
795 950
795 970
795 1185
795 1237
795 1399
795 1554
795 1700
795 1706
796 8
796 823
796 1432
796 1595
796 1874
798 69
798 188
798 815
798 960
798 1149
798 1416
798 1851
800 25
800 232
800 336
800 610
800 780
800 1157
800 1188
802 111
802 130
802 212
802 271
802 541
802 809
802 836
802 843
802 881
802 1118
802 1271
802 1300
802 1638
802 1800
802 1833
802 1930
802 2000
803 1095
803 1233
803 1472
803 1972
804 303
804 556
804 639
804 1603
806 937
806 1516
807 143
807 185
807 479
807 522
807 803
807 860
807 1253
807 1330
807 1432
807 1899
809 194
809 271
809 298
809 1077
809 1447
809 1887
809 1959
811 56
811 190
811 221
811 370
811 460
811 1961
813 156
813 415
813 590
813 712
813 1040
813 1667
814 125
814 212
814 712
814 1159
814 1181
814 1337
814 1468
815 31
815 88
815 165
815 171
815 210
815 232
815 238
815 267
815 335
815 405
815 439
815 499
815 567
815 720
815 841
815 861
815 890
815 905
815 949
815 1025
815 1084
815 1087
815 1180
815 1531
815 1545
815 1590
815 1662
815 1675
815 1681
815 1840
815 1911
815 1919
815 2000
821 1576
822 225
822 284
822 933
822 1409
822 1469
822 1580
822 1592
822 1639
822 1870
823 21
823 72
823 212
823 474
823 715
823 764
823 790
823 795
823 1075
823 1794
823 1804
824 1275
824 1382
829 460
829 1078
829 1649
830 210
830 254
830 472
830 563
830 635
830 780
830 840
830 898
830 1033
830 1050
830 1118
830 1185
830 1277
830 1331
830 1369
830 1374
830 1467
830 1545
830 1548
830 1557
830 1561
830 1590
830 1675
830 1686
830 1784
830 1802
830 1881
830 1987
833 917
833 987
833 1451
833 1590
833 1612
833 1989
835 1098
835 1203
835 1353
835 1708
836 226
836 268
836 528
836 798
836 1084
836 1130
836 1255
836 1904
837 934
838 405
838 1411
838 1795
840 62
840 167
840 232
840 238
840 296
840 528
840 703
840 815
840 1083
840 1232
840 1447
840 1477
840 1584
840 1790
840 1963
841 171
841 285
841 455
841 491
841 882
841 905
841 923
841 1030
841 1077
841 1261
841 1647
841 1723
841 1744
841 1788
841 1840
843 171
843 203
843 510
843 555
843 582
843 670
843 795
843 796
843 903
843 1162
843 1216
843 1538
843 1675
843 1886
843 1932
847 800
848 124
848 282
848 477
848 872
848 946
848 1033
848 1056
848 1664
848 1686
848 1830
848 1899
849 156
849 499
849 513
853 335
853 407
853 1365
853 1842
855 966
855 1390
855 1982
858 27
858 342
858 405
858 460
858 618
858 774
858 882
858 905
858 920
858 1075
858 1528
858 1538
858 1989
860 1
860 46
860 111
860 166
860 171
860 264
860 590
860 652
860 1211
860 1467
860 1616
860 1723
860 1821
861 9
861 25
861 62
861 88
861 124
861 188
861 724
861 736
861 874
861 890
861 1025
861 1086
861 1181
861 1298
861 1315
861 1515
861 1519
861 1584
861 1612
861 1639
861 1675
861 1744
861 1790
861 1930
861 1937
862 92
865 78
865 156
865 167
865 259
865 410
865 440
865 458
865 483
865 530
865 573
865 594
865 648
865 736
865 872
865 905
865 993
865 1033
865 1255
865 1446
865 1516
865 1580
865 1700
865 1843
868 405
868 769
868 990
868 1144
868 1158
868 1322
868 1794
872 127
872 342
872 965
872 1144
872 1162
872 1208
872 1261
872 1513
872 1890
872 1930
874 841
874 865
874 1232
874 1283
874 1417
874 1772
876 928
876 1083
876 1448
876 1507
876 1554
876 1615
878 299
878 395
878 1092
878 1148
878 1211
878 1386
878 1546
878 1911
881 2
881 114
881 145
881 167
881 181
881 555
881 1009
881 1018
881 1033
881 1038
881 1129
881 1698
881 1719
881 1784
881 1790
881 1897
882 1
882 232
882 400
882 594
882 712
882 717
882 771
882 843
882 861
882 905
882 930
882 1117
882 1187
882 1389
882 1430
882 1534
882 1554
882 1629
882 1662
882 1675
882 1789
885 275
885 695
885 1123
886 133
886 462
886 894
886 1157
886 1542
888 406
888 514
888 688
888 1043
888 1102
888 1194
888 1459
888 1723
888 1960
889 183
889 285
889 302
889 520
889 791
889 1065
889 1123
889 1125
889 1269
890 93
890 141
890 232
890 261
890 444
890 538
890 578
890 658
890 865
890 874
890 933
890 948
890 970
890 1015
890 1167
890 1179
890 1196
890 1211
890 1245
890 1261
890 1297
890 1420
890 1554
890 1580
890 1681
890 1723
890 1766
890 1783
890 1821
890 1918
891 27
891 30
891 131
891 681
891 886
891 890
891 1030
891 1351
891 1590
891 1807
891 1925
894 119
894 239
894 1140
894 1464
894 1858
894 1899
894 2000
898 50
898 351
898 791
898 802
898 939
898 944
898 1005
898 1305
898 1331
898 1491
898 1557
898 1580
898 1614
903 18
903 31
903 114
903 141
903 171
903 384
903 518
903 712
903 848
903 898
903 933
903 1135
903 1547
903 1559
903 1561
903 1686
903 1788
903 1807
903 1957
904 472
904 507
904 530
904 833
904 933
904 1159
904 1162
904 1535
904 1784
904 1899
905 2
905 9
905 183
905 208
905 243
905 260
905 268
905 285
905 299
905 567
905 620
905 701
905 703
905 720
905 769
905 830
905 890
905 948
905 957
905 1098
905 1385
905 1554
905 1557
905 1590
905 1603
905 1754
905 1807
905 1840
905 1930
906 162
906 458
906 519
906 675
906 769
906 1017
906 1056
906 1418
906 1588
906 1706
906 1972
906 1995
908 5
908 1071
908 1173
908 1297
908 1311
908 1704
910 122
910 125
910 840
910 891
910 1185
910 1472
910 1502
910 1644
910 1835
913 619
913 1711
913 1786
914 88
914 121
914 744
914 1253
914 1434
917 630
917 876
917 1095
917 1195
917 1461
917 1523
917 1583
917 1754
920 101
920 238
920 594
920 815
920 1025
920 1228
920 1245
920 1467
920 1618
920 1636
920 1691
920 1843
920 1850
923 199
923 212
923 254
923 410
923 995
923 1075
923 1105
923 1345
923 1738
923 1840
923 1843
923 1885
923 2000
924 811
924 1797
925 38
925 120
925 276
925 297
925 526
925 1054
925 1203
925 1334
925 1493
925 1629
927 239
927 290
927 1421
927 1472
928 258
928 259
928 382
928 609
928 630
928 1112
928 1382
928 1472
928 1577
930 101
930 452
930 572
930 652
930 923
930 932
930 1021
930 1055
930 1662
930 1704
931 161
931 226
931 342
931 861
931 1045
931 1617
931 1790
932 227
933 101
933 120
933 210
933 681
933 1109
933 1300
933 1450
933 1452
933 1589
933 1807
933 1840
933 1846
934 739
934 1176
934 1848
936 920
936 1021
936 1918
937 212
937 276
937 517
937 533
937 793
937 1597
939 31
939 137
939 217
939 259
939 268
939 474
939 486
939 1298
939 1329
939 1331
939 1479
939 1612
939 1744
939 1790
939 1881
939 1900
939 1918
941 158
941 247
941 366
941 1185
941 1821
944 130
944 282
944 351
944 860
944 1563
944 1987
946 609
946 736
946 773
946 840
946 960
946 1242
946 1245
946 1506
946 1590
946 1843
946 1887
946 1925
947 62
947 758
947 861
947 904
947 1149
947 1164
947 1310
947 1383
947 1911
948 143
948 371
948 472
948 563
948 628
948 682
948 762
948 764
948 790
948 861
948 1033
948 1229
948 1240
948 1285
948 1457
948 1681
949 88
949 132
949 282
949 535
949 552
949 950
949 1016
949 1211
949 1234
949 1887
949 1968
950 476
950 798
950 840
950 1617
950 1869
952 19
952 143
952 185
952 576
952 796
952 1121
952 1469
952 1472
952 1727
952 1815
953 395
953 617
953 769
953 1570
953 1606
957 131
957 474
957 526
957 652
957 798
957 933
957 1185
957 1357
957 1506
957 1563
960 1452
960 1919
961 281
961 777
964 247
964 321
964 1386
964 1790
965 1213
965 1462
966 472
966 1083
967 17
967 224
967 780
967 1357
969 38
969 101
969 103
969 229
969 491
969 662
969 939
969 1287
969 1545
969 1820
970 24
970 175
970 323
970 1557
970 1653
971 539
971 946
971 1510
971 1800
977 402
977 522
977 924
977 1159
977 1240
977 1311
978 495
978 766
978 853
978 1285
983 27
983 344
983 476
983 619
983 936
983 1179
983 1699
983 1967
987 119
987 305
987 567
987 573
987 1448
990 175
990 325
990 516
990 923
990 1597
990 1667
990 1699
991 38
991 42
991 145
991 239
991 266
991 325
991 939
991 1017
991 1115
991 1122
991 1211
991 1571
991 1633
991 1678
992 183
992 751
992 1162
992 1390
992 1416
992 1650
992 1849
992 1862
993 928
993 1268
993 1311
993 1432
993 1464
995 68
995 259
995 594
995 1547
995 1788
995 1957
996 848
996 1164
996 1357
996 1395
996 1546
997 457
997 770
997 862
997 1008
997 1493
1002 1558
1002 1742
1005 46
1005 130
1005 572
1005 1016
1005 1060
1005 1185
1005 1580
1007 32
1007 181
1007 214
1007 243
1007 1329
1007 1396
1008 720
1008 1636
1008 1864
1008 1960
1008 2000
1009 830
1009 865
1009 1043
1009 1045
1009 1340
1009 1577
1009 1784
1009 1843
1010 203
1010 622
1010 1033
1010 1037
1010 1571
1010 1900
1011 167
1011 225
1011 446
1011 675
1011 712
1011 1129
1011 1479
1011 1539
1011 1620
1011 1675
1011 1802
1015 275
1015 633
1015 675
1015 695
1015 793
1015 1011
1015 1129
1015 1245
1015 1478
1015 1501
1015 1516
1015 1528
1016 259
1016 299
1016 453
1016 724
1016 1071
1016 1491
1017 17
1017 758
1017 950
1017 1268
1017 1287
1017 1808
1018 70
1018 167
1018 239
1018 526
1018 626
1018 695
1018 903
1018 1033
1018 1228
1018 1528
1018 1629
1018 1761
1018 1795
1018 1968
1020 284
1020 633
1020 645
1020 745
1020 1570
1021 93
1021 565
1021 626
1021 745
1021 809
1021 858
1021 904
1021 1044
1021 1260
1021 1300
1021 1345
1021 1691
1021 1918
1024 798
1024 1025
1024 1283
1024 1630
1024 1751
1024 1967
1025 9
1025 88
1025 143
1025 236
1025 359
1025 476
1025 522
1025 624
1025 674
1025 736
1025 790
1025 795
1025 802
1025 830
1025 843
1025 957
1025 1007
1025 1009
1025 1033
1025 1077
1025 1180
1025 1247
1025 1450
1025 1487
1025 1546
1025 1604
1025 1686
1025 1783
1025 1846
1025 1866
1026 17
1026 133
1026 226
1026 990
1026 1159
1026 1451
1029 460
1029 611
1029 1275
1029 1534
1029 1541
1029 1606
1030 130
1030 238
1030 629
1030 1173
1030 1213
1030 1379
1030 1783
1032 1
1032 248
1032 279
1032 674
1032 1558
1032 1961
1033 111
1033 171
1033 185
1033 239
1033 258
1033 264
1033 296
1033 321
1033 458
1033 530
1033 567
1033 780
1033 861
1033 868
1033 872
1033 882
1033 1129
1033 1211
1033 1240
1033 1247
1033 1285
1033 1386
1033 1531
1033 1604
1033 1630
1033 1675
1033 1786
1033 1821
1034 691
1034 701
1034 1109
1034 1346
1035 703
1035 891
1035 949
1035 1144
1035 1422
1035 1467
1035 1589
1035 1691
1036 150
1036 384
1036 1270
1037 522
1037 535
1037 1011
1037 1129
1037 1269
1037 1325
1037 1561
1037 1846
1038 170
1038 967
1038 1412
1038 1604
1038 1686
1040 8
1040 563
1040 1840
1041 966
1041 990
1041 1337
1041 1465
1041 1630
1041 1698
1041 1813
1043 168
1043 214
1043 495
1043 688
1043 987
1043 1115
1043 1129
1043 1523
1044 203
1044 282
1044 474
1044 520
1044 898
1044 1138
1044 1228
1044 1247
1044 1357
1044 1404
1044 1546
1044 1561
1044 1674
1044 1695
1044 1762
1044 1937
1045 546
1045 898
1045 939
1046 167
1046 1535
1046 1957
1050 125
1050 155
1050 208
1050 420
1050 518
1050 898
1050 1094
1050 1468
1050 1554
1050 1662
1050 1754
1050 1783
1050 1849
1050 1967
1050 1982
1054 744
1054 829
1055 193
1055 239
1055 383
1055 446
1055 464
1055 478
1055 891
1055 995
1055 1245
1055 1418
1055 1772
1056 237
1056 264
1056 366
1056 373
1056 564
1056 610
1056 616
1056 641
1056 1005
1056 1784
1056 1853
1056 1963
1060 158
1060 326
1060 415
1060 889
1060 1245
1061 162
1061 267
1061 359
1061 526
1061 630
1061 637
1061 948
1061 1103
1061 1170
1061 1416
1061 1495
1061 1505
1061 1888
1063 127
1063 348
1063 395
1063 906
1063 910
1063 1486
1063 1721
1063 1925
1065 267
1065 1432
1065 1563
1065 1802
1069 32
1069 949
1069 1334
1069 1681
1069 1797
1071 507
1071 552
1071 930
1071 1181
1072 236
1072 348
1072 904
1072 1311
1072 1716
1072 1928
1074 25
1074 93
1074 564
1074 841
1074 1016
1074 1173
1074 1293
1075 27
1075 208
1075 258
1075 275
1075 296
1075 458
1075 526
1075 573
1075 576
1075 681
1075 717
1075 905
1075 1021
1075 1033
1075 1577
1075 1696
1077 133
1077 965
1078 245
1078 261
1078 335
1078 410
1078 527
1078 573
1078 701
1078 957
1078 1137
1078 1246
1078 1604
1078 1721
1078 1930
1080 197
1080 712
1080 724
1080 868
1080 1045
1083 111
1083 890
1083 1157
1083 1554
1083 1679
1083 1697
1084 370
1084 499
1084 890
1084 983
1084 1021
1084 1045
1084 1083
1084 1650
1087 557
1087 609
1087 928
1087 1531
1087 1588
1087 1795
1087 1835
1090 96
1090 578
1090 814
1090 1650
1092 190
1092 299
1092 577
1092 674
1092 683
1092 730
1092 762
1092 1181
1092 1766
1094 135
1094 326
1094 483
1094 707
1094 1322
1094 1368
1096 383
1096 622
1096 1636
1098 483
1098 1011
1098 1065
1098 1638
1102 373
1102 780
1102 992
1102 1025
1102 1604
1102 1633
1103 124
1103 239
1103 453
1103 569
1103 736
1103 874
1103 1102
1103 1647
1103 1784
1105 422
1105 530
1105 634
1105 635
1105 937
1105 992
1105 1118
1105 1159
1105 1392
1105 1612
1105 1633
1105 1691
1106 495
1106 1470
1106 1911
1109 1
1109 378
1109 476
1109 677
1109 807
1109 865
1109 1293
1109 1631
1111 629
1112 837
1112 849
1112 1080
1112 1098
1112 1506
1112 1896
1113 64
1113 1779
1115 88
1115 384
1115 606
1115 1025
1115 1548
1115 1864
1116 401
1116 772
1116 802
1116 987
1116 1026
1116 1033
1116 1086
1116 1807
1117 188
1117 290
1117 384
1117 401
1117 770
1117 803
1117 824
1117 860
1117 944
1117 1030
1117 1185
1117 1234
1117 1548
1117 1790
1117 1807
1117 1932
1117 1987
1118 282
1118 453
1118 460
1118 514
1118 574
1118 1561
1118 1619
1118 1736
1118 1742
1118 1897
1120 359
1120 1417
1120 1516
1121 1543
1122 554
1122 1011
1122 1232
1122 1312
1122 1640
1122 1807
1123 229
1123 1213
1123 1467
1125 141
1125 434
1125 572
1125 1024
1127 184
1127 254
1127 456
1127 635
1127 882
1128 593
1128 1972
1129 8
1129 26
1129 245
1129 343
1129 407
1129 1102
1129 1590
1130 1045
1130 1470
1130 1830
1131 772
1131 1211
1131 1234
1131 1396
1131 1523
1133 93
1133 336
1133 594
1133 606
1133 648
1133 652
1133 681
1133 860
1133 1216
1133 1275
1133 1498
1133 1545
1133 1606
1133 1747
1133 1884
1135 1385
1135 1480
1135 1849
1135 1995
1136 114
1136 299
1136 770
1137 518
1137 865
1137 920
1137 1065
1137 1253
1137 1450
1137 1754
1137 1830
1140 23
1140 198
1140 217
1140 628
1140 777
1140 1245
1140 1292
1140 1478
1140 1995
1144 131
1144 235
1144 572
1144 683
1144 695
1144 730
1144 809
1144 858
1144 1351
1148 114
1148 197
1148 563
1148 861
1148 1237
1148 1507
1149 248
1149 770
1149 1881
1150 1833
1157 373
1157 1188
1157 1786
1158 32
1158 181
1158 281
1158 296
1158 487
1158 928
1158 939
1158 953
1158 1346
1158 1566
1159 37
1159 73
1159 167
1159 343
1159 358
1159 391
1159 406
1159 410
1159 420
1159 422
1159 629
1159 630
1159 1118
1159 1612
1159 1681
1159 1708
1159 1723
1159 1821
1159 1968
1162 212
1162 809
1162 823
1162 950
1162 1094
1162 1472
1162 1736
1162 1744
1162 1848
1162 1967
1164 1
1164 59
1164 183
1164 254
1164 297
1164 335
1164 342
1164 407
1164 658
1164 1008
1164 1074
1164 1075
1164 1117
1164 1559
1164 1687
1164 1735
1164 1939
1164 2000
1167 266
1167 630
1167 793
1167 830
1167 861
1167 944
1167 1075
1167 1408
1167 1418
1167 1501
1167 1678
1167 1835
1170 56
1170 221
1170 573
1170 1011
1170 1287
1173 109
1173 121
1173 336
1173 342
1173 771
1173 992
1173 1103
1173 1675
1173 1691
1176 47
1176 167
1176 286
1176 431
1176 565
1176 572
1176 1432
1176 1502
1176 1612
1176 1653
1176 1921
1176 1968
1176 2000
1179 101
1179 106
1179 171
1179 261
1179 262
1179 310
1179 670
1179 874
1179 906
1179 1233
1179 1510
1179 1967
1180 376
1180 436
1180 1189
1180 1753
1180 1964
1181 47
1181 109
1181 165
1181 214
1181 609
1181 946
1181 1324
1181 1603
1185 282
1185 285
1185 305
1185 439
1185 452
1185 462
1185 515
1185 630
1185 724
1185 865
1185 950
1185 1015
1185 1075
1185 1519
1185 1590
1185 1813
1185 1821
1185 1932
1185 1977
1187 1232
1187 1519
1187 1679
1187 1783
1187 1784
1187 1800
1188 59
1188 121
1188 211
1188 297
1188 487
1188 703
1188 712
1188 735
1188 881
1188 905
1188 930
1188 1467
1188 1675
1188 1926
1189 25
1189 619
1189 658
1189 802
1189 1162
1189 1541
1189 1597
1189 1662
1189 1736
1189 1932
1195 862
1195 1061
1196 193
1196 546
1196 1482
1196 1564
1196 1597
1196 1918
1197 82
1197 882
1197 1071
1197 1465
1197 1498
1197 1807
1197 1967
1202 201
1202 507
1202 766
1202 1069
1202 1148
1202 1461
1203 452
1203 957
1203 1030
1203 1695
1203 1927
1208 211
1208 237
1208 261
1208 384
1208 1253
1209 677
1209 695
1209 1900
1211 70
1211 201
1211 276
1211 569
1211 576
1211 637
1211 639
1211 736
1211 1297
1211 1298
1211 1888
1211 1919
1211 1967
1213 80
1213 227
1213 840
1213 1071
1215 145
1215 1498
1215 1776
1215 1989
1216 321
1216 993
1216 1438
1217 543
1217 766
1217 777
1217 1240
1217 1332
1217 1346
1223 872
1223 1850
1225 969
1228 42
1228 88
1228 299
1228 407
1228 563
1228 610
1228 634
1228 1131
1228 1180
1228 1236
1228 1351
1228 1383
1228 1714
1228 1794
1229 382
1229 383
1229 770
1229 1283
1229 1539
1230 238
1230 290
1230 310
1230 486
1230 565
1230 681
1230 822
1230 1043
1230 1116
1230 1331
1230 1788
1231 165
1231 188
1231 245
1231 556
1231 1185
1231 1472
1232 14
1232 675
1232 822
1232 841
1232 1021
1232 1157
1232 1185
1232 1240
1232 1308
1232 1620
1232 1721
1232 1833
1233 145
1233 229
1233 530
1233 630
1233 677
1233 890
1233 928
1233 1037
1233 1247
1233 1269
1233 1382
1233 1435
1233 1459
1233 1506
1233 1580
1233 1896
1233 1926
1234 248
1234 904
1234 1015
1234 1699
1234 1925
1236 68
1236 258
1236 459
1236 474
1236 486
1236 609
1236 853
1236 891
1236 1459
1236 1629
1236 1714
1236 1821
1236 1850
1237 213
1237 518
1237 549
1237 608
1237 990
1237 1091
1237 1728
1237 1772
1238 557
1238 967
1238 1017
1238 1158
1238 1590
1238 1618
1238 1687
1240 88
1240 335
1240 533
1240 554
1240 667
1240 682
1240 724
1240 853
1240 858
1240 905
1240 970
1240 1137
1240 1180
1240 1231
1240 1346
1240 1486
1240 1543
1240 1571
1240 1695
1242 499
1245 8
1245 30
1245 87
1245 101
1245 184
1245 384
1245 522
1245 526
1245 628
1245 658
1245 670
1245 1002
1245 1176
1245 1269
1245 1388
1245 1620
1245 1662
1245 1723
1246 19
1246 1029
1246 1561
1247 9
1247 88
1247 112
1247 127
1247 132
1247 384
1247 456
1247 517
1247 596
1247 606
1247 764
1247 815
1247 861
1247 888
1247 1580
1247 1716
1247 1741
1247 1804
1247 1874
1249 200
1249 459
1249 554
1249 1150
1253 369
1253 431
1253 1083
1253 1247
1253 1268
1253 1696
1253 1754
1255 150
1255 410
1255 530
1255 806
1255 1430
1255 1956
1256 1157
1260 92
1260 116
1260 1469
1260 1495
1261 9
1261 59
1261 131
1261 281
1261 522
1261 681
1261 735
1261 791
1261 933
1261 1016
1261 1176
1261 1410
1261 1545
1261 1686
1261 1719
1261 1788
1261 1821
1261 1911
1261 2000
1268 260
1268 266
1268 458
1268 472
1268 684
1268 833
1268 1075
1268 1918
1269 64
1269 87
1269 444
1269 630
1269 1515
1270 130
1270 474
1270 602
1270 1002
1270 1118
1270 1308
1270 1334
1270 1867
1271 474
1271 1228
1271 1320
1271 1382
1271 1714
1272 88
1272 1140
1272 1960
1273 140
1273 213
1273 811
1273 946
1273 1202
1273 1477
1275 1
1275 50
1275 229
1275 236
1275 264
1275 457
1275 780
1275 861
1275 1025
1275 1157
1275 1465
1275 1630
1275 1987
1277 90
1277 266
1277 284
1277 407
1277 949
1277 1090
1277 1229
1277 1357
1277 1783
1277 1869
1277 1948
1278 862
1283 56
1283 69
1283 371
1283 717
1283 908
1283 1063
1283 1255
1283 1933
1285 515
1285 829
1285 913
1285 1374
1285 1435
1285 1590
1285 1763
1287 188
1287 904
1287 960
1287 1477
1287 1589
1287 1763
1287 1888
1293 8
1293 31
1293 268
1293 452
1293 522
1293 555
1293 652
1293 798
1293 903
1293 944
1293 1298
1293 1563
1293 1706
1293 1788
1297 141
1297 310
1297 359
1297 441
1297 802
1297 1033
1297 1092
1297 1305
1297 1351
1297 1416
1297 1675
1297 1762
1298 220
1298 624
1298 957
1298 1118
1298 1196
1298 1708
1298 1752
1299 1597
1299 1738
1300 124
1300 336
1300 522
1300 616
1300 648
1300 967
1300 1083
1305 47
1305 519
1305 628
1305 853
1305 1202
1305 1501
1305 1508
1305 1815
1305 1927
1308 162
1308 407
1308 459
1308 1002
1308 1011
1308 1240
1308 1478
1308 1813
1308 1906
1310 608
1310 1149
1310 1977
1311 451
1311 914
1311 1240
1311 1340
1311 1416
1311 1723
1311 1919
1312 197
1312 225
1312 790
1312 814
1312 992
1312 1005
1312 1592
1312 1647
1313 590
1313 1149
1313 1447
1313 1647
1315 476
1315 661
1315 675
1315 1396
1315 1709
1315 1723
1320 563
1320 582
1320 1187
1320 1343
1320 1392
1322 195
1322 297
1322 745
1322 802
1322 1420
1324 24
1324 220
1324 243
1324 949
1324 1188
1324 1531
1324 1554
1324 1856
1325 305
1325 413
1325 673
1325 890
1325 1159
1325 1597
1329 162
1329 310
1329 582
1329 764
1329 860
1329 1703
1329 1870
1329 1899
1330 343
1330 736
1331 30
1331 125
1331 201
1331 436
1331 515
1331 522
1331 564
1331 572
1331 576
1331 658
1331 785
1331 793
1331 882
1331 1015
1331 1018
1331 1071
1331 1197
1331 1534
1331 1723
1331 1788
1331 1790
1331 1802
1331 1892
1331 1918
1331 1961
1332 5
1332 224
1332 323
1332 890
1332 948
1332 1932
1334 236
1334 1409
1334 1429
1334 1616
1334 1866
1337 156
1337 336
1337 446
1337 535
1337 650
1337 937
1337 1072
1337 1103
1337 1236
1337 1354
1337 1963
1339 673
1340 405
1340 678
1340 858
1340 1157
1340 1493
1340 1742
1343 836
1343 1726
1343 1753
1343 1904
1345 23
1345 212
1345 258
1345 455
1345 682
1345 1123
1345 1271
1345 1293
1345 1404
1346 279
1346 282
1346 1881
1347 477
1347 574
1349 56
1349 224
1349 570
1349 639
1349 670
1349 793
1349 1223
1349 1245
1349 1430
1351 35
1351 258
1351 401
1351 431
1351 487
1351 552
1351 652
1351 983
1351 1299
1351 1417
1351 1681
1351 1791
1351 1918
1351 1962
1351 1967
1352 38
1352 158
1352 326
1352 434
1352 1278
1352 1586
1353 402
1353 1460
1354 158
1354 630
1354 917
1354 948
1356 1283
1357 88
1357 124
1357 436
1357 566
1357 707
1357 765
1357 841
1357 882
1357 995
1357 1086
1357 1120
1357 1447
1357 1708
1359 286
1359 444
1359 652
1359 1791
1359 1856
1365 26
1365 474
1365 1422
1365 1467
1365 1619
1368 191
1368 201
1368 593
1368 1275
1368 1711
1369 35
1369 106
1369 456
1369 474
1369 649
1369 765
1369 1420
1369 1467
1374 302
1374 316
1374 406
1374 1065
1374 1188
1378 293
1378 518
1378 520
1378 841
1378 949
1378 1185
1378 1426
1378 1674
1378 1857
1378 1904
1379 133
1382 249
1382 285
1382 703
1382 822
1382 992
1382 1016
1382 1117
1382 1268
1382 1368
1382 1457
1382 1869
1382 1892
1383 580
1383 635
1383 1392
1383 1797
1385 243
1385 965
1385 1957
1386 194
1386 681
1386 843
1386 1069
1386 1133
1386 1331
1388 874
1388 1800
1389 496
1389 953
1389 1392
1389 1487
1390 1650
1392 675
1392 724
1392 931
1392 1633
1392 1982
1392 1995
1395 335
1395 451
1395 841
1396 137
1396 166
1396 214
1396 946
1396 1461
1396 1534
1399 383
1399 654
1399 1408
1399 1815
1399 1897
1401 650
1401 790
1401 927
1401 995
1401 1411
1404 794
1404 796
1404 886
1404 948
1404 1179
1408 193
1408 418
1408 758
1408 1016
1408 1925
1409 643
1409 796
1409 1579
1410 1002
1410 1185
1410 1635
1410 1772
1411 493
1411 650
1411 835
1411 1071
1411 1128
1411 1167
1411 1209
1411 1228
1411 1298
1412 811
1412 931
1414 364
1414 650
1414 771
1414 813
1414 841
1414 861
1414 1211
1414 1386
1414 1592
1414 1857
1416 376
1416 395
1416 564
1416 814
1416 882
1416 928
1416 947
1416 964
1416 1534
1416 1918
1416 2000
