1 377
1 385
2 62
2 81
2 276
2 336
2 448
2 465
6 42
6 65
6 97
6 105
6 127
6 209
6 285
6 364
6 425
6 428
6 459
6 490
7 32
7 233
7 272
10 65
10 69
10 189
10 223
10 279
10 289
10 308
10 359
10 386
10 476
12 47
12 58
12 85
12 86
12 142
12 276
12 455
13 86
13 110
13 158
13 175
13 238
13 419
16 104
16 109
16 214
16 330
16 391
16 482
23 6
23 184
23 359
23 394
27 6
27 395
27 401
27 493
29 48
29 92
29 158
29 234
29 246
29 425
29 486
29 498
31 38
31 45
31 110
31 168
31 205
31 226
31 272
31 382
31 451
31 474
32 16
32 36
32 58
32 104
32 105
32 124
32 134
32 153
32 173
32 256
32 259
32 287
32 329
32 367
32 391
32 419
33 13
33 31
33 47
33 49
33 65
33 66
33 85
33 90
33 99
33 119
33 127
33 131
33 153
33 174
33 191
33 211
33 223
33 225
33 234
33 265
33 308
33 364
33 397
33 424
33 425
34 60
34 116
34 148
34 235
34 367
34 409
34 428
34 451
35 69
35 148
35 211
35 223
35 234
35 289
35 392
35 428
36 50
36 104
36 124
36 156
36 265
36 267
36 367
37 66
37 139
37 152
37 172
37 360
37 371
37 420
37 425
38 6
38 66
38 69
38 80
38 83
38 84
38 153
38 211
38 364
38 385
38 391
38 397
38 467
38 474
40 69
40 332
40 335
40 394
42 7
42 12
42 32
42 80
42 243
42 295
42 364
42 495
43 27
43 35
43 69
43 84
43 111
43 156
43 190
43 205
43 250
43 295
43 391
45 12
45 35
45 49
45 50
45 81
45 85
45 86
45 229
45 238
45 256
45 297
45 300
45 303
45 450
45 485
47 2
47 31
47 58
47 98
47 127
47 200
47 209
47 225
47 450
48 42
48 97
48 105
48 265
48 424
48 431
49 50
49 120
49 127
49 156
49 157
49 183
49 191
49 225
49 226
49 261
49 266
49 287
49 347
49 426
49 443
50 60
50 81
50 100
50 110
50 124
50 127
50 272
50 295
50 372
50 397
50 432
50 443
50 496
53 33
53 34
53 47
53 77
53 81
53 86
53 124
53 152
53 209
53 232
53 239
53 300
53 437
53 465
53 482
53 484
53 498
58 53
58 66
58 80
58 211
58 300
58 330
58 372
58 414
58 428
59 16
59 86
59 142
59 256
59 320
59 373
60 266
60 435
60 470
61 6
61 35
61 69
61 90
61 228
61 229
61 232
61 256
61 295
61 401
61 428
61 441
62 31
62 100
62 212
62 266
62 308
65 83
65 217
65 364
65 420
65 471
66 6
66 49
66 79
66 84
66 86
66 134
66 155
66 205
66 215
66 229
66 307
66 329
66 330
66 342
66 361
66 369
66 386
66 401
66 419
66 467
69 13
69 33
69 65
69 127
69 131
69 155
69 200
69 211
69 336
69 367
69 395
69 435
69 447
69 486
71 16
71 53
71 60
71 134
71 203
71 217
72 65
72 71
72 320
72 495
73 113
73 205
73 282
74 31
74 90
74 124
74 136
74 155
74 243
74 271
74 392
74 437
77 132
77 200
77 433
77 455
79 308
79 401
79 471
80 7
80 16
80 136
80 330
80 467
81 47
81 109
81 111
81 116
81 132
81 191
81 201
81 205
81 381
83 326
83 439
84 33
84 261
84 280
84 337
85 94
85 98
85 111
85 156
85 172
85 246
85 254
85 265
85 330
85 335
85 347
85 391
86 6
86 16
86 32
86 48
86 185
86 437
86 441
86 450
89 42
89 228
89 237
89 250
90 10
90 223
90 295
90 330
90 371
90 493
92 27
92 59
92 309
93 159
93 272
93 297
93 485
94 33
94 79
94 81
94 111
94 139
94 226
94 234
94 474
96 93
96 124
96 127
96 441
97 129
97 205
97 232
97 337
97 392
98 127
98 153
98 211
98 225
98 226
98 234
98 390
98 471
99 50
99 90
99 96
99 156
99 210
99 320
99 330
99 425
99 447
100 36
100 128
100 217
100 241
100 309
100 441
104 153
104 233
104 285
104 332
104 395
105 10
105 33
105 45
105 66
105 124
105 207
105 209
105 276
105 383
105 391
105 441
105 451
105 474
107 33
107 90
107 134
107 174
107 243
107 266
107 271
107 321
109 94
109 96
109 191
109 212
109 222
109 265
109 266
109 332
109 469
109 497
110 37
110 99
110 107
110 124
110 139
110 205
110 280
110 332
110 451
111 61
111 124
111 127
111 172
111 191
111 226
111 235
111 250
111 256
111 289
111 311
111 329
111 419
111 425
111 435
113 134
113 186
113 223
113 290
113 335
113 361
113 420
113 426
113 427
116 69
116 86
116 132
116 200
116 259
116 403
116 437
116 485
119 31
119 97
119 175
119 205
119 303
120 10
120 12
120 61
120 93
120 129
120 205
120 267
120 278
120 280
120 295
120 303
120 325
120 493
123 295
123 497
124 80
124 81
124 85
124 134
124 142
124 158
124 200
124 226
124 235
124 238
124 254
124 285
124 289
124 367
124 414
124 425
124 450
126 207
126 350
127 2
127 13
127 83
127 105
127 124
127 155
127 172
127 191
127 205
127 207
127 209
127 211
127 217
127 226
127 229
127 235
127 246
127 419
127 425
127 426
127 450
127 451
127 465
127 474
128 36
128 144
128 153
128 212
128 261
128 332
128 347
129 7
129 42
129 226
129 282
131 29
131 111
131 123
131 128
131 191
131 226
131 272
131 474
131 484
132 47
132 61
132 94
132 364
132 403
132 451
132 467
132 483
134 81
134 110
134 210
134 474
136 94
136 210
136 250
136 367
139 49
139 196
139 246
139 394
139 461
139 471
139 486
142 90
142 94
142 172
142 205
142 224
142 254
142 272
142 289
142 308
142 432
144 119
144 123
144 265
144 425
144 497
148 232
148 272
148 298
148 329
148 381
148 441
148 448
152 74
152 99
152 127
152 155
152 196
152 234
152 321
153 12
153 36
153 49
153 65
153 69
153 79
153 80
153 155
153 173
153 177
153 232
153 238
153 243
153 290
153 337
153 401
153 439
155 29
155 33
155 47
155 49
155 50
155 79
155 85
155 156
155 209
155 212
155 225
155 234
155 342
155 424
155 425
155 439
155 493
156 104
156 120
156 250
156 369
157 43
157 48
157 168
157 175
157 205
157 336
157 359
157 482
158 84
158 153
158 238
158 265
158 290
158 378
158 386
158 426
158 435
159 215
159 235
159 271
159 272
159 397
159 401
159 414
168 77
168 99
168 210
168 246
168 392
170 31
170 174
170 185
170 261
170 272
172 33
172 45
172 49
172 69
172 109
172 113
172 124
172 136
172 211
172 224
172 250
172 287
172 367
172 419
172 447
172 455
172 461
172 471
173 159
173 168
173 175
173 476
174 58
174 93
174 278
174 297
174 394
174 427
174 467
175 27
175 100
175 259
175 326
175 369
175 397
175 435
177 12
177 72
177 229
177 335
177 336
183 12
183 69
183 113
183 124
183 142
183 209
183 239
183 308
183 334
183 448
183 483
184 191
184 225
184 237
184 303
184 451
185 12
185 157
185 159
185 241
185 254
185 391
186 42
186 285
189 111
189 113
189 136
189 210
190 16
190 152
190 246
191 34
191 47
191 48
191 50
191 53
191 225
191 235
191 246
191 265
191 359
191 364
191 397
191 425
191 443
191 469
193 10
193 202
193 469
193 470
196 66
196 96
196 99
196 144
196 228
196 291
196 330
196 431
196 465
196 474
200 45
200 50
200 53
200 111
200 126
200 127
200 131
200 132
200 172
200 183
200 205
200 209
200 211
200 229
200 234
200 241
200 254
200 287
200 298
200 300
200 330
200 342
200 364
200 386
201 79
201 203
201 298
201 403
201 443
201 498
202 448
205 45
205 62
205 85
205 90
205 96
205 175
205 196
205 222
205 238
205 243
205 256
205 261
205 419
205 447
205 474
205 480
207 31
207 33
207 42
207 45
207 142
207 174
207 276
207 303
207 410
207 431
207 441
207 450
207 461
209 61
209 65
209 94
209 232
209 246
209 265
209 272
209 275
209 321
209 425
209 439
209 450
209 467
210 287
210 330
210 499
211 10
211 27
211 367
211 382
211 414
211 499
212 123
212 183
212 215
212 225
212 392
214 134
214 142
214 174
214 275
214 369
215 10
215 16
215 31
215 32
215 36
215 109
215 174
215 259
215 321
215 426
217 98
217 233
217 243
217 361
222 18
222 159
222 332
222 435
222 443
223 53
223 360
224 226
224 234
224 298
224 326
224 329
224 397
224 461
224 467
225 190
225 201
225 265
225 347
225 394
225 425
226 33
226 50
226 110
226 142
226 185
226 189
226 215
226 256
226 266
226 276
226 287
226 372
226 443
228 90
228 124
228 155
228 186
228 211
228 212
228 243
228 254
228 275
228 342
228 350
228 382
228 492
229 16
229 33
229 50
229 53
229 73
229 94
229 136
229 172
229 276
229 308
229 386
229 447
229 467
232 1
232 65
232 105
232 172
232 200
232 265
232 342
232 361
232 480
232 490
233 43
233 144
233 275
233 285
233 441
233 448
233 459
233 471
233 480
234 81
234 256
234 259
234 386
234 403
234 437
234 447
234 485
235 13
235 33
235 37
235 38
235 50
235 100
235 142
235 153
235 158
235 172
235 200
235 256
235 265
235 347
235 414
235 424
235 427
235 450
235 471
235 480
237 100
237 214
237 275
237 334
237 342
237 392
237 424
238 29
238 48
238 66
238 113
238 174
238 214
238 256
238 391
238 426
238 474
238 480
239 34
239 94
239 132
239 152
239 246
239 254
239 271
239 285
239 410
239 437
241 109
241 159
241 175
241 202
241 256
241 287
241 397
243 104
243 120
243 155
243 200
243 311
243 334
243 335
243 414
243 480
243 482
246 16
246 32
246 69
246 74
246 111
246 172
246 175
246 189
246 238
246 256
246 265
246 369
246 371
246 391
246 439
246 476
250 120
250 201
250 435
250 480
254 32
254 48
254 109
254 126
254 127
254 191
254 256
254 265
254 276
254 326
254 334
254 382
254 424
254 437
254 441
254 451
256 38
256 48
256 65
256 74
256 127
256 131
256 139
256 200
256 229
256 259
256 265
256 280
256 287
256 367
256 401
256 428
259 35
259 45
259 141
259 173
259 200
259 483
261 100
261 104
261 111
261 350
261 361
261 391
265 32
265 79
265 94
265 124
265 157
265 200
265 226
265 234
265 276
265 329
265 439
265 448
265 471
266 31
266 128
266 175
266 235
266 254
266 297
266 335
266 361
267 31
267 32
267 49
271 32
271 189
271 278
271 289
271 391
271 433
272 110
272 129
272 144
272 157
272 183
272 191
272 207
272 325
272 364
275 183
275 203
275 224
275 403
275 485
276 90
276 109
276 113
276 172
276 175
276 232
276 361
276 371
276 409
276 469
276 474
276 496
278 107
278 189
278 243
278 335
279 85
279 111
279 120
279 225
279 289
279 295
279 332
279 376
279 469
280 80
280 111
280 200
280 210
280 282
280 439
280 450
282 243
282 360
282 494
285 32
285 96
285 105
285 120
285 174
285 347
285 361
287 42
287 66
287 111
287 116
287 120
287 127
287 243
287 311
287 367
287 451
287 497
289 109
289 123
289 215
289 223
289 372
290 241
290 335
291 6
291 12
291 61
291 86
291 148
291 451
291 474
295 111
295 155
295 196
295 210
295 266
295 289
295 399
296 120
296 157
297 111
297 223
297 325
297 347
298 1
298 126
298 205
298 367
298 471
299 29
299 287
300 50
300 83
300 209
300 222
300 329
300 482
303 66
303 139
303 265
303 280
307 191
307 300
307 401
307 467
307 499
308 40
308 156
308 275
308 330
308 486
309 104
309 191
309 261
309 311
309 469
311 184
311 291
311 347
311 378
311 425
311 470
311 494
320 94
320 158
320 193
320 212
320 215
321 85
321 229
325 469
325 497
326 48
326 97
326 215
326 246
326 265
326 308
329 98
329 116
329 123
329 172
329 201
329 373
329 386
329 461
329 471
329 484
329 490
330 32
330 33
330 38
330 100
330 111
330 113
330 128
330 142
330 203
330 229
330 243
330 391
330 414
332 159
332 191
332 201
332 265
332 300
332 493
334 427
334 439
335 136
335 153
335 157
335 185
335 267
335 426
335 480
336 80
336 126
336 153
336 205
336 414
337 65
337 98
337 148
337 437
342 32
342 104
342 107
342 300
342 467
347 13
347 127
347 174
347 278
347 303
347 385
347 401
347 428
347 480
359 16
359 190
360 53
360 239
361 58
361 65
361 98
361 124
361 144
361 155
361 222
361 308
361 330
364 34
364 66
364 113
364 127
364 129
364 148
364 174
364 177
364 205
364 211
364 232
364 238
364 307
364 311
364 335
364 367
364 382
364 386
364 428
364 447
364 474
367 27
367 61
367 116
367 246
367 369
367 419
367 439
367 495
369 6
369 73
369 158
369 335
369 419
369 450
371 29
371 99
371 170
371 369
371 455
372 53
372 136
372 232
372 266
372 485
373 13
373 43
373 92
373 153
373 156
373 234
373 451
373 474
376 107
376 369
376 451
376 485
377 77
377 85
377 385
377 490
377 492
378 34
378 38
378 155
378 335
378 471
381 214
381 297
381 432
381 437
381 480
382 2
382 61
382 120
382 200
382 381
382 447
