1	66
1	198
1	248
1	254
1	309
1	350
1	404
1	415
1	432
1	442
1	511
1	532
1	544
1	556
1	597
1	749
1	797
1	813
1	848
1	892
1	925
8	1
8	77
8	309
8	466
8	612
8	661
8	679
8	929
8	938
9	17
9	80
9	103
9	179
9	222
9	301
9	351
9	451
9	554
9	580
9	588
9	609
9	646
9	687
9	702
9	704
9	797
9	819
9	895
9	962
9	974
10	762
10	784
10	882
10	883
10	920
10	941
10	982
11	71
11	130
11	137
11	297
11	308
11	501
11	550
11	835
13	36
13	328
13	452
17	50
17	54
17	55
17	192
17	231
17	260
17	282
17	326
17	377
17	469
17	491
17	537
17	628
17	654
17	659
17	693
17	699
17	863
17	925
19	39
19	41
19	42
19	137
19	270
19	630
19	740
19	848
19	907
19	959
20	385
20	456
20	459
20	581
20	748
20	797
20	852
20	951
20	958
21	309
21	404
23	376
23	461
23	931
25	9
25	203
25	248
25	401
25	415
25	461
25	486
25	989
26	20
26	126
26	176
26	214
26	271
26	404
26	414
26	532
26	570
26	637
26	647
26	755
26	786
26	861
26	949
29	449
29	568
29	597
29	784
29	918
33	52
33	152
33	239
33	338
33	414
33	480
33	517
33	532
33	580
33	607
33	646
33	687
33	729
33	768
33	920
33	931
33	967
36	58
36	122
36	534
36	564
36	798
36	809
36	943
38	179
38	623
38	797
38	814
38	916
39	38
39	516
41	673
41	818
42	137
42	162
42	179
42	189
42	223
42	498
42	570
42	580
42	687
44	337
44	418
44	621
44	830
44	890
44	917
44	981
45	41
45	211
45	390
45	634
45	853
50	9
50	66
50	103
50	131
50	174
50	260
50	269
50	278
50	308
50	345
50	365
50	376
50	418
50	654
50	658
50	759
52	13
52	118
52	126
52	305
52	573
52	683
52	696
52	703
52	727
52	745
52	815
53	17
53	184
53	187
53	698
53	863
54	76
54	110
54	146
54	211
54	404
54	469
54	588
54	623
54	729
54	766
54	935
55	302
55	625
55	853
56	326
56	455
56	850
58	9
58	50
58	157
58	186
58	282
58	439
58	469
58	491
58	517
58	665
58	916
58	931
58	974
59	137
59	184
59	683
59	695
59	755
60	178
60	320
60	528
63	77
63	121
63	221
63	448
63	544
63	625
63	631
63	665
63	746
63	820
63	841
63	882
63	892
63	908
63	929
63	965
64	641
64	757
65	217
65	430
65	498
66	137
66	207
66	209
66	300
66	414
66	476
66	637
67	66
67	80
67	90
67	192
67	195
67	284
67	305
67	357
67	376
67	461
67	548
67	550
67	605
67	636
67	646
67	654
67	674
67	797
67	869
67	893
67	950
71	147
71	269
71	272
71	384
71	782
71	982
73	36
73	126
73	281
73	321
73	357
73	376
73	414
73	421
73	436
73	528
73	532
73	603
73	699
73	727
73	737
73	803
73	882
74	282
74	350
74	390
74	430
74	566
74	608
74	656
76	77
76	106
76	214
76	221
76	265
76	355
76	357
76	364
76	498
76	508
76	548
76	594
76	634
76	654
76	839
76	848
76	908
76	917
76	931
77	17
77	194
77	197
77	301
77	350
77	410
77	415
77	548
77	554
77	577
77	699
77	820
77	891
77	917
77	967
77	978
80	365
80	377
80	417
80	476
80	480
80	704
80	765
80	767
80	896
80	944
83	246
83	275
83	430
83	526
83	777
86	494
86	614
86	666
86	768
87	44
87	306
87	451
87	595
87	643
87	878
87	931
90	80
90	198
90	350
90	436
90	618
90	658
90	666
90	786
90	980
95	10
95	33
95	205
95	209
95	217
95	258
95	369
95	401
95	443
95	554
95	564
95	749
95	814
95	882
95	893
95	968
99	112
99	181
99	369
99	511
103	265
103	637
106	147
106	254
106	288
106	337
106	421
106	532
106	614
106	659
106	831
107	254
107	377
107	844
107	953
110	33
110	44
110	306
110	635
111	63
111	147
111	162
111	179
111	186
111	246
111	365
111	392
111	554
111	602
111	693
111	766
111	784
111	813
111	895
111	918
111	923
111	925
112	382
112	751
112	819
112	830
118	67
118	365
118	457
118	491
118	526
118	528
118	573
118	587
118	660
118	784
118	792
118	840
118	886
118	900
118	910
118	959
121	1
121	459
121	480
121	573
121	695
121	703
121	869
122	63
122	216
122	382
122	469
122	491
122	646
122	704
122	753
122	815
122	818
126	66
126	110
126	357
126	414
126	415
126	449
126	532
126	588
126	699
126	755
126	838
126	895
129	66
129	525
130	224
130	423
130	558
130	673
131	1
131	95
131	197
131	246
131	250
131	314
131	376
131	448
131	459
131	526
131	528
131	554
131	598
131	627
131	660
131	737
131	883
131	920
131	932
131	938
131	941
131	949
137	74
137	80
137	282
137	320
137	414
137	511
137	554
137	717
137	748
137	755
137	774
137	896
146	875
146	935
147	56
147	67
147	785
147	892
148	80
148	271
148	465
148	538
148	612
152	54
152	191
152	198
152	216
152	415
152	429
152	516
155	882
157	60
157	66
157	73
157	250
157	278
157	282
157	376
157	491
157	612
157	635
157	660
157	679
157	699
157	890
157	917
159	189
159	226
159	548
159	607
162	87
162	317
162	351
162	432
162	511
162	580
162	607
162	743
162	831
162	962
173	59
173	122
173	129
173	159
173	612
173	685
173	941
174	122
174	129
174	173
174	246
174	506
174	554
174	556
174	749
174	753
174	848
174	912
174	928
174	982
176	36
176	544
176	600
176	647
176	813
176	928
176	998
178	308
178	382
178	503
179	77
179	181
179	254
179	351
179	414
179	429
179	494
179	532
179	559
179	627
179	693
179	724
179	895
179	981
181	265
183	126
183	309
183	528
184	496
184	568
184	665
184	737
184	838
185	378
186	1
186	19
186	173
186	198
186	223
186	226
186	278
186	282
186	284
186	309
186	415
186	429
186	480
186	485
186	532
186	577
186	630
186	632
186	634
186	724
186	755
186	764
186	766
186	838
186	925
187	39
187	459
187	634
187	639
189	9
189	29
189	322
189	441
191	10
191	76
191	197
191	270
191	436
191	456
191	516
191	727
191	786
191	883
192	29
192	131
192	317
192	429
192	601
192	766
192	774
192	788
192	827
192	835
192	959
194	282
194	570
194	811
194	907
195	118
195	162
195	918
197	66
197	67
197	112
197	271
197	350
197	377
197	555
197	573
197	665
197	830
198	271
198	415
198	437
198	449
198	589
198	630
198	695
198	729
198	835
198	875
198	880
199	9
199	950
203	317
203	684
203	782
204	44
204	181
204	232
204	328
204	443
204	483
204	654
204	666
204	746
204	751
204	807
204	928
204	932
204	941
204	982
205	1
205	50
205	80
205	103
205	179
205	186
205	268
205	278
205	302
205	314
205	399
205	548
205	704
205	838
205	882
205	895
205	925
205	949
205	958
205	959
205	982
207	198
207	204
207	319
207	363
207	679
209	1
209	122
209	221
209	308
209	377
209	508
209	612
209	662
209	699
209	759
211	73
211	300
211	365
211	382
211	491
211	727
211	882
211	944
213	25
213	131
213	146
213	429
213	506
213	583
213	784
213	840
213	978
214	337
214	476
214	577
214	674
214	762
214	950
216	192
216	436
216	839
216	892
216	982
217	17
217	29
217	390
217	484
217	517
217	523
217	555
217	573
217	636
217	753
217	834
218	383
221	36
221	59
221	191
221	498
221	503
221	534
221	545
221	675
221	880
222	26
222	41
222	360
222	496
222	532
222	703
222	737
222	786
222	841
223	50
223	173
223	278
223	597
223	618
223	668
223	749
223	771
223	907
223	981
223	989
224	231
224	383
224	594
224	788
226	54
226	58
226	197
226	258
226	282
226	362
226	827
226	982
227	76
227	148
227	194
227	319
227	598
227	729
229	64
229	257
229	591
231	66
231	87
231	314
231	377
231	415
231	548
231	848
231	861
231	938
232	111
232	184
232	254
232	302
232	320
232	401
232	511
232	517
232	573
232	685
232	797
232	978
233	511
233	695
233	755
233	908
236	29
236	194
236	920
239	99
239	269
239	362
239	364
239	892
239	989
245	207
245	390
245	442
245	564
245	568
245	789
246	17
246	33
246	122
246	258
246	281
246	317
246	365
246	390
246	430
246	526
246	532
246	737
246	786
246	797
246	815
246	830
246	941
246	951
246	965
246	974
248	271
248	326
248	478
248	523
248	696
248	917
250	52
250	173
250	186
250	345
250	442
250	526
250	541
250	584
250	813
250	912
250	946
250	964
250	987
251	13
251	245
251	541
251	635
251	907
254	9
254	52
254	162
254	216
254	392
254	414
254	415
254	498
254	517
254	579
254	580
254	654
254	685
254	762
254	835
254	883
254	981
257	42
257	74
257	429
257	469
257	646
257	647
257	687
257	878
257	891
258	50
258	54
258	64
258	111
258	221
258	254
258	269
258	369
258	527
258	528
258	587
258	784
258	909
258	962
260	29
260	63
260	130
260	226
260	282
260	320
260	548
260	912
260	953
263	965
265	254
268	9
268	10
268	314
268	322
268	363
268	650
268	699
268	702
268	929
269	270
269	358
269	501
269	548
269	943
270	106
270	229
270	429
271	77
271	273
271	526
271	564
271	636
271	654
271	785
271	928
271	950
272	52
272	390
272	449
272	516
272	573
272	614
272	629
272	782
272	813
273	192
273	216
273	282
273	494
273	628
273	790
273	807
273	998
275	383
275	418
275	570
275	882
275	893
275	946
277	204
277	226
277	268
277	423
277	675
278	1
278	9
278	55
278	111
278	131
278	174
278	232
278	369
278	430
278	437
278	485
278	541
278	554
278	564
278	608
278	630
278	724
278	755
278	757
278	784
278	815
278	909
278	982
279	231
279	538
279	618
279	629
279	967
279	998
281	319
281	654
281	675
281	727
281	731
281	783
281	891
281	996
282	1
282	77
282	126
282	179
282	192
282	205
282	275
282	278
282	281
282	309
282	314
282	350
282	376
282	382
282	390
282	414
282	415
282	461
282	491
282	494
282	517
282	545
282	548
282	564
282	581
282	597
282	598
282	625
282	675
282	724
282	764
282	784
282	788
282	797
282	815
282	861
282	883
282	895
282	917
282	967
284	449
284	852
284	928
288	194
288	254
288	423
288	646
289	217
289	393
289	598
289	635
289	679
289	694
289	733
289	764
290	159
290	179
290	284
290	423
290	452
290	784
290	925
290	982
297	216
297	625
297	776
297	841
297	908
297	998
299	36
300	54
300	77
300	192
300	260
300	321
300	660
300	785
300	882
300	935
300	938
300	974
300	982
301	11
301	50
301	452
301	605
301	607
301	771
302	254
302	357
302	476
302	583
302	852
304	137
304	692
304	715
304	786
305	106
305	110
305	272
305	299
305	326
305	327
305	412
305	679
306	9
306	118
306	254
306	365
306	429
306	436
306	449
306	631
306	705
306	740
308	80
308	603
308	609
308	627
308	786
308	797
308	848
308	883
308	981
309	67
309	106
309	148
309	157
309	192
309	305
309	326
309	350
309	415
309	429
309	491
309	554
309	616
309	654
309	702
309	729
309	844
310	137
310	415
310	580
310	591
314	17
314	103
314	192
314	246
314	279
314	365
314	377
314	385
314	414
314	548
314	566
314	641
314	746
314	848
317	52
317	369
317	384
317	415
317	580
317	591
317	673
317	776
317	782
317	820
317	932
319	66
319	95
319	211
319	248
319	269
319	317
319	350
319	357
319	384
319	403
319	415
319	443
319	490
319	659
319	739
319	980
320	118
320	221
320	273
320	573
320	762
320	892
320	894
320	918
320	974
321	71
321	483
321	872
321	909
322	213
322	713
323	33
323	284
323	430
323	489
323	607
323	894
326	179
326	384
326	424
326	443
326	448
326	486
326	603
326	614
326	628
326	786
326	929
327	17
327	393
327	483
327	783
328	110
328	338
328	430
328	756
337	564
337	647
337	745
337	792
337	818
338	430
338	769
338	987
343	376
343	380
343	511
343	789
343	989
345	121
345	186
345	412
345	488
345	675
345	739
347	756
350	179
350	248
350	254
350	376
350	495
350	654
350	740
350	764
350	839
350	848
350	877
350	883
350	900
351	33
351	598
351	703
351	745
351	861
351	893
351	927
352	297
352	820
355	152
355	198
355	433
355	544
355	727
355	819
357	26
357	222
357	251
357	289
357	309
357	570
357	627
357	630
357	631
357	797
357	841
358	118
358	484
358	844
360	495
360	498
360	548
360	703
360	891
362	236
362	328
362	448
362	658
362	762
362	848
363	306
363	362
363	698
363	748
364	466
364	516
364	928
365	17
365	222
365	382
365	491
365	544
365	588
365	666
365	751
365	813
365	910
369	437
369	548
369	724
376	9
376	17
376	42
376	52
376	179
376	222
376	260
376	278
376	317
376	326
376	351
376	446
376	469
376	483
376	491
376	526
376	527
376	532
376	554
376	573
376	607
376	729
376	815
376	841
376	848
376	882
376	916
376	953
376	965
377	29
377	282
377	284
377	360
377	491
377	548
377	554
377	577
377	595
377	598
377	693
377	786
377	788
377	834
377	895
377	928
377	930
377	967
378	19
378	548
378	643
378	646
378	865
380	110
380	214
380	309
380	385
380	548
380	659
380	834
382	9
382	45
382	77
382	148
382	246
382	363
382	393
382	491
382	609
382	636
382	704
382	908
383	26
383	186
383	226
383	399
383	461
383	564
384	67
384	86
384	111
384	118
384	282
384	424
384	491
384	545
384	632
384	731
384	785
384	786
384	910
385	148
385	184
385	355
385	360
385	581
385	614
385	628
385	636
385	699
385	724
385	848
390	59
390	76
390	77
390	103
390	197
390	205
390	207
390	216
390	436
390	477
390	605
390	623
390	627
390	636
390	665
390	733
390	831
390	893
390	895
390	958
392	44
392	227
392	273
392	314
392	350
392	358
392	376
392	494
392	514
392	815
392	932
393	112
393	297
393	337
393	466
393	910
399	148
399	390
399	423
399	442
399	665
399	813
399	815
399	950
401	71
401	272
401	365
401	484
401	541
401	544
401	564
401	764
401	892
402	21
402	122
402	319
402	423
402	455
402	491
402	636
402	957
403	33
403	118
403	597
403	603
403	699
403	789
403	935
404	76
404	198
404	231
404	377
404	456
404	554
404	570
404	603
404	635
404	693
404	848
404	883
404	891
404	987
410	155
410	967
412	181
412	217
412	753
414	55
414	63
414	71
414	80
414	106
414	221
414	269
414	300
414	380
414	466
414	630
414	631
414	729
414	872
414	882
414	895
414	931
414	959
415	26
415	50
415	66
415	67
415	192
415	217
415	270
415	404
415	449
415	489
415	554
415	556
415	559
415	631
415	654
415	746
415	788
415	809
415	813
415	815
415	834
415	895
415	949
415	951
415	959
417	573
417	890
417	908
418	9
418	157
418	257
418	282
418	383
418	478
418	532
418	658
418	693
418	782
418	803
418	861
418	920
418	975
421	58
421	377
421	831
421	861
421	907
421	931
423	45
423	73
423	483
424	232
424	564
424	673
424	699
424	980
429	174
429	337
429	380
429	415
429	441
429	469
429	820
429	949
429	980
430	56
430	63
430	95
430	448
430	666
430	705
430	749
430	813
430	978
432	224
432	314
432	345
432	491
432	767
432	768
432	950
432	952
433	58
433	310
433	494
433	838
436	811
436	935
437	95
437	183
437	740
437	749
437	797
437	918
439	179
439	343
439	580
439	614
439	639
439	685
439	724
439	798
439	892
441	39
441	257
441	271
441	306
441	433
441	628
441	687
441	840
441	878
441	929
442	111
442	369
442	478
442	534
442	665
442	958
443	1
443	41
443	424
443	491
443	526
443	554
443	636
443	696
443	768
443	909
443	920
446	211
446	288
446	417
446	844
446	890
448	74
448	417
448	488
448	489
448	529
448	646
448	661
448	665
448	733
448	743
448	784
449	33
449	157
449	273
449	278
449	631
449	765
449	895
449	928
449	953
449	978
451	25
451	71
451	314
451	516
451	838
452	260
452	414
452	587
452	660
452	951
452	958
455	290
455	485
455	696
456	77
456	137
456	314
456	377
456	537
456	554
456	568
456	943
456	982
457	60
457	258
457	384
457	928
459	184
459	455
459	496
459	662
461	65
461	199
461	246
461	289
461	309
461	317
461	350
461	390
461	437
461	457
461	494
461	665
461	776
465	198
465	271
465	282
465	529
465	555
465	674
465	743
465	757
465	952
466	33
466	191
466	320
466	476
466	480
466	654
466	668
466	674
466	727
466	786
469	11
469	308
469	448
469	532
469	594
469	595
469	625
469	674
469	687
469	699
469	706
469	784
469	813
469	848
469	852
469	935
469	975
469	989
476	317
476	319
476	402
476	605
476	635
476	658
476	674
476	768
476	831
476	931
477	320
477	443
477	666
477	798
478	319
478	550
478	768
478	792
478	872
478	912
480	19
480	63
480	152
480	179
480	226
480	260
480	289
480	494
480	517
480	541
480	555
480	623
480	757
480	853
480	912
480	982
483	300
484	248
484	369
484	432
484	451
484	815
484	853
484	912
485	309
485	351
486	121
486	147
486	380
486	489
486	782
488	122
488	461
488	532
488	581
488	838
489	282
489	384
489	459
489	508
489	570
489	603
489	776
489	925
490	126
490	179
490	415
490	632
490	695
490	706
491	52
491	174
491	204
491	484
491	556
491	564
491	746
491	830
491	853
491	917
491	935
491	982
494	67
494	103
494	111
494	265
494	281
494	350
494	516
494	554
494	748
494	784
494	895
494	965
495	42
495	73
495	232
495	254
495	498
495	532
495	658
495	673
495	702
495	814
495	950
496	38
496	302
496	687
496	978
498	23
498	44
498	300
498	317
498	350
498	484
498	545
498	548
498	554
498	564
498	830
499	305
499	731
501	198
501	443
501	484
501	630
501	740
503	703
503	717
503	894
503	980
506	71
506	263
506	514
506	627
506	693
506	982
508	173
508	272
508	308
508	362
508	365
508	390
508	404
508	506
508	581
508	785
508	844
508	917
510	86
510	328
510	355
510	365
510	378
510	554
510	676
510	753
510	880
510	892
511	17
511	245
511	260
511	302
511	485
511	514
511	548
511	602
511	616
511	693
511	762
511	863
511	978
514	74
514	174
514	260
514	284
514	534
514	556
514	641
514	679
514	746
514	797
514	815
514	831
514	930
514	932
516	118
516	360
516	488
516	545
516	605
516	623
516	647
516	695
516	975
517	54
517	90
517	152
517	184
517	191
517	197
517	224
517	245
517	265
517	278
517	306
517	350
517	410
517	544
517	554
517	559
517	598
517	625
517	679
517	696
517	727
517	739
517	790
517	827
517	869
517	895
517	908
521	753
523	1
523	239
523	263
523	491
523	632
523	933
525	63
525	176
525	337
525	384
525	636
525	910
526	1
526	8
526	157
526	273
526	418
526	466
526	523
526	532
526	612
526	616
526	654
526	699
526	733
526	737
526	785
526	809
526	815
526	869
526	895
527	110
527	181
527	227
527	369
527	660
528	25
528	350
528	376
528	401
528	486
528	526
528	532
528	815
528	878
528	880
528	920
528	935
528	989
529	376
529	612
529	949
531	148
531	441
531	771
531	875
532	9
532	23
532	50
532	54
532	152
532	254
532	269
532	319
532	415
532	441
532	449
532	607
532	628
532	949
532	952
532	975
532	987
534	8
534	148
534	223
534	357
534	437
534	555
534	835
537	301
537	432
537	636
537	673
537	935
538	45
541	11
541	67
541	232
541	297
541	489
541	580
541	581
541	660
541	673
541	784
541	815
541	893
541	895
544	350
544	577
544	659
544	679
544	693
544	757
544	792
545	232
545	300
545	355
545	380
545	484
545	554
545	580
545	931
545	943
547	10
547	229
547	320
547	392
547	439
547	514
547	693
547	968
548	9
548	306
548	376
548	452
548	491
548	573
548	588
548	628
548	660
548	846
548	917
548	962
550	221
550	412
550	869
550	891
550	912
554	10
554	17
554	90
554	179
554	186
554	216
554	282
554	362
554	385
554	483
554	489
554	526
554	528
554	570
554	577
554	666
554	674
554	776
554	784
554	786
554	883
554	893
554	974
555	67
555	186
555	602
555	603
555	612
555	982
556	130
556	614
556	660
556	703
556	746
556	751
558	1
558	269
558	326
558	443
558	451
558	525
558	556
559	10
559	112
559	137
559	363
559	477
559	654
559	683
559	917
559	996
563	73
563	393
563	484
564	52
564	58
564	111
564	184
564	186
564	217
564	260
564	448
564	449
564	650
564	654
564	757
564	848
564	853
564	974
566	23
566	80
566	179
566	607
566	696
566	892
570	282
570	399
570	595
570	627
570	628
570	636
570	699
570	729
570	797
570	861
570	938
573	42
573	111
573	191
573	278
573	289
573	314
573	418
573	442
573	554
573	555
573	580
573	591
573	636
573	654
573	895
577	21
577	216
577	415
577	429
577	628
577	636
577	693
577	742
577	754
577	815
577	831
577	949
579	42
579	45
579	60
579	251
579	358
579	360
579	839
579	959
579	989
580	272
580	347
580	378
580	380
580	414
580	516
580	607
580	766
580	835
581	137
581	209
581	465
581	570
581	630
581	724
581	788
581	933
583	137
583	328
583	616
583	705
583	827
583	929
584	548
584	729
584	785
587	365
587	532
588	162
588	257
588	345
588	390
588	591
588	623
588	743
588	840
589	251
589	378
589	484
589	558
589	629
589	693
590	404
590	457
590	636
590	675
591	308
591	446
591	570
591	608
591	699
591	784
591	797
594	289
594	501
594	693
594	742
594	749
594	894
594	907
594	938
595	33
595	39
595	147
595	378
595	456
595	674
595	740
595	929
597	71
597	111
597	192
597	392
597	437
597	705
597	707
598	17
598	378
598	494
598	511
598	628
598	676
598	687
598	698
598	883
598	930
598	933
598	962
600	362
600	554
600	628
602	209
602	282
602	323
602	390
602	466
602	605
602	924
602	975
603	1
603	66
603	72
603	126
603	556
603	646
603	831
603	923
603	965
605	11
605	162
605	308
605	559
605	609
605	743
607	455
607	740
608	42
608	137
608	290
608	310
608	547
608	665
608	757
608	883
609	73
609	80
609	222
609	665
609	779
609	819
609	890
612	63
612	66
612	73
612	246
612	404
612	418
612	452
612	456
612	634
612	809
612	872
612	928
612	938
614	58
614	205
614	288
614	382
614	489
614	521
614	573
614	602
614	820
616	52
616	254
616	272
616	433
616	439
616	443
616	680
616	724
616	748
616	882
616	917
616	974
618	33
618	284
618	380
618	421
618	490
618	537
618	554
618	559
618	621
618	754
621	199
621	203
621	250
621	527
623	9
623	36
623	130
623	211
623	226
623	246
623	269
623	281
623	282
623	301
623	393
623	469
623	523
623	548
623	573
623	605
623	679
623	737
623	838
623	855
623	872
623	931
625	194
625	439
625	699
625	841
625	869
625	980
627	42
627	95
627	227
627	231
627	257
627	326
627	377
627	414
627	449
627	554
627	591
627	632
627	699
627	880
627	895
627	982
628	67
628	192
628	231
628	270
628	282
628	377
628	495
628	591
628	685
628	729
628	798
629	13
629	314
629	380
629	577
629	616
630	195
630	205
630	209
630	211
630	321
630	506
630	603
630	612
630	676
630	727
630	729
630	815
631	59
631	221
631	350
631	376
631	564
631	627
631	783
631	841
631	886
632	191
632	198
632	308
632	442
632	630
632	877
634	58
634	423
634	429
635	126
635	587
635	872
636	245
636	337
636	377
636	432
636	476
636	555
636	699
636	743
636	982
637	211
637	278
639	558
639	724
641	106
641	199
641	203
641	258
641	527
641	951
641	968
643	959
646	297
646	532
646	706
646	811
647	67
647	326
647	503
647	707
650	207
650	376
650	448
654	52
654	71
654	106
654	221
654	278
654	401
654	404
654	517
654	532
654	679
654	685
654	753
654	827
654	880
654	882
654	920
654	962
656	58
656	281
656	496
656	614
656	685
656	846
656	975
656	989
658	17
658	126
658	186
658	216
658	282
658	380
658	392
658	401
658	415
658	449
658	511
658	554
658	674
658	707
658	748
658	764
658	766
658	785
658	786
658	850
658	872
659	517
659	900
660	1
660	174
660	248
660	580
660	612
660	754
660	830
660	850
660	894
661	90
661	308
661	943
662	64
662	155
662	308
662	448
662	496
662	609
662	625
662	634
662	656
665	17
665	26
665	74
665	186
665	308
665	369
665	437
665	548
665	675
665	982
666	33
666	305
666	399
666	443
666	639
666	768
666	893
666	953
666	996
668	217
668	257
668	265
668	380
668	952
673	1
673	272
673	275
673	326
673	489
673	654
673	813
674	1
674	126
674	216
674	275
674	390
674	432
674	623
674	748
674	838
674	895
675	42
675	76
675	226
675	423
675	439
675	441
675	484
676	137
676	162
676	692
676	883
679	67
679	148
679	309
679	577
679	740
679	764
679	834
679	895
679	951
679	978
680	277
680	703
680	878
683	162
683	199
684	337
684	415
684	790
684	924
684	943
684	980
685	29
685	376
685	380
685	412
685	469
685	491
685	516
685	588
685	675
685	724
685	757
685	953
685	996
687	306
687	310
687	350
687	351
687	424
687	461
687	484
687	494
687	591
687	628
687	932
692	214
692	534
692	601
692	659
693	25
693	42
693	58
693	95
693	106
693	174
693	197
693	226
693	258
693	260
693	278
693	289
693	290
693	357
693	376
693	415
693	461
693	631
693	749
693	790
693	835
693	852
693	930
693	932
693	968
694	916
695	106
695	380
695	404
695	813
695	983
696	326
696	616
696	717
696	891
698	8
698	36
698	45
698	380
698	594
698	917
698	967
699	36
699	63
699	197
699	198
699	205
699	257
699	357
699	376
699	390
699	415
699	548
699	573
699	589
699	590
699	603
699	630
699	631
699	731
699	786
699	815
699	852
699	882
702	54
702	74
702	103
702	263
702	299
702	314
702	320
702	511
702	588
702	754
702	769
702	890
703	95
703	317
703	415
703	506
703	528
703	537
703	827
703	878
703	890
703	891
704	76
704	197
704	260
704	363
704	390
704	506
704	631
704	912
705	74
705	350
705	424
705	598
705	798
705	850
705	894
705	923
706	245
706	636
706	764
706	769
706	771
706	894
706	917
707	10
707	217
707	483
707	511
707	594
707	883
707	918
713	192
715	176
715	209
715	534
717	19
717	95
717	433
717	661
717	757
724	223
724	231
724	279
724	281
724	351
724	363
724	570
724	573
724	597
724	605
724	623
724	699
724	727
724	767
724	784
724	883
724	892
724	989
724	996
727	33
727	77
727	258
727	268
727	282
727	305
727	401
727	414
727	590
727	612
727	623
727	625
727	654
727	815
727	880
727	895
729	42
729	179
729	350
729	631
